chromosome	pos	ref	mut	APAW	Ana1	BedA	BedB	BedC	BedD	CipA	CipB	CipC	CLFA	CLFB	CLFC	CombA2	CombA3	CombA	CombAu1	CombAu3	CombAu5	CombB	CombC	CycloA	CycloB	CycloC	EMBA	EMBB	EMBC	INH1	INH2	INHA	LzdA	LzdB	LzdC	M91	M92	M9B	MA_F1	MA_F2	MA_F3	MA_H1	MA_H2	MA_H3	MA_S1	MA_S2	MA_S3	MMCA	MMCB	MMCC	MockA	MockB	MockC	MockD	MockE	MockF	MockG	MockH	MockI	MockJ	MockK	MockL	NANOA	NANOB	NANOC	RIFA	RIFB	RIFC	UV1	UV2	UV3	WT_Msm
Chromosome	7780	C	G	0.0	0.072	0.0	0.0	0.0	0.003	0.004	0.0	0.0	0.011	0.009	0.0	0.0	0.036	0.015	0.006	0.0	0.006	0.0	0.0	0.0	0.0	0.0	0.009	0.013	0.0	0.0	0.0	0.0	0.0	0.0	0.012	0.003	0.002	0.0	0.0	0.0	0.0	0.0	0.0	0.0	0.0	0.0	0.0	0.003	0.0	0.0	0.0	0.0	0.0	0.0	0.0	0.0	0.0	0.0	0.0	0.0	0.004	0.004	0.0	0.0	0.0	0.0	0.0	0.0	0.009	0.0	0.003	0.0	
Chromosome	7791	C	G	0.0	0.071	0.0	0.0	0.0	0.003	0.004	0.0	0.0	0.011	0.009	0.0	0.004	0.037	0.008	0.0	0.0	0.0	0.0	0.0	0.0	0.0	0.0	0.013	0.013	0.0	0.0	0.0	0.004	0.0	0.0	0.012	0.003	0.002	0.0	0.005	0.0	0.0	0.0	0.0	0.0	0.0	0.0	0.0	0.003	0.0	0.0	0.0	0.006	0.0	0.0	0.0	0.0	0.0	0.0	0.0	0.0	0.004	0.004	0.0	0.0	0.0	0.004	0.0	0.0	0.009	0.0	0.0	0.0	
Chromosome	57124	A	C	0.278	0.188	0.272	0.292	0.272	0.13	0.286	0.326	0.326	0.207	0.178	0.188	0.142	0.111	0.284	0.296	0.372	0.336	0.313	0.306	0.364	0.086	0.15	0.198	0.19	0.168	0.254	0.263	0.127	0.104	0.11	0.361	0.246	0.231	0.224	0.005	0.284	0.254	0.308	0.0	0.302	0.012	0.159	0.257	0.269	0.273	0.262	0.344	0.284	0.302	0.256	0.25	0.289	0.295	0.325	0.111	0.07	0.107	0.004	0.224	0.254	0.235	0.173	0.207	0.311	0.307	0.275	0.272	0.012	
Chromosome	99440	T	C	0.0	0.025	0.0	0.0	0.0	0.006	0.0	0.004	0.0	0.0	0.0	0.0	0.0	0.0	0.0	0.0	0.0	0.0	0.0	0.005	0.0	0.0	0.0	0.0	0.0	0.0	0.0	0.0	0.0	0.0	0.0	0.0	0.0	0.0	0.0	0.0	0.0	0.0	0.0	0.004	0.0	0.0	0.0	0.0	0.0	0.0	0.0	0.0	0.0	0.0	0.0	0.0	0.0	0.0	0.0	0.0	0.0	0.003	0.0	0.0	0.0	0.0	0.0	0.0	0.0	0.0	0.0	0.0	0.004	
Chromosome	167408	ACGGGCTCGG	A	0.013	0.064	0.0	0.0	0.0	0.01	0.004	0.006	0.0	0.005	0.0	0.009	0.014	0.008	0.011	0.008	0.013	0.017	0.006	0.013	0.004	0.004	0.003	0.005	0.013	0.0	0.008	0.004	0.005	0.011	0.013	0.009	0.013	0.011	0.0	0.0	0.005	0.0	0.0	0.006	0.0	0.006	0.0	0.0	0.011	0.006	0.004	0.008	0.006	0.007	0.0	0.0	0.0	0.014	0.0	0.0	0.007	0.009	0.01	0.003	0.006	0.009	0.017	0.006	0.008	0.0	0.0	0.0	0.007	
Chromosome	207774	A	G	0.003	0.035	0.11	0.123	0.095	0.0	0.013	0.0	0.0	0.009	0.004	0.004	0.004	0.026	0.0	0.09	0.084	0.085	0.077	0.066	0.004	0.007	0.0	0.0	0.0	0.004	0.006	0.003	0.014	0.004	0.0	0.012	0.0	0.007	0.0	0.0	0.0	0.0	0.026	0.0	0.006	0.0	0.0	0.005	0.003	0.003	0.0	0.077	0.057	0.109	0.109	0.122	0.083	0.078	0.125	0.0	0.005	0.003	0.005	0.003	0.0	0.0	0.0	0.012	0.0	0.004	0.0	0.0	0.011	
Chromosome	207777	C	CA	0.003	0.035	0.0	0.0	0.0	0.0	0.0	0.0	0.0	0.009	0.004	0.0	0.0	0.027	0.0	0.0	0.0	0.0	0.0	0.0	0.0	0.0	0.0	0.0	0.0	0.0	0.003	0.0	0.014	0.0	0.0	0.012	0.0	0.007	0.0	0.0	0.0	0.0	0.0	0.0	0.0	0.0	0.0	0.005	0.003	0.0	0.0	0.0	0.0	0.0	0.0	0.0	0.006	0.0	0.0	0.0	0.005	0.003	0.0	0.0	0.0	0.0	0.0	0.012	0.0	0.0	0.0	0.0	0.0	
Chromosome	207787	CT	C	0.009	0.043	0.006	0.0	0.006	0.003	0.007	0.0	0.0	0.019	0.009	0.004	0.0	0.026	0.01	0.007	0.013	0.0	0.0	0.017	0.0	0.0	0.004	0.0	0.005	0.013	0.003	0.0	0.018	0.004	0.009	0.017	0.009	0.009	0.006	0.01	0.015	0.006	0.005	0.014	0.018	0.005	0.014	0.005	0.006	0.007	0.004	0.008	0.013	0.0	0.006	0.012	0.012	0.014	0.014	0.0	0.014	0.016	0.01	0.003	0.003	0.004	0.004	0.012	0.0	0.008	0.0	0.007	0.027	
Chromosome	207792	C	T	0.003	0.043	0.0	0.0	0.0	0.0	0.0	0.0	0.0	0.014	0.005	0.0	0.0	0.028	0.0	0.0	0.0	0.0	0.0	0.0	0.0	0.0	0.0	0.0	0.0	0.0	0.003	0.0	0.013	0.0	0.005	0.009	0.0	0.005	0.0	0.0	0.0	0.0	0.0	0.0	0.0	0.0	0.0	0.005	0.003	0.0	0.0	0.0	0.0	0.0	0.0	0.0	0.0	0.0	0.0	0.0	0.005	0.003	0.0	0.0	0.0	0.0	0.0	0.013	0.0	0.004	0.0	0.0	0.0	
Chromosome	213792	A	C	0.006	0.034	0.0	0.0	0.0	0.0	0.0	0.0	0.0	0.015	0.005	0.013	0.031	0.0	0.0	0.0	0.006	0.0	0.0	0.0	0.0	0.0	0.003	0.0	0.032	0.019	0.0	0.01	0.004	0.005	0.019	0.019	0.003	0.007	0.0	0.006	0.0	0.0	0.0	0.0	0.0	0.0	0.0	0.005	0.018	0.0	0.004	0.0	0.0	0.0	0.0	0.0	0.0	0.0	0.0	0.0	0.005	0.011	0.0	0.0	0.0	0.007	0.0	0.0	0.007	0.0	0.0	0.0	0.006	
Chromosome	213793	G	T	0.006	0.035	0.0	0.0	0.0	0.0	0.0	0.0	0.0	0.015	0.005	0.013	0.036	0.0	0.0	0.0	0.0	0.0	0.0	0.0	0.0	0.0	0.003	0.0	0.033	0.019	0.004	0.01	0.004	0.005	0.019	0.02	0.0	0.007	0.0	0.006	0.0	0.006	0.0	0.0	0.0	0.0	0.0	0.005	0.018	0.0	0.004	0.0	0.0	0.0	0.0	0.0	0.0	0.0	0.0	0.0	0.011	0.012	0.0	0.0	0.0	0.007	0.0	0.0	0.003	0.0	0.0	0.0	0.0	
Chromosome	308638	T	G	0.209	0.164	0.153	0.102	0.155	0.103	0.23	0.255	0.273	0.143	0.199	0.134	0.098	0.054	0.185	0.106	0.195	0.214	0.109	0.175	0.16	0.09	0.157	0.162	0.136	0.181	0.17	0.229	0.121	0.155	0.126	0.268	0.178	0.214	0.217	0.0	0.297	0.22	0.212	0.0	0.227	0.0	0.089	0.224	0.213	0.234	0.214	0.228	0.155	0.15	0.231	0.145	0.152	0.193	0.212	0.042	0.095	0.131	0.0	0.216	0.244	0.173	0.152	0.223	0.27	0.193	0.233	0.231	0.0	
Chromosome	355225	T	C	0.0	0.191	0.0	0.0	0.0	0.0	0.0	0.0	0.0	0.0	0.0	0.0	0.0	0.0	0.0	0.0	0.0	0.0	0.0	0.0	0.0	0.0	0.0	0.0	0.0	0.0	0.003	0.0	0.0	0.0	0.0	0.0	0.0	0.0	0.0	0.0	0.0	0.0	0.0	0.0	0.0	0.0	0.0	0.0	0.0	0.0	0.0	0.0	0.0	0.0	0.0	0.0	0.0	0.0	0.0	0.0	0.0	0.0	0.0	0.0	0.0	0.0	0.0	0.0	0.0	0.0	0.0	0.0	0.0	
Chromosome	378900	C	A	0.0	0.24	0.0	0.0	0.0	0.0	0.0	0.0	0.0	0.005	0.0	0.0	0.0	0.0	0.0	0.0	0.0	0.0	0.0	0.0	0.004	0.0	0.0	0.0	0.0	0.004	0.003	0.0	0.004	0.0	0.0	0.0	0.0	0.0	0.0	0.0	0.0	0.0	0.0	0.0	0.0	0.0	0.0	0.0	0.0	0.0	0.002	0.0	0.0	0.0	0.0	0.0	0.0	0.0	0.0	0.0	0.0	0.0	0.0	0.006	0.0	0.0	0.0	0.0	0.0	0.0	0.0	0.003	0.0	
Chromosome	474524	T	G	0.006	0.039	0.0	0.014	0.029	0.004	0.004	0.005	0.006	0.013	0.009	0.0	0.012	0.021	0.026	0.0	0.006	0.0	0.006	0.0	0.019	0.0	0.007	0.009	0.006	0.0	0.003	0.0	0.004	0.005	0.009	0.009	0.003	0.005	0.0	0.005	0.004	0.01	0.008	0.005	0.0	0.0	0.0	0.005	0.0	0.0	0.004	0.023	0.019	0.0	0.018	0.0	0.0	0.01	0.014	0.0	0.007	0.007	0.005	0.002	0.0	0.003	0.009	0.013	0.0	0.003	0.0	0.003	0.007	
Chromosome	474528	T	C	0.003	0.039	0.0	0.0	0.0	0.0	0.0	0.0	0.0	0.013	0.005	0.0	0.008	0.014	0.0	0.0	0.0	0.0	0.006	0.0	0.008	0.005	0.004	0.009	0.0	0.0	0.0	0.0	0.004	0.0	0.0	0.0	0.0	0.0	0.0	0.0	0.0	0.0	0.0	0.0	0.0	0.0	0.0	0.0	0.0	0.0	0.004	0.0	0.0	0.0	0.0	0.0	0.0	0.0	0.0	0.0	0.007	0.0	0.0	0.0	0.0	0.0	0.005	0.0	0.0	0.0	0.0	0.0	0.0	
Chromosome	474529	G	A	0.003	0.039	0.0	0.0	0.0	0.0	0.0	0.0	0.0	0.017	0.005	0.0	0.008	0.014	0.0	0.0	0.0	0.0	0.0	0.0	0.008	0.0	0.004	0.009	0.0	0.0	0.0	0.0	0.004	0.0	0.0	0.0	0.0	0.0	0.0	0.0	0.0	0.0	0.0	0.0	0.0	0.0	0.0	0.0	0.0	0.0	0.004	0.0	0.0	0.0	0.0	0.0	0.0	0.0	0.0	0.0	0.007	0.0	0.0	0.0	0.0	0.0	0.004	0.0	0.0	0.0	0.0	0.0	0.0	
Chromosome	474533	C	A	0.006	0.033	0.0	0.0	0.0	0.004	0.0	0.0	0.0	0.022	0.004	0.0	0.008	0.014	0.0	0.0	0.0	0.0	0.0	0.0	0.007	0.0	0.004	0.009	0.0	0.004	0.0	0.0	0.003	0.0	0.0	0.005	0.003	0.0	0.0	0.0	0.0	0.0	0.0	0.0	0.0	0.0	0.0	0.0	0.003	0.003	0.004	0.0	0.0	0.0	0.0	0.0	0.0	0.0	0.0	0.0	0.007	0.0	0.0	0.0	0.003	0.0	0.004	0.0	0.004	0.0	0.0	0.0	0.0	
Chromosome	536729	A	T	0.0	0.038	0.0	0.0	0.0	0.004	0.004	0.005	0.0	0.0	0.0	0.0	0.004	0.013	0.028	0.0	0.0	0.008	0.0	0.0	0.0	0.0	0.0	0.0	0.004	0.004	0.0	0.003	0.011	0.013	0.004	0.005	0.003	0.0	0.0	0.0	0.004	0.0	0.0	0.0	0.0	0.0	0.0	0.004	0.0	0.0	0.002	0.0	0.0	0.0	0.0	0.0	0.0	0.0	0.0	0.0	0.0	0.007	0.0	0.0	0.0	0.006	0.0	0.0	0.0	0.003	0.0	0.0	0.0	
Chromosome	536730	A	T	0.003	0.038	0.0	0.0	0.0	0.004	0.0	0.0	0.0	0.0	0.004	0.0	0.004	0.013	0.029	0.0	0.005	0.0	0.0	0.0	0.0	0.0	0.0	0.0	0.008	0.0	0.003	0.0	0.011	0.008	0.004	0.0	0.003	0.0	0.0	0.0	0.0	0.0	0.004	0.0	0.0	0.0	0.0	0.0	0.0	0.0	0.0	0.0	0.0	0.0	0.0	0.0	0.0	0.006	0.0	0.0	0.0	0.003	0.0	0.002	0.0	0.005	0.0	0.0	0.003	0.003	0.0	0.0	0.0	
Chromosome	710353	A	AG	0.0	0.142	0.0	0.0	0.0	0.0	0.0	0.0	0.0	0.0	0.0	0.0	0.004	0.0	0.0	0.0	0.0	0.0	0.0	0.0	0.0	0.0	0.0	0.0	0.21	0.0	0.0	0.0	0.0	0.0	0.0	0.0	0.0	0.0	0.0	0.0	0.0	0.0	0.0	0.0	0.005	0.005	0.0	0.0	0.0	0.0	0.0	0.0	0.0	0.0	0.0	0.0	0.0	0.0	0.0	0.0	0.0	0.004	0.0	0.003	0.0	0.0	0.0	0.004	0.0	0.0	0.0	0.0	0.0	
Chromosome	768630	AC	A	0.01	0.038	0.02	0.007	0.007	0.016	0.01	0.013	0.013	0.004	0.0	0.004	0.037	0.054	0.0	0.0	0.034	0.007	0.006	0.014	0.018	0.016	0.012	0.009	0.008	0.005	0.013	0.022	0.009	0.022	0.01	0.025	0.01	0.015	0.007	0.004	0.014	0.005	0.005	0.006	0.0	0.0	0.012	0.005	0.003	0.003	0.004	0.009	0.021	0.016	0.007	0.013	0.0	0.005	0.007	0.0	0.014	0.004	0.011	0.018	0.011	0.005	0.009	0.02	0.008	0.013	0.028	0.01	0.007	
Chromosome	768632	G	T	0.003	0.032	0.0	0.0	0.0	0.008	0.01	0.0	0.0	0.0	0.0	0.0	0.014	0.045	0.0	0.0	0.0	0.0	0.0	0.007	0.005	0.01	0.0	0.005	0.004	0.005	0.0	0.0	0.0	0.005	0.0	0.013	0.0	0.005	0.0	0.0	0.0	0.005	0.0	0.0	0.0	0.0	0.0	0.0	0.0	0.0	0.0	0.0	0.0	0.0	0.0	0.0	0.0	0.0	0.0	0.0	0.0	0.004	0.0	0.002	0.0	0.0	0.0	0.01	0.0	0.0	0.0	0.0	0.0	
Chromosome	788001	A	C	0.258	0.136	0.252	0.202	0.325	0.092	0.229	0.282	0.281	0.195	0.235	0.206	0.113	0.154	0.267	0.263	0.231	0.264	0.222	0.145	0.264	0.057	0.196	0.176	0.258	0.222	0.25	0.234	0.195	0.131	0.113	0.288	0.253	0.249	0.193	0.005	0.275	0.309	0.269	0.008	0.266	0.0	0.16	0.243	0.263	0.269	0.268	0.238	0.21	0.25	0.28	0.206	0.255	0.148	0.183	0.024	0.072	0.098	0.005	0.244	0.241	0.231	0.142	0.157	0.268	0.263	0.257	0.277	0.007	
Chromosome	805837	T	A	0.003	0.036	0.0	0.0	0.0	0.0	0.0	0.0	0.0	0.009	0.004	0.004	0.008	0.024	0.0	0.0	0.012	0.0	0.005	0.0	0.013	0.0	0.0	0.0	0.0	0.008	0.0	0.0	0.016	0.005	0.024	0.004	0.003	0.005	0.0	0.0	0.0	0.005	0.0	0.0	0.0	0.0	0.0	0.0	0.007	0.003	0.002	0.0	0.006	0.0	0.0	0.0	0.0	0.0	0.0	0.0	0.0	0.0	0.0	0.0	0.0	0.0	0.0	0.004	0.004	0.0	0.0	0.0	0.0	
Chromosome	866819	T	A	0.003	0.031	0.0	0.0	0.0	0.0	0.0	0.008	0.0	0.0	0.021	0.009	0.003	0.027	0.022	0.0	0.0	0.0	0.0	0.0	0.0	0.0	0.007	0.008	0.018	0.01	0.0	0.0	0.0	0.0	0.0	0.016	0.0	0.007	0.0	0.0	0.0	0.0	0.0	0.0	0.0	0.0	0.0	0.0	0.0	0.003	0.002	0.0	0.0	0.017	0.0	0.0	0.0	0.0	0.0	0.0	0.0	0.01	0.0	0.0	0.003	0.0	0.009	0.005	0.0	0.007	0.0	0.0	0.0	
Chromosome	866820	T	A	0.006	0.026	0.0	0.0	0.0	0.0	0.004	0.004	0.0	0.0	0.021	0.009	0.003	0.027	0.022	0.0	0.0	0.008	0.0	0.0	0.0	0.0	0.007	0.004	0.019	0.01	0.0	0.0	0.0	0.0	0.0	0.021	0.0	0.002	0.0	0.005	0.0	0.0	0.0	0.0	0.0	0.0	0.0	0.0	0.0	0.0	0.002	0.0	0.0	0.0	0.0	0.006	0.0	0.006	0.0	0.0	0.0	0.014	0.0	0.003	0.003	0.0	0.004	0.005	0.0	0.007	0.0	0.0	0.0	
Chromosome	1131753	C	G	0.0	0.031	0.0	0.0	0.0	0.0	0.0	0.0	0.0	0.005	0.0	0.009	0.008	0.024	0.0	0.0	0.0	0.0	0.0	0.0	0.0	0.0	0.0	0.005	0.005	0.005	0.003	0.0	0.007	0.005	0.004	0.0	0.003	0.0	0.0	0.0	0.0	0.0	0.0	0.0	0.0	0.0	0.0	0.0	0.0	0.004	0.0	0.0	0.0	0.0	0.0	0.0	0.0	0.0	0.0	0.0	0.004	0.0	0.0	0.0	0.0	0.0	0.0	0.008	0.0	0.0	0.0	0.0	0.0	
Chromosome	1131761	T	G	0.0	0.032	0.007	0.0	0.0	0.0	0.0	0.0	0.0	0.0	0.0	0.0	0.004	0.0	0.0	0.0	0.0	0.0	0.0	0.0	0.0	0.0	0.0	0.005	0.005	0.0	0.0	0.0	0.0	0.005	0.0	0.005	0.0	0.002	0.0	0.0	0.0	0.0	0.0	0.012	0.0	0.0	0.0	0.0	0.0	0.0	0.0	0.0	0.0	0.0	0.0	0.0	0.0	0.0	0.007	0.0	0.004	0.0	0.006	0.002	0.0	0.0	0.0	0.0	0.0	0.0	0.002	0.0	0.008	
Chromosome	1177224	T	C	0.0	0.035	0.0	0.0	0.0	0.0	0.0	0.0	0.0	0.0	0.0	0.0	0.0	0.007	0.0	0.0	0.0	0.0	0.0	0.006	0.0	0.0	0.0	0.0	0.0	0.0	0.0	0.003	0.0	0.0	0.0	0.0	0.0	0.0	0.0	0.0	0.0	0.0	0.0	0.0	0.0	0.0	0.0	0.0	0.0	0.0	0.0	0.0	0.0	0.0	0.0	0.0	0.0	0.0	0.0	0.0	0.0	0.0	0.0	0.0	0.0	0.0	0.0	0.0	0.0	0.0	0.002	0.0	0.0	
Chromosome	1177227	TCA	T	0.007	0.0	0.0	0.008	0.014	0.004	0.008	0.0	0.013	0.004	0.0	0.0	0.0	0.0	0.009	0.018	0.0	0.016	0.0	0.012	0.004	0.004	0.004	0.0	0.009	0.005	0.006	0.007	0.009	0.0	0.0	0.0	0.013	0.002	0.003	0.0	0.014	0.022	0.009	0.0	0.005	0.005	0.011	0.005	0.0	0.004	0.0	0.01	0.014	0.0	0.012	0.024	0.012	0.007	0.008	0.026	0.0	0.007	0.004	0.002	0.003	0.008	0.012	0.01	0.004	0.01	0.0	0.009	0.0	
Chromosome	1341535	T	TGGCTCTTCGCACTTGACGGTGTAGAGA	0.0	0.0	0.0	0.0	0.0	0.0	0.0	0.0	0.0	0.0	0.0	0.0	0.0	0.0	0.0	0.0	0.0	0.0	0.0	0.0	0.0	0.0	0.0	0.0	0.0	0.0	0.0	0.0	0.0	0.0	0.0	0.0	0.0	0.0	0.0	0.0	0.0	0.0	0.0	0.0	0.0	0.0	0.0	0.0	0.0	0.0	0.0	0.0	0.0	0.0	0.0	0.0	0.0	0.0	0.0	0.0	0.0	0.0	0.0	0.0	0.0	0.0	0.0	0.0	0.0	0.0	0.0	0.0	0.0	
Chromosome	1341539	C	T	0.265	0.286	0.222	0.132	0.114	0.164	0.241	0.046	0.096	0.198	0.197	0.256	0.426	0.413	0.229	0.239	0.231	0.269	0.231	0.273	0.23	0.162	0.33	0.274	0.301	0.25	0.329	0.26	0.25	0.281	0.143	0.238	0.241	0.237	0.194	0.245	0.239	0.286	0.333	0.091	0.235	0.17	0.364	0.18	0.309	0.226	0.261	0.286	0.314	0.278	0.129	0.179	0.393	0.132	0.323	0.308	0.5	0.196	0.205	0.324	0.21	0.25	0.227	0.297	0.226	0.301	0.277	0.344	0.109	
Chromosome	1554311	A	T	0.003	0.055	0.0	0.008	0.007	0.0	0.0	0.0	0.0	0.0	0.0	0.004	0.008	0.012	0.0	0.0	0.0	0.0	0.0	0.007	0.004	0.0	0.0	0.0	0.0	0.0	0.008	0.006	0.0	0.0	0.0	0.019	0.0	0.005	0.006	0.005	0.0	0.0	0.0	0.0	0.006	0.0	0.007	0.0	0.003	0.003	0.0	0.0	0.0	0.0	0.0	0.0	0.0	0.0	0.0	0.0	0.0	0.01	0.0	0.0	0.0	0.003	0.0	0.0	0.0	0.004	0.0	0.0	0.0	
Chromosome	1571494	C	T	0.0	0.032	0.0	0.0	0.0	0.0	0.0	0.0	0.0	0.0	0.0	0.0	0.0	0.0	0.0	0.0	0.0	0.0	0.0	0.0	0.0	0.0	0.0	0.003	0.0	0.0	0.003	0.0	0.0	0.008	0.0	0.0	0.0	0.0	0.0	0.0	0.0	0.0	0.0	0.0	0.0	0.0	0.0	0.0	0.0	0.0	0.0	0.0	0.0	0.0	0.0	0.0	0.0	0.0	0.0	0.0	0.0	0.0	0.0	0.0	0.0	0.0	0.0	0.0	0.0	0.0	0.0	0.002	0.0	
Chromosome	1571495	G	A	0.0	0.032	0.0	0.0	0.0	0.0	0.0	0.0	0.0	0.0	0.0	0.0	0.0	0.0	0.0	0.0	0.0	0.0	0.0	0.0	0.0	0.0	0.0	0.003	0.0	0.0	0.003	0.0	0.0	0.0	0.0	0.0	0.0	0.0	0.0	0.0	0.0	0.0	0.0	0.0	0.0	0.0	0.01	0.0	0.0	0.0	0.002	0.0	0.0	0.0	0.0	0.0	0.0	0.0	0.0	0.0	0.0	0.0	0.0	0.0	0.0	0.0	0.0	0.0	0.0	0.0	0.0	0.002	0.0	
Chromosome	1571501	A	T	0.0	0.037	0.0	0.0	0.0	0.0	0.004	0.0	0.0	0.0	0.0	0.0	0.0	0.0	0.0	0.0	0.0	0.0	0.0	0.0	0.0	0.0	0.0	0.0	0.0	0.0	0.006	0.0	0.0	0.0	0.0	0.0	0.0	0.0	0.0	0.0	0.004	0.0	0.0	0.0	0.0	0.0	0.0	0.0	0.0	0.0	0.002	0.007	0.0	0.0	0.0	0.0	0.0	0.0	0.007	0.0	0.0	0.0	0.0	0.0	0.002	0.0	0.0	0.0	0.0	0.0	0.0	0.002	0.0	
Chromosome	1571507	T	C	0.0	0.033	0.0	0.007	0.0	0.0	0.0	0.0	0.0	0.0	0.0	0.0	0.0	0.0	0.0	0.0	0.0	0.0	0.0	0.0	0.0	0.0	0.0	0.0	0.0	0.0	0.003	0.0	0.0	0.0	0.0	0.0	0.0	0.0	0.0	0.0	0.0	0.0	0.0	0.0	0.0	0.0	0.0	0.0	0.0	0.0	0.0	0.0	0.0	0.0	0.0	0.0	0.0	0.0	0.0	0.0	0.0	0.0	0.0	0.0	0.0	0.0	0.0	0.0	0.0	0.0	0.0	0.002	0.0	
Chromosome	1571508	A	G	0.0	0.033	0.0	0.007	0.0	0.0	0.0	0.0	0.0	0.0	0.0	0.0	0.0	0.0	0.0	0.0	0.0	0.0	0.0	0.0	0.0	0.005	0.0	0.0	0.0	0.0	0.003	0.0	0.0	0.0	0.0	0.0	0.0	0.0	0.0	0.0	0.0	0.0	0.0	0.0	0.0	0.0	0.0	0.0	0.0	0.0	0.0	0.0	0.0	0.0	0.0	0.0	0.0	0.0	0.0	0.0	0.0	0.0	0.0	0.0	0.0	0.0	0.0	0.0	0.0	0.0	0.0	0.002	0.0	
Chromosome	1574114	T	G	0.158	0.177	0.245	0.262	0.197	0.219	0.177	0.218	0.18	0.146	0.167	0.224	0.26	0.312	0.263	0.298	0.318	0.274	0.299	0.268	0.211	0.16	0.177	0.204	0.179	0.144	0.135	0.095	0.16	0.214	0.232	0.183	0.194	0.142	0.113	0.005	0.135	0.168	0.213	0.012	0.128	0.006	0.156	0.213	0.154	0.128	0.178	0.29	0.281	0.365	0.298	0.309	0.315	0.302	0.293	0.125	0.192	0.237	0.011	0.142	0.13	0.149	0.171	0.201	0.155	0.132	0.118	0.134	0.007	
Chromosome	1685768	T	C	0.0	0.04	0.0	0.0	0.0	0.004	0.0	0.0	0.0	0.009	0.0	0.0	0.018	0.02	0.009	0.006	0.0	0.0	0.0	0.0	0.0	0.0	0.0	0.0	0.005	0.0	0.0	0.003	0.0	0.0	0.004	0.005	0.0	0.0	0.0	0.0	0.0	0.0	0.0	0.0	0.0	0.0	0.0	0.0	0.0	0.007	0.002	0.0	0.0	0.0	0.0	0.0	0.0	0.0	0.0	0.0	0.0	0.011	0.0	0.0	0.0	0.0	0.008	0.011	0.0	0.0	0.0	0.0	0.012	
Chromosome	1685775	C	T	0.0	0.04	0.0	0.0	0.0	0.0	0.0	0.007	0.0	0.009	0.0	0.004	0.023	0.063	0.0	0.0	0.0	0.0	0.0	0.0	0.0	0.0	0.0	0.01	0.01	0.0	0.0	0.0	0.0	0.0	0.0	0.014	0.0	0.002	0.0	0.005	0.0	0.004	0.0	0.0	0.0	0.0	0.0	0.0	0.003	0.003	0.002	0.0	0.0	0.0	0.0	0.006	0.0	0.0	0.0	0.0	0.013	0.011	0.0	0.0	0.0	0.0	0.008	0.016	0.0	0.0	0.0	0.0	0.0	
Chromosome	1685776	A	G	0.0	0.041	0.0	0.0	0.0	0.0	0.0	0.0	0.0	0.009	0.0	0.004	0.018	0.063	0.0	0.0	0.0	0.0	0.0	0.0	0.0	0.0	0.0	0.009	0.01	0.0	0.0	0.0	0.0	0.0	0.0	0.014	0.0	0.002	0.0	0.0	0.0	0.0	0.0	0.0	0.0	0.0	0.0	0.0	0.003	0.003	0.002	0.0	0.0	0.0	0.0	0.0	0.0	0.0	0.0	0.0	0.012	0.012	0.0	0.0	0.0	0.0	0.008	0.016	0.0	0.0	0.0	0.0	0.006	
Chromosome	1698821	G	C	0.0	0.033	0.008	0.0	0.0	0.0	0.0	0.0	0.0	0.0	0.028	0.004	0.034	0.007	0.0	0.0	0.0	0.008	0.0	0.0	0.005	0.0	0.0	0.021	0.005	0.0	0.0	0.0	0.0	0.0	0.005	0.0	0.0	0.002	0.0	0.0	0.0	0.0	0.0	0.0	0.0	0.01	0.0	0.0	0.0	0.0	0.0	0.0	0.0	0.0	0.0	0.0	0.0	0.0	0.0	0.0	0.0	0.004	0.0	0.0	0.0	0.0	0.0	0.013	0.0	0.0	0.0	0.0	0.0	
Chromosome	1698828	G	T	0.0	0.035	0.0	0.0	0.0	0.0	0.004	0.0	0.0	0.0	0.027	0.004	0.015	0.007	0.0	0.0	0.0	0.008	0.0	0.0	0.005	0.0	0.0	0.021	0.005	0.0	0.0	0.0	0.0	0.0	0.01	0.006	0.0	0.003	0.0	0.0	0.0	0.0	0.0	0.0	0.0	0.011	0.0	0.0	0.0	0.0	0.0	0.0	0.0	0.0	0.0	0.0	0.0	0.0	0.008	0.0	0.0	0.004	0.0	0.0	0.0	0.0	0.0	0.013	0.0	0.0	0.0	0.0	0.0	
Chromosome	1763066	T	G	0.31	0.263	0.365	0.383	0.392	0.475	0.358	0.25	0.368	0.362	0.368	0.427	0.459	0.433	0.5	0.453	0.466	0.464	0.393	0.451	0.31	0.43	0.351	0.351	0.373	0.364	0.307	0.29	0.315	0.482	0.488	0.259	0.309	0.23	0.249	0.0	0.375	0.35	0.368	0.0	0.406	0.0	0.383	0.351	0.283	0.278	0.257	0.308	0.46	0.481	0.577	0.449	0.367	0.274	0.348	0.37	0.5	0.55	0.005	0.34	0.3	0.254	0.349	0.33	0.368	0.297	0.278	0.279	0.0	
Chromosome	1763100	A	C	0.235	0.209	0.298	0.283	0.255	0.462	0.202	0.27	0.208	0.448	0.458	0.496	0.405	0.38	0.302	0.25	0.259	0.246	0.298	0.328	0.198	0.45	0.354	0.43	0.308	0.395	0.197	0.297	0.435	0.438	0.434	0.238	0.233	0.207	0.179	0.005	0.26	0.273	0.287	0.0	0.22	0.0	0.42	0.179	0.247	0.249	0.202	0.196	0.299	0.164	0.267	0.25	0.158	0.323	0.26	0.476	0.449	0.437	0.0	0.215	0.232	0.186	0.353	0.392	0.288	0.164	0.216	0.218	0.007	
Chromosome	1990230	T	G	0.273	0.246	0.261	0.315	0.262	0.302	0.307	0.271	0.252	0.281	0.292	0.323	0.37	0.492	0.31	0.27	0.333	0.316	0.339	0.276	0.288	0.412	0.314	0.256	0.299	0.292	0.314	0.319	0.286	0.296	0.277	0.31	0.302	0.289	0.283	0.0	0.266	0.281	0.28	0.0	0.28	0.0	0.295	0.357	0.274	0.387	0.294	0.344	0.282	0.417	0.377	0.43	0.347	0.393	0.297	0.424	0.37	0.294	0.005	0.282	0.271	0.273	0.318	0.36	0.31	0.28	0.309	0.334	0.0	
Chromosome	2092529	T	C	0.0	0.038	0.0	0.0	0.0	0.0	0.0	0.0	0.0	0.0	0.021	0.0	0.004	0.027	0.0	0.0	0.0	0.0	0.006	0.0	0.0	0.0	0.0	0.009	0.005	0.0	0.0	0.0	0.004	0.0	0.009	0.0	0.003	0.0	0.0	0.0	0.006	0.0	0.005	0.0	0.0	0.0	0.0	0.0	0.006	0.0	0.005	0.0	0.0	0.006	0.0	0.0	0.0	0.0	0.0	0.0	0.0	0.003	0.0	0.0	0.0	0.0	0.0	0.0	0.004	0.0	0.0	0.0	0.0	
Chromosome	2092533	C	G	0.0	0.036	0.0	0.0	0.0	0.0	0.004	0.0	0.0	0.0	0.025	0.0	0.004	0.024	0.0	0.0	0.0	0.009	0.0	0.0	0.0	0.0	0.0	0.009	0.004	0.0	0.0	0.0	0.004	0.0	0.004	0.0	0.003	0.0	0.0	0.0	0.0	0.0	0.005	0.0	0.0	0.0	0.0	0.004	0.006	0.0	0.005	0.0	0.0	0.0	0.0	0.0	0.008	0.0	0.0	0.0	0.0	0.003	0.0	0.0	0.0	0.0	0.0	0.0	0.004	0.0	0.0	0.0	0.0	
Chromosome	2092537	G	A	0.0	0.035	0.009	0.0	0.0	0.0	0.0	0.0	0.0	0.0	0.021	0.0	0.004	0.024	0.0	0.0	0.0	0.0	0.0	0.0	0.0	0.0	0.0	0.009	0.004	0.0	0.0	0.0	0.004	0.005	0.005	0.0	0.003	0.0	0.0	0.0	0.0	0.0	0.005	0.0	0.0	0.0	0.0	0.0	0.006	0.0	0.007	0.0	0.0	0.0	0.0	0.0	0.0	0.0	0.0	0.0	0.0	0.003	0.0	0.0	0.0	0.0	0.0	0.0	0.004	0.004	0.0	0.0	0.0	
Chromosome	2182689	A	C	0.0	0.034	0.0	0.01	0.0	0.008	0.005	0.0	0.0	0.015	0.0	0.0	0.005	0.009	0.0	0.0	0.006	0.0	0.0	0.0	0.009	0.0	0.0	0.016	0.005	0.01	0.0	0.0	0.0	0.014	0.0	0.021	0.0	0.003	0.003	0.0	0.0	0.0	0.0	0.0	0.0	0.0	0.0	0.0	0.004	0.004	0.0	0.0	0.0	0.0	0.0	0.0	0.008	0.0	0.0	0.0	0.007	0.009	0.0	0.0	0.003	0.0	0.0	0.01	0.0	0.0	0.0	0.0	0.006	
Chromosome	2182690	T	TG	0.0	0.034	0.0	0.0	0.0	0.008	0.0	0.0	0.0	0.015	0.0	0.0	0.005	0.009	0.0	0.0	0.0	0.0	0.0	0.0	0.009	0.0	0.0	0.01	0.005	0.01	0.0	0.0	0.0	0.014	0.0	0.015	0.0	0.003	0.0	0.0	0.0	0.0	0.0	0.0	0.0	0.0	0.0	0.0	0.0	0.004	0.0	0.0	0.0	0.0	0.0	0.0	0.0	0.0	0.0	0.0	0.007	0.009	0.0	0.0	0.0	0.0	0.0	0.011	0.0	0.0	0.0	0.0	0.0	
Chromosome	2182695	C	T	0.0	0.034	0.0	0.0	0.0	0.008	0.0	0.0	0.0	0.016	0.0	0.0	0.005	0.009	0.0	0.0	0.0	0.0	0.0	0.0	0.01	0.0	0.0	0.01	0.005	0.01	0.0	0.0	0.0	0.014	0.0	0.016	0.0	0.003	0.0	0.0	0.0	0.0	0.0	0.0	0.0	0.0	0.0	0.0	0.008	0.004	0.0	0.0	0.0	0.0	0.006	0.0	0.0	0.0	0.0	0.0	0.007	0.009	0.0	0.0	0.0	0.0	0.0	0.011	0.0	0.0	0.0	0.0	0.0	
Chromosome	2182696	A	G	0.0	0.041	0.0	0.0	0.0	0.008	0.0	0.0	0.0	0.016	0.0	0.0	0.005	0.009	0.0	0.0	0.0	0.0	0.0	0.0	0.01	0.0	0.0	0.01	0.006	0.01	0.0	0.0	0.0	0.014	0.0	0.016	0.0	0.003	0.0	0.0	0.0	0.0	0.0	0.0	0.0	0.0	0.0	0.0	0.004	0.0	0.003	0.0	0.0	0.0	0.0	0.0	0.0	0.0	0.0	0.0	0.007	0.009	0.0	0.0	0.0	0.0	0.0	0.011	0.0	0.0	0.0	0.0	0.0	
Chromosome	2182700	AC	A	0.009	0.046	0.007	0.02	0.014	0.004	0.01	0.023	0.005	0.016	0.0	0.013	0.005	0.009	0.012	0.0	0.025	0.009	0.013	0.023	0.015	0.0	0.004	0.021	0.022	0.014	0.013	0.01	0.0	0.021	0.005	0.016	0.0	0.011	0.019	0.015	0.005	0.011	0.009	0.0	0.0	0.011	0.01	0.005	0.012	0.032	0.005	0.009	0.007	0.015	0.018	0.017	0.008	0.0	0.0	0.038	0.014	0.014	0.005	0.011	0.015	0.012	0.0	0.011	0.024	0.013	0.003	0.006	0.0	
Chromosome	2182703	G	T	0.0	0.041	0.0	0.0	0.0	0.0	0.0	0.013	0.0	0.015	0.0	0.0	0.005	0.0	0.0	0.0	0.0	0.0	0.0	0.0	0.01	0.0	0.0	0.011	0.005	0.01	0.0	0.0	0.0	0.014	0.0	0.016	0.0	0.003	0.0	0.0	0.0	0.0	0.0	0.0	0.0	0.0	0.0	0.0	0.008	0.008	0.0	0.0	0.0	0.0	0.0	0.0	0.0	0.0	0.008	0.0	0.007	0.009	0.0	0.002	0.0	0.0	0.0	0.01	0.0	0.0	0.0	0.0	0.0	
Chromosome	2289805	G	GT	0.0	0.0	0.0	0.0	0.0	0.0	0.0	0.0	0.0	0.0	0.0	0.0	0.0	0.0	0.0	0.0	0.0	0.0	0.0	0.0	0.0	0.0	0.0	0.0	0.0	0.0	0.0	0.0	0.0	0.0	0.0	0.0	0.0	0.0	0.0	0.0	0.0	0.0	0.0	0.0	0.0	0.0	0.0	0.0	0.0	0.0	0.0	0.0	0.0	0.0	0.0	0.0	0.0	0.0	0.0	0.0	0.0	0.0	0.0	0.0	0.0	0.0	0.0	0.0	0.0	0.0	0.0	0.0	0.0	
Chromosome	2350909	A	T	0.0	0.034	0.0	0.0	0.0	0.0	0.0	0.0	0.0	0.011	0.0	0.005	0.0	0.037	0.0	0.007	0.0	0.0	0.0	0.007	0.006	0.0	0.0	0.0	0.0	0.0	0.0	0.004	0.0	0.019	0.005	0.0	0.007	0.0	0.0	0.0	0.0	0.0	0.0	0.0	0.0	0.0	0.0	0.014	0.0	0.0	0.0	0.0	0.0	0.0	0.0	0.017	0.0	0.0	0.0	0.0	0.0	0.0	0.0	0.0	0.0	0.003	0.0	0.0	0.009	0.0	0.003	0.0	0.0	
Chromosome	2362945	C	A	0.0	0.042	0.0	0.0	0.007	0.0	0.0	0.0	0.0	0.005	0.0	0.004	0.01	0.0	0.0	0.0	0.0	0.0	0.0	0.0	0.004	0.0	0.0	0.0	0.0	0.0	0.003	0.0	0.0	0.0	0.005	0.005	0.003	0.0	0.0	0.0	0.0	0.0	0.0	0.0	0.0	0.0	0.0	0.0	0.0	0.0	0.0	0.0	0.0	0.0	0.0	0.0	0.0	0.0	0.0	0.0	0.0	0.0	0.0	0.0	0.0	0.0	0.0	0.0	0.004	0.0	0.002	0.0	0.0	
Chromosome	2362952	T	G	0.0	0.035	0.0	0.0	0.0	0.0	0.0	0.0	0.0	0.009	0.0	0.004	0.015	0.0	0.0	0.0	0.0	0.0	0.007	0.0	0.004	0.0	0.0	0.0	0.0	0.0	0.0	0.0	0.0	0.0	0.005	0.0	0.003	0.005	0.0	0.005	0.0	0.005	0.0	0.006	0.0	0.005	0.0	0.0	0.0	0.0	0.0	0.0	0.0	0.008	0.0	0.0	0.0	0.0	0.0	0.0	0.0	0.004	0.0	0.0	0.0	0.0	0.0	0.0	0.004	0.005	0.0	0.0	0.005	
Chromosome	2490503	A	G	0.0	0.193	0.0	0.0	0.0	0.0	0.0	0.0	0.0	0.0	0.0	0.004	0.0	0.0	0.0	0.0	0.0	0.0	0.0	0.0	0.0	0.0	0.004	0.0	0.0	0.0	0.0	0.0	0.0	0.0	0.0	0.0	0.0	0.0	0.0	0.0	0.0	0.0	0.0	0.0	0.0	0.0	0.0	0.0	0.0	0.0	0.0	0.0	0.0	0.0	0.0	0.0	0.0	0.0	0.0	0.0	0.0	0.0	0.0	0.0	0.0	0.0	0.0	0.0	0.008	0.147	0.0	0.003	0.0	
Chromosome	2512611	G	C	0.0	0.029	0.0	0.0	0.0	0.0	0.0	0.0	0.0	0.006	0.0	0.0	0.006	0.0	0.009	0.0	0.0	0.0	0.0	0.0	0.0	0.0	0.0	0.0	0.007	0.0	0.0	0.0	0.007	0.0	0.0	0.012	0.0	0.003	0.003	0.0	0.0	0.0	0.0	0.006	0.0	0.0	0.0	0.0	0.004	0.0	0.0	0.0	0.0	0.0	0.0	0.0	0.0	0.0	0.0	0.0	0.0	0.0	0.0	0.0	0.0	0.0	0.0	0.0	0.005	0.0	0.0	0.0	0.0	
Chromosome	2512612	TCGGCCGCCGAGGATC	T	0.009	0.029	0.0	0.008	0.0	0.009	0.004	0.006	0.0	0.0	0.0	0.0	0.013	0.0	0.018	0.0	0.0	0.0	0.007	0.0	0.0	0.0	0.0	0.0	0.007	0.0	0.007	0.004	0.011	0.0	0.0	0.006	0.016	0.006	0.003	0.0	0.0	0.0	0.0	0.0	0.0	0.006	0.0	0.0	0.004	0.0	0.003	0.018	0.0	0.017	0.006	0.0	0.008	0.0	0.0	0.0	0.0	0.009	0.021	0.007	0.0	0.008	0.005	0.0	0.005	0.0	0.003	0.003	0.0	
Chromosome	2535884	T	A	0.282	0.176	0.2	0.281	0.197	0.119	0.238	0.314	0.315	0.198	0.169	0.172	0.149	0.192	0.314	0.246	0.187	0.202	0.202	0.259	0.236	0.203	0.192	0.123	0.203	0.16	0.332	0.256	0.14	0.161	0.151	0.239	0.261	0.235	0.32	0.0	0.277	0.251	0.28	0.0	0.287	0.0	0.168	0.314	0.228	0.271	0.284	0.259	0.219	0.224	0.286	0.236	0.235	0.271	0.248	0.115	0.136	0.167	0.0	0.312	0.315	0.33	0.141	0.186	0.3	0.312	0.266	0.339	0.0	
Chromosome	2732699	G	A	0.0	0.231	0.0	0.0	0.0	0.0	0.0	0.0	0.0	0.0	0.0	0.0	0.004	0.0	0.0	0.0	0.0	0.0	0.0	0.0	0.0	0.0	0.0	0.0	0.0	0.0	0.0	0.0	0.0	0.0	0.0	0.0	0.0	0.0	0.0	0.0	0.0	0.0	0.0	0.0	0.0	0.0	0.0	0.0	0.0	0.0	0.0	0.0	0.0	0.0	0.0	0.0	0.0	0.0	0.0	0.0	0.0	0.0	0.0	0.002	0.0	0.0	0.0	0.0	0.0	0.0	0.0	0.0	0.0	
Chromosome	2749080	CG	C	0.006	0.042	0.007	0.0	0.007	0.011	0.004	0.009	0.0	0.022	0.0	0.007	0.016	0.014	0.009	0.018	0.006	0.02	0.019	0.007	0.037	0.012	0.0	0.004	0.025	0.008	0.0	0.011	0.014	0.005	0.009	0.009	0.019	0.016	0.014	0.0	0.02	0.006	0.018	0.024	0.005	0.018	0.005	0.011	0.004	0.004	0.016	0.0	0.006	0.0	0.006	0.024	0.017	0.006	0.039	0.016	0.0	0.004	0.011	0.006	0.008	0.013	0.013	0.01	0.0	0.007	0.013	0.022	0.0	
Chromosome	2759559	T	A	0.003	0.045	0.0	0.0	0.0	0.0	0.005	0.0	0.0	0.0	0.0	0.007	0.005	0.008	0.011	0.0	0.0	0.0	0.0	0.0	0.0	0.0	0.0	0.0	0.004	0.0	0.0	0.0	0.0	0.0	0.0	0.0	0.0	0.003	0.0	0.0	0.006	0.005	0.0	0.0	0.0	0.005	0.0	0.0	0.0	0.0	0.0	0.0	0.0	0.0	0.0	0.0	0.0	0.0	0.0	0.0	0.0	0.004	0.0	0.0	0.003	0.0	0.009	0.0	0.0	0.0	0.0	0.0	0.0	
Chromosome	2759567	A	G	0.0	0.061	0.0	0.0	0.0	0.0	0.0	0.0	0.0	0.004	0.0	0.0	0.0	0.008	0.0	0.0	0.0	0.0	0.0	0.0	0.0	0.0	0.0	0.004	0.0	0.0	0.007	0.0	0.0	0.0	0.0	0.005	0.0	0.003	0.0	0.01	0.0	0.005	0.0	0.0	0.0	0.006	0.0	0.006	0.004	0.0	0.0	0.0	0.0	0.0	0.0	0.0	0.0	0.0	0.0	0.0	0.0	0.0	0.0	0.0	0.0	0.0	0.0	0.0	0.0	0.0	0.0	0.0	0.014	
Chromosome	2759568	C	T	0.0	0.068	0.0	0.0	0.0	0.0	0.0	0.0	0.0	0.004	0.0	0.0	0.0	0.008	0.0	0.0	0.0	0.0	0.0	0.0	0.0	0.0	0.004	0.004	0.0	0.0	0.003	0.0	0.0	0.0	0.0	0.005	0.0	0.0	0.0	0.0	0.0	0.005	0.0	0.0	0.0	0.0	0.0	0.0	0.004	0.0	0.0	0.0	0.0	0.0	0.0	0.0	0.0	0.0	0.0	0.0	0.0	0.0	0.0	0.0	0.0	0.0	0.0	0.0	0.0	0.0	0.0	0.0	0.0	
Chromosome	2759576	T	A	0.0	0.041	0.0	0.0	0.0	0.0	0.0	0.0	0.0	0.004	0.004	0.0	0.0	0.008	0.0	0.0	0.0	0.0	0.0	0.0	0.009	0.0	0.0	0.0	0.0	0.004	0.0	0.0	0.0	0.005	0.0	0.005	0.0	0.0	0.0	0.0	0.0	0.0	0.0	0.0	0.0	0.0	0.0	0.0	0.004	0.0	0.002	0.0	0.0	0.0	0.0	0.0	0.0	0.0	0.008	0.0	0.0	0.0	0.0	0.0	0.0	0.0	0.0	0.0	0.0	0.0	0.002	0.0	0.0	
Chromosome	2846577	A	C	0.0	0.036	0.0	0.0	0.0	0.0	0.0	0.0	0.0	0.018	0.0	0.0	0.014	0.023	0.0	0.0	0.0	0.0	0.0	0.0	0.015	0.0	0.0	0.009	0.007	0.008	0.0	0.0	0.0	0.027	0.005	0.0	0.009	0.005	0.0	0.0	0.0	0.0	0.0	0.007	0.0	0.0	0.0	0.0	0.004	0.0	0.003	0.0	0.007	0.0	0.0	0.0	0.0	0.0	0.0	0.0	0.0	0.004	0.0	0.002	0.0	0.0	0.004	0.0	0.004	0.0	0.0	0.0	0.0	
Chromosome	2846583	T	A	0.003	0.037	0.0	0.0	0.0	0.0	0.0	0.0	0.0	0.018	0.0	0.0	0.01	0.012	0.0	0.0	0.0	0.0	0.0	0.0	0.005	0.005	0.0	0.009	0.014	0.012	0.0	0.0	0.0	0.027	0.005	0.0	0.009	0.002	0.0	0.0	0.0	0.0	0.0	0.0	0.0	0.0	0.0	0.0	0.0	0.0	0.005	0.0	0.0	0.0	0.007	0.0	0.0	0.005	0.0	0.0	0.0	0.0	0.0	0.002	0.0	0.0	0.005	0.0	0.0	0.0	0.002	0.0	0.0	
Chromosome	2846589	G	T	0.0	0.033	0.0	0.0	0.008	0.0	0.0	0.005	0.0	0.018	0.0	0.0	0.01	0.012	0.0	0.0	0.0	0.0	0.007	0.0	0.0	0.0	0.0	0.005	0.007	0.004	0.0	0.0	0.0	0.027	0.005	0.0	0.009	0.005	0.0	0.0	0.0	0.0	0.0	0.0	0.0	0.0	0.0	0.0	0.0	0.0	0.003	0.0	0.0	0.0	0.0	0.0	0.0	0.0	0.007	0.0	0.0	0.004	0.0	0.002	0.0	0.0	0.005	0.0	0.005	0.0	0.002	0.0	0.0	
Chromosome	3009712	T	A	0.006	0.053	0.016	0.034	0.05	0.053	0.008	0.012	0.014	0.038	0.017	0.004	0.054	0.099	0.018	0.035	0.022	0.029	0.051	0.038	0.031	0.025	0.007	0.004	0.016	0.012	0.0	0.011	0.006	0.038	0.039	0.042	0.006	0.012	0.011	0.0	0.02	0.011	0.014	0.0	0.006	0.0	0.014	0.009	0.007	0.008	0.009	0.029	0.04	0.014	0.026	0.014	0.023	0.034	0.031	0.098	0.069	0.028	0.0	0.011	0.007	0.003	0.018	0.005	0.011	0.008	0.007	0.0	0.0	
Chromosome	3009719	T	A	0.0	0.074	0.016	0.0	0.0	0.004	0.0	0.004	0.0	0.02	0.004	0.0	0.014	0.02	0.0	0.0	0.0	0.0	0.007	0.0	0.0	0.005	0.004	0.005	0.012	0.004	0.0	0.0	0.006	0.005	0.013	0.02	0.003	0.005	0.003	0.0	0.0	0.006	0.0	0.0	0.0	0.0	0.0	0.0	0.0	0.0	0.002	0.0	0.0	0.007	0.007	0.0	0.015	0.0	0.007	0.019	0.01	0.012	0.0	0.002	0.005	0.0	0.0	0.0	0.004	0.0	0.007	0.0	0.0	
Chromosome	3015747	G	C	0.202	0.291	0.207	0.209	0.295	0.376	0.209	0.252	0.231	0.297	0.287	0.326	0.481	0.5	0.239	0.306	0.279	0.203	0.217	0.243	0.305	0.399	0.29	0.343	0.347	0.344	0.222	0.194	0.303	0.452	0.427	0.204	0.238	0.223	0.219	0.0	0.246	0.204	0.25	0.0	0.231	0.0	0.339	0.227	0.271	0.211	0.225	0.273	0.258	0.247	0.212	0.194	0.169	0.212	0.258	0.545	0.515	0.5	0.0	0.235	0.239	0.215	0.27	0.341	0.284	0.174	0.224	0.231	0.0	
Chromosome	3030967	A	C	0.347	0.255	0.5	0.368	0.451	0.587	0.396	0.345	0.489	0.437	0.421	0.388	0.566	0.676	0.512	0.409	0.514	0.563	0.43	0.37	0.488	0.567	0.506	0.368	0.451	0.35	0.307	0.314	0.456	0.586	0.61	0.54	0.34	0.377	0.383	0.0	0.375	0.446	0.483	0.007	0.438	0.0	0.456	0.394	0.337	0.331	0.378	0.623	0.525	0.565	0.522	0.614	0.5	0.455	0.6	0.634	0.724	0.594	0.0	0.359	0.361	0.402	0.407	0.389	0.368	0.286	0.403	0.299	0.0	
Chromosome	3092774	T	G	0.337	0.397	0.207	0.3	0.217	0.505	0.361	0.351	0.288	0.554	0.427	0.573	0.474	0.5	0.351	0.324	0.4	0.25	0.318	0.297	0.286	0.629	0.52	0.589	0.4	0.538	0.267	0.329	0.402	0.561	0.483	0.243	0.321	0.33	0.294	0.0	0.333	0.311	0.347	0.0	0.295	0.0	0.493	0.315	0.298	0.345	0.417	0.245	0.31	0.277	0.432	0.328	0.26	0.302	0.264	0.333	0.491	0.431	0.008	0.301	0.3	0.3	0.536	0.5	0.344	0.285	0.296	0.264	0.0	
Chromosome	3092808	A	C	0.368	0.328	0.373	0.267	0.241	0.511	0.403	0.289	0.443	0.589	0.505	0.541	0.488	0.561	0.273	0.316	0.456	0.316	0.373	0.26	0.395	0.627	0.536	0.53	0.615	0.574	0.327	0.315	0.396	0.568	0.593	0.446	0.413	0.347	0.392	0.0	0.384	0.333	0.27	0.0	0.385	0.0	0.353	0.39	0.368	0.364	0.318	0.4	0.264	0.396	0.283	0.364	0.318	0.418	0.349	0.4	0.46	0.547	0.0	0.405	0.34	0.308	0.564	0.487	0.391	0.3	0.333	0.251	0.01	
Chromosome	3099003	T	A	0.0	0.045	0.0	0.0	0.0	0.0	0.0	0.0	0.0	0.0	0.0	0.0	0.004	0.014	0.0	0.0	0.0	0.0	0.0	0.0	0.005	0.0	0.0	0.0	0.012	0.0	0.0	0.0	0.0	0.0	0.004	0.0	0.0	0.0	0.0	0.0	0.0	0.0	0.005	0.0	0.0	0.0	0.0	0.0	0.007	0.0	0.0	0.0	0.0	0.0	0.0	0.0	0.0	0.0	0.0	0.0	0.0	0.0	0.0	0.0	0.003	0.0	0.0	0.005	0.005	0.0	0.0	0.0	0.0	
Chromosome	3099008	G	C	0.003	0.045	0.0	0.0	0.0	0.0	0.0	0.0	0.0	0.0	0.0	0.0	0.004	0.014	0.0	0.0	0.0	0.0	0.0	0.0	0.0	0.0	0.0	0.0	0.008	0.0	0.0	0.0	0.004	0.0	0.004	0.0	0.0	0.0	0.0	0.0	0.0	0.0	0.0	0.0	0.0	0.0	0.0	0.0	0.0	0.0	0.0	0.0	0.0	0.0	0.0	0.0	0.0	0.0	0.0	0.0	0.0	0.0	0.0	0.0	0.0	0.0	0.0	0.005	0.0	0.0	0.0	0.0	0.0	
Chromosome	3099009	G	C	0.0	0.045	0.0	0.0	0.0	0.0	0.0	0.0	0.0	0.0	0.0	0.0	0.0	0.014	0.0	0.0	0.0	0.0	0.0	0.0	0.0	0.0	0.0	0.0	0.008	0.0	0.0	0.0	0.004	0.0	0.004	0.0	0.0	0.0	0.0	0.0	0.0	0.0	0.0	0.0	0.0	0.0	0.0	0.0	0.0	0.0	0.0	0.0	0.0	0.0	0.0	0.0	0.0	0.0	0.0	0.0	0.0	0.004	0.0	0.0	0.0	0.0	0.004	0.005	0.0	0.0	0.0	0.0	0.0	
Chromosome	3099014	T	A	0.0	0.045	0.0	0.0	0.0	0.0	0.0	0.0	0.0	0.0	0.004	0.0	0.0	0.014	0.0	0.0	0.0	0.0	0.007	0.0	0.0	0.0	0.004	0.0	0.008	0.0	0.0	0.003	0.004	0.0	0.004	0.0	0.0	0.0	0.0	0.0	0.0	0.0	0.01	0.0	0.0	0.0	0.0	0.0	0.0	0.0	0.002	0.009	0.0	0.0	0.0	0.0	0.0	0.006	0.0	0.0	0.0	0.004	0.0	0.002	0.0	0.0	0.004	0.005	0.0	0.0	0.0	0.0	0.0	
Chromosome	3130549	G	A	0.0	0.178	0.0	0.0	0.0	0.0	0.0	0.0	0.0	0.0	0.0	0.0	0.0	0.0	0.0	0.0	0.0	0.0	0.0	0.0	0.0	0.0	0.0	0.0	0.0	0.0	0.0	0.0	0.0	0.0	0.0	0.0	0.0	0.0	0.0	0.0	0.0	0.0	0.0	0.0	0.0	0.0	0.0	0.0	0.0	0.0	0.0	0.0	0.0	0.0	0.0	0.0	0.0	0.0	0.0	0.0	0.0	0.0	0.0	0.0	0.0	0.0	0.0	0.0	0.0	0.0	0.0	0.0	0.0	
Chromosome	3173076	A	C	0.003	0.039	0.0	0.0	0.0	0.0	0.0	0.0	0.0	0.01	0.0	0.0	0.0	0.0	0.0	0.006	0.0	0.0	0.0	0.0	0.0	0.0	0.0	0.0	0.0	0.0	0.0	0.0	0.0	0.0	0.0	0.0	0.003	0.0	0.0	0.005	0.0	0.0	0.006	0.0	0.007	0.0	0.0	0.0	0.0	0.0	0.0	0.0	0.0	0.0	0.0	0.0	0.0	0.0	0.0	0.0	0.0	0.004	0.0	0.0	0.0	0.0	0.0	0.0	0.0	0.0	0.0	0.0	0.008	
Chromosome	3173081	A	T	0.0	0.04	0.0	0.01	0.0	0.0	0.0	0.0	0.0	0.0	0.0	0.0	0.0	0.0	0.0	0.0	0.0	0.0	0.0	0.0	0.005	0.0	0.0	0.0	0.0	0.0	0.0	0.0	0.0	0.0	0.0	0.0	0.0	0.0	0.0	0.0	0.0	0.0	0.006	0.0	0.0	0.0	0.0	0.0	0.004	0.0	0.0	0.0	0.0	0.0	0.0	0.0	0.0	0.0	0.0	0.0	0.0	0.0	0.0	0.0	0.0	0.003	0.0	0.0	0.005	0.003	0.0	0.003	0.0	
Chromosome	3173082	A	T	0.0	0.04	0.0	0.0	0.0	0.0	0.0	0.0	0.0	0.0	0.0	0.0	0.0	0.0	0.0	0.0	0.0	0.0	0.0	0.0	0.0	0.0	0.0	0.0	0.0	0.0	0.0	0.0	0.0	0.0	0.0	0.0	0.0	0.003	0.0	0.0	0.0	0.0	0.0	0.0	0.0	0.0	0.0	0.0	0.0	0.0	0.0	0.0	0.0	0.0	0.0	0.0	0.0	0.0	0.0	0.0	0.0	0.0	0.0	0.0	0.0	0.0	0.0	0.0	0.005	0.0	0.0	0.003	0.0	
Chromosome	3173083	A	T	0.0	0.041	0.0	0.0	0.0	0.0	0.005	0.0	0.0	0.0	0.0	0.0	0.0	0.0	0.0	0.0	0.0	0.0	0.0	0.008	0.0	0.0	0.0	0.005	0.0	0.0	0.0	0.0	0.0	0.0	0.0	0.0	0.0	0.0	0.0	0.0	0.0	0.0	0.0	0.0	0.0	0.0	0.0	0.0	0.0	0.0	0.0	0.0	0.0	0.0	0.007	0.0	0.008	0.0	0.0	0.0	0.0	0.0	0.0	0.0	0.003	0.0	0.0	0.0	0.0	0.0	0.0	0.0	0.0	
Chromosome	3173088	G	T	0.0	0.041	0.0	0.011	0.0	0.0	0.0	0.0	0.0	0.005	0.0	0.0	0.0	0.0	0.0	0.0	0.0	0.008	0.0	0.0	0.0	0.0	0.0	0.0	0.0	0.0	0.0	0.004	0.0	0.0	0.0	0.006	0.0	0.0	0.0	0.0	0.0	0.0	0.0	0.0	0.0	0.0	0.0	0.0	0.0	0.0	0.0	0.0	0.0	0.0	0.007	0.0	0.0	0.0	0.0	0.0	0.0	0.0	0.0	0.0	0.0	0.0	0.0	0.0	0.0	0.0	0.0	0.0	0.0	
Chromosome	3230529	A	C	0.136	0.128	0.236	0.188	0.238	0.13	0.194	0.241	0.251	0.129	0.158	0.188	0.238	0.155	0.239	0.259	0.267	0.23	0.215	0.205	0.188	0.168	0.138	0.143	0.134	0.127	0.124	0.128	0.083	0.173	0.143	0.203	0.132	0.128	0.117	0.011	0.221	0.172	0.23	0.0	0.182	0.0	0.144	0.193	0.125	0.133	0.155	0.192	0.284	0.202	0.279	0.261	0.21	0.28	0.265	0.22	0.266	0.197	0.0	0.137	0.129	0.13	0.21	0.131	0.177	0.121	0.124	0.133	0.007	
Chromosome	3287062	G	GA	0.0	0.0	0.0	0.0	0.0	0.0	0.0	0.0	0.0	0.0	0.0	0.0	0.0	0.0	0.0	0.0	0.0	0.0	0.0	0.0	0.0	0.0	0.0	0.0	0.0	0.0	0.0	0.0	0.0	0.006	0.0	0.0	0.0	0.0	0.0	0.0	0.0	0.0	0.0	0.0	0.0	0.0	0.0	0.0	0.0	0.0	0.0	0.0	0.0	0.0	0.0	0.0	0.0	0.0	0.0	0.0	0.0	0.005	0.0	0.0	0.0	0.0	0.0	0.0	0.0	0.0	0.0	0.0	0.0	
Chromosome	3287065	CT	C	0.0	0.009	0.0	0.009	0.0	0.011	0.0	0.0	0.0	0.005	0.0	0.0	0.0	0.0	0.0	0.006	0.013	0.007	0.006	0.014	0.0	0.005	0.004	0.005	0.0	0.004	0.004	0.004	0.006	0.0	0.011	0.006	0.01	0.005	0.0	0.0	0.0	0.01	0.015	0.0	0.014	0.006	0.006	0.0	0.0	0.0	0.007	0.0	0.007	0.009	0.0	0.007	0.009	0.0	0.016	0.0	0.0	0.0	0.0	0.01	0.006	0.005	0.0	0.011	0.0	0.0	0.006	0.006	0.008	
Chromosome	3291397	T	TG	0.0	0.0	0.0	0.0	0.0	0.0	0.0	0.0	0.0	0.0	0.0	0.0	0.0	0.0	0.0	0.0	0.0	0.0	0.0	0.0	0.0	0.0	0.0	0.0	0.0	0.0	0.0	0.0	0.0	0.0	0.0	0.0	0.0	0.0	0.0	0.0	0.0	0.0	0.0	0.0	0.0	0.0	0.0	0.0	0.0	0.0	0.0	0.0	0.0	0.0	0.0	0.0	0.0	0.0	0.0	0.0	0.0	0.0	0.0	0.0	0.0	0.0	0.0	0.0	0.0	0.0	0.0	0.0	0.0	
Chromosome	3291400	TC	T	0.0	0.009	0.014	0.021	0.0	0.005	0.0	0.0	0.0	0.005	0.006	0.004	0.0	0.0	0.0	0.0	0.011	0.016	0.014	0.0	0.0	0.012	0.004	0.01	0.005	0.006	0.007	0.004	0.014	0.0	0.0	0.0	0.003	0.008	0.006	0.0	0.031	0.012	0.005	0.007	0.006	0.011	0.007	0.0	0.004	0.008	0.003	0.0	0.008	0.027	0.01	0.0	0.0	0.006	0.009	0.0	0.0	0.0	0.006	0.006	0.006	0.006	0.005	0.0	0.014	0.007	0.007	0.012	0.0	
Chromosome	3316798	A	C	0.003	0.041	0.0	0.0	0.0	0.0	0.0	0.0	0.0	0.0	0.004	0.0	0.0	0.0	0.0	0.006	0.0	0.0	0.0	0.0	0.0	0.0	0.0	0.0	0.0	0.0	0.0	0.0	0.0	0.0	0.0	0.0	0.0	0.005	0.0	0.0	0.0	0.0	0.0	0.01	0.006	0.0	0.006	0.0	0.0	0.0	0.002	0.0	0.0	0.0	0.0	0.0	0.0	0.006	0.0	0.04	0.0	0.004	0.0	0.0	0.002	0.0	0.0	0.0	0.0	0.0	0.002	0.0	0.0	
Chromosome	3339168	T	TC	0.0	0.065	0.0	0.0	0.0	0.004	0.0	0.0	0.0	0.0	0.0	0.0	0.0	0.0	0.0	0.0	0.006	0.0	0.0	0.0	0.0	0.0	0.0	0.0	0.0	0.0	0.0	0.003	0.0	0.0	0.0	0.0	0.0	0.0	0.0	0.0	0.0	0.005	0.0	0.0	0.0	0.0	0.0	0.0	0.0	0.0	0.002	0.0	0.0	0.0	0.0	0.0	0.0	0.0	0.0	0.0	0.0	0.0	0.0	0.0	0.0	0.0	0.0	0.0	0.0	0.0	0.0	0.0	0.0	
Chromosome	3462358	G	A	0.0	0.035	0.0	0.0	0.0	0.0	0.0	0.0	0.0	0.0	0.0	0.0	0.0	0.017	0.0	0.0	0.0	0.0	0.0	0.0	0.0	0.0	0.0	0.0	0.005	0.004	0.0	0.0	0.0	0.0	0.0	0.0	0.0	0.0	0.0	0.0	0.0	0.0	0.0	0.0	0.0	0.0	0.0	0.0	0.0	0.0	0.0	0.0	0.0	0.0	0.0	0.0	0.0	0.0	0.0	0.0	0.0	0.0	0.0	0.0	0.0	0.0	0.0	0.0	0.004	0.0	0.0	0.0	0.0	
Chromosome	3462363	T	C	0.0	0.035	0.0	0.0	0.0	0.0	0.0	0.0	0.0	0.0	0.0	0.0	0.0	0.018	0.0	0.0	0.0	0.0	0.0	0.0	0.0	0.0	0.0	0.0	0.005	0.004	0.0	0.003	0.0	0.006	0.0	0.0	0.0	0.0	0.0	0.0	0.0	0.0	0.0	0.0	0.0	0.0	0.0	0.0	0.0	0.0	0.0	0.0	0.009	0.0	0.0	0.0	0.0	0.0	0.0	0.0	0.0	0.0	0.0	0.0	0.0	0.0	0.0	0.0	0.004	0.0	0.0	0.0	0.0	
Chromosome	3557849	C	CAGT	0.0	0.0	0.0	0.0	0.0	0.0	0.0	0.0	0.0	0.0	0.005	0.0	0.0	0.008	0.0	0.0	0.0	0.0	0.0	0.0	0.0	0.0	0.0	0.005	0.0	0.005	0.0	0.0	0.004	0.0	0.0	0.0	0.0	0.0	0.0	0.0	0.0	0.0	0.0	0.0	0.0	0.0	0.0	0.0	0.0	0.0	0.0	0.0	0.0	0.0	0.0	0.0	0.0	0.0	0.0	0.0	0.0	0.0	0.0	0.0	0.0	0.002	0.0	0.0	0.0	0.0	0.0	0.0	0.0	
Chromosome	3557851	GA	G	0.013	0.015	0.0	0.016	0.0	0.0	0.0	0.007	0.0	0.0	0.01	0.0	0.0	0.008	0.0	0.0	0.006	0.009	0.008	0.0	0.0	0.0	0.009	0.005	0.005	0.015	0.0	0.004	0.007	0.0	0.0	0.0	0.006	0.002	0.003	0.0	0.0	0.012	0.0	0.0	0.014	0.0	0.007	0.0	0.004	0.005	0.005	0.011	0.0	0.0	0.0	0.009	0.0	0.0	0.0	0.0	0.0	0.008	0.0	0.007	0.003	0.002	0.015	0.006	0.01	0.003	0.005	0.006	0.007	
Chromosome	3557854	A	AT	0.0	0.0	0.0	0.0	0.0	0.0	0.0	0.0	0.0	0.0	0.0	0.0	0.0	0.0	0.0	0.0	0.0	0.0	0.0	0.0	0.006	0.0	0.0	0.005	0.0	0.0	0.0	0.0	0.0	0.0	0.0	0.0	0.0	0.0	0.0	0.0	0.0	0.0	0.0	0.0	0.0	0.0	0.0	0.0	0.0	0.0	0.0	0.0	0.0	0.0	0.0	0.0	0.0	0.0	0.0	0.0	0.0	0.0	0.0	0.0	0.0	0.0	0.0	0.0	0.0	0.0	0.002	0.0	0.0	
Chromosome	3557856	CACT	C	0.013	0.022	0.0	0.0	0.017	0.0	0.033	0.007	0.015	0.015	0.005	0.0	0.005	0.008	0.008	0.0	0.0	0.0	0.008	0.007	0.016	0.0	0.009	0.005	0.005	0.005	0.008	0.0	0.0	0.024	0.006	0.0	0.0	0.005	0.006	0.006	0.007	0.0	0.0	0.0	0.007	0.0	0.007	0.007	0.004	0.0	0.005	0.011	0.008	0.009	0.008	0.0	0.01	0.006	0.0	0.0	0.016	0.02	0.006	0.002	0.008	0.007	0.005	0.012	0.005	0.006	0.009	0.0	0.0	
Chromosome	3584072	CCGCGG	C	0.003	0.049	0.013	0.009	0.007	0.013	0.005	0.0	0.006	0.0	0.008	0.007	0.013	0.029	0.0	0.023	0.011	0.0	0.0	0.0	0.013	0.0	0.008	0.009	0.008	0.004	0.007	0.007	0.0	0.0	0.0	0.011	0.003	0.01	0.0	0.007	0.005	0.0	0.005	0.0	0.013	0.006	0.007	0.019	0.015	0.004	0.0	0.0	0.0	0.0	0.0	0.0	0.0	0.019	0.022	0.0	0.0	0.012	0.0	0.004	0.005	0.006	0.005	0.011	0.012	0.0	0.002	0.005	0.0	
Chromosome	3675188	C	T	0.0	0.043	0.0	0.0	0.0	0.0	0.0	0.0	0.0	0.0	0.005	0.009	0.0	0.0	0.0	0.007	0.0	0.0	0.0	0.0	0.0	0.0	0.0	0.0	0.011	0.0	0.004	0.0	0.004	0.013	0.005	0.006	0.0	0.006	0.0	0.009	0.0	0.0	0.0	0.0	0.007	0.0	0.0	0.0	0.004	0.004	0.003	0.0	0.0	0.0	0.0	0.0	0.0	0.0	0.0	0.0	0.0	0.008	0.008	0.002	0.0	0.002	0.006	0.007	0.016	0.0	0.0	0.0	0.0	
Chromosome	3689519	T	G	0.0	0.038	0.009	0.0	0.0	0.0	0.005	0.0	0.0	0.0	0.0	0.0	0.0	0.0	0.0	0.006	0.008	0.0	0.0	0.0	0.006	0.0	0.0	0.0	0.011	0.0	0.0	0.007	0.0	0.006	0.0	0.005	0.0	0.0	0.0	0.0	0.0	0.0	0.0	0.0	0.0	0.0	0.0	0.007	0.005	0.0	0.0	0.0	0.0	0.0	0.0	0.0	0.0	0.0	0.0	0.0	0.0	0.0	0.0	0.0	0.0	0.0	0.0	0.0	0.0	0.003	0.002	0.0	0.0	
Chromosome	3689540	C	A	0.003	0.039	0.0	0.0	0.0	0.0	0.005	0.0	0.0	0.0	0.0	0.0	0.011	0.009	0.0	0.0	0.0	0.009	0.0	0.0	0.0	0.0	0.0	0.0	0.0	0.0	0.008	0.008	0.0	0.0	0.0	0.0	0.007	0.0	0.0	0.0	0.0	0.0	0.0	0.007	0.0	0.0	0.0	0.007	0.0	0.0	0.0	0.0	0.007	0.008	0.0	0.0	0.0	0.0	0.0	0.0	0.0	0.005	0.0	0.0	0.003	0.0	0.0	0.0	0.0	0.0	0.002	0.0	0.0	
Chromosome	3933000	CTGCG	C	0.009	0.0	0.008	0.008	0.0	0.0	0.0	0.006	0.0	0.005	0.015	0.005	0.022	0.014	0.0	0.0	0.007	0.008	0.007	0.0	0.006	0.024	0.013	0.006	0.015	0.0	0.0	0.0	0.01	0.013	0.007	0.0	0.003	0.005	0.007	0.006	0.0	0.005	0.0	0.0	0.006	0.0	0.0	0.006	0.0	0.004	0.005	0.0	0.017	0.009	0.009	0.014	0.0	0.0	0.0	0.0	0.014	0.01	0.0	0.0	0.003	0.008	0.01	0.006	0.01	0.0	0.007	0.0	0.0	
Chromosome	3996072	A	G	0.0	0.156	0.0	0.0	0.0	0.0	0.0	0.0	0.0	0.0	0.0	0.0	0.0	0.0	0.0	0.0	0.0	0.0	0.0	0.0	0.0	0.0	0.0	0.0	0.0	0.0	0.0	0.0	0.0	0.0	0.0	0.0	0.0	0.0	0.0	0.0	0.0	0.0	0.0	0.0	0.0	0.0	0.0	0.0	0.0	0.0	0.0	0.0	0.0	0.0	0.0	0.0	0.0	0.0	0.0	0.0	0.0	0.0	0.0	0.0	0.0	0.0	0.0	0.0	0.0	0.0	0.0	0.003	0.0	
Chromosome	4028636	G	C	0.279	0.3	0.337	0.26	0.358	0.423	0.302	0.41	0.268	0.354	0.34	0.379	0.403	0.396	0.186	0.377	0.333	0.231	0.31	0.363	0.345	0.397	0.33	0.393	0.339	0.353	0.376	0.345	0.346	0.427	0.389	0.371	0.347	0.374	0.317	0.005	0.328	0.386	0.311	0.0	0.41	0.0	0.431	0.335	0.384	0.371	0.322	0.412	0.315	0.304	0.327	0.374	0.347	0.333	0.364	0.426	0.414	0.393	0.0	0.328	0.339	0.366	0.279	0.317	0.314	0.374	0.341	0.41	0.0	
Chromosome	4172900	G	C	0.0	0.035	0.0	0.0	0.0	0.004	0.0	0.0	0.0	0.005	0.01	0.005	0.016	0.019	0.0	0.0	0.0	0.0	0.0	0.0	0.005	0.0	0.007	0.01	0.0	0.009	0.0	0.003	0.004	0.0	0.005	0.005	0.003	0.005	0.0	0.0	0.0	0.0	0.0	0.0	0.0	0.0	0.0	0.0	0.008	0.0	0.005	0.0	0.0	0.0	0.0	0.0	0.0	0.0	0.0	0.0	0.005	0.016	0.0	0.0	0.0	0.0	0.005	0.0	0.01	0.0	0.003	0.0	0.0	
Chromosome	4172901	G	C	0.0	0.034	0.0	0.0	0.0	0.004	0.0	0.0	0.0	0.005	0.01	0.005	0.016	0.019	0.0	0.0	0.0	0.0	0.0	0.0	0.0	0.0	0.004	0.01	0.0	0.009	0.0	0.003	0.004	0.0	0.005	0.005	0.003	0.008	0.0	0.006	0.0	0.0	0.0	0.0	0.0	0.0	0.0	0.0	0.008	0.0	0.005	0.0	0.0	0.0	0.0	0.0	0.0	0.0	0.0	0.0	0.005	0.016	0.005	0.0	0.0	0.0	0.005	0.006	0.01	0.0	0.003	0.0	0.0	
Chromosome	4214560	C	A	0.452	0.533	0.441	0.444	0.525	0.503	0.477	0.478	0.474	0.465	0.518	0.466	0.465	0.544	0.5	0.53	0.506	0.48	0.485	0.401	0.533	0.478	0.449	0.475	0.494	0.517	0.494	0.476	0.515	0.485	0.48	0.481	0.502	0.45	0.481	0.463	0.458	0.491	0.505	0.538	0.511	0.524	0.498	0.496	0.478	0.497	0.486	0.431	0.453	0.479	0.42	0.509	0.468	0.49	0.472	0.509	0.462	0.494	0.408	0.494	0.506	0.43	0.49	0.489	0.515	0.442	0.432	0.326	0.498	
Chromosome	4214739	G	GT	0.34	0.395	0.304	0.332	0.352	0.324	0.364	0.304	0.32	0.338	0.351	0.336	0.368	0.472	0.392	0.342	0.38	0.312	0.339	0.353	0.34	0.358	0.313	0.303	0.316	0.331	0.332	0.321	0.353	0.327	0.388	0.339	0.358	0.305	0.333	0.327	0.332	0.362	0.287	0.317	0.332	0.357	0.306	0.309	0.32	0.334	0.355	0.331	0.371	0.301	0.321	0.371	0.324	0.352	0.367	0.535	0.391	0.331	0.26	0.338	0.314	0.329	0.36	0.327	0.316	0.303	0.304	0.266	0.329	
Chromosome	4422697	A	G	0.009	0.059	0.0	0.0	0.0	0.004	0.0	0.0	0.006	0.006	0.017	0.011	0.026	0.064	0.0	0.0	0.007	0.0	0.0	0.0	0.006	0.005	0.01	0.005	0.022	0.0	0.004	0.008	0.0	0.0	0.005	0.0	0.007	0.0	0.003	0.0	0.0	0.0	0.005	0.0	0.0	0.0	0.0	0.0	0.004	0.0	0.002	0.0	0.0	0.0	0.0	0.0	0.0	0.0	0.0	0.029	0.008	0.014	0.006	0.004	0.0	0.008	0.0	0.0	0.0	0.0	0.0	0.0	0.0	
Chromosome	4422706	C	T	0.009	0.056	0.0	0.0	0.0	0.0	0.0	0.0	0.0	0.006	0.017	0.011	0.02	0.058	0.0	0.0	0.0	0.0	0.0	0.0	0.006	0.005	0.01	0.011	0.024	0.005	0.004	0.004	0.0	0.0	0.006	0.0	0.004	0.0	0.0	0.0	0.0	0.0	0.0	0.0	0.0	0.0	0.0	0.0	0.004	0.0	0.002	0.0	0.0	0.0	0.0	0.0	0.0	0.0	0.0	0.0	0.0	0.014	0.0	0.004	0.0	0.008	0.0	0.0	0.0	0.0	0.0	0.0	0.0	
Chromosome	4603861	G	C	0.131	0.204	0.222	0.102	0.204	0.152	0.153	0.131	0.099	0.132	0.138	0.149	0.128	0.075	0.16	0.151	0.177	0.143	0.103	0.182	0.126	0.141	0.135	0.141	0.135	0.133	0.124	0.158	0.142	0.182	0.116	0.134	0.154	0.152	0.143	0.287	0.22	0.164	0.161	0.327	0.142	0.289	0.177	0.167	0.154	0.137	0.119	0.171	0.122	0.175	0.107	0.132	0.201	0.122	0.181	0.184	0.221	0.108	0.354	0.147	0.153	0.173	0.088	0.1	0.191	0.181	0.164	0.172	0.243	
Chromosome	4603866	G	C	0.168	0.2	0.266	0.163	0.283	0.178	0.25	0.175	0.228	0.107	0.13	0.182	0.155	0.091	0.207	0.197	0.201	0.211	0.17	0.235	0.206	0.139	0.144	0.155	0.132	0.126	0.182	0.199	0.164	0.17	0.114	0.182	0.209	0.211	0.195	0.264	0.279	0.181	0.208	0.282	0.212	0.221	0.216	0.226	0.208	0.192	0.195	0.241	0.275	0.203	0.161	0.17	0.216	0.201	0.258	0.211	0.222	0.107	0.291	0.22	0.184	0.202	0.082	0.12	0.239	0.201	0.23	0.204	0.229	
Chromosome	4603867	A	C	0.252	0.176	0.189	0.236	0.234	0.127	0.257	0.271	0.204	0.095	0.118	0.145	0.146	0.091	0.207	0.258	0.253	0.219	0.232	0.285	0.193	0.105	0.085	0.123	0.073	0.09	0.23	0.216	0.055	0.133	0.128	0.278	0.204	0.189	0.239	0.258	0.298	0.233	0.244	0.248	0.34	0.228	0.104	0.319	0.27	0.245	0.242	0.259	0.299	0.229	0.255	0.225	0.296	0.187	0.28	0.079	0.172	0.054	0.314	0.233	0.21	0.259	0.082	0.102	0.247	0.25	0.231	0.251	0.237	
Chromosome	4603868	G	C	0.115	0.102	0.189	0.121	0.192	0.133	0.138	0.14	0.101	0.067	0.092	0.09	0.077	0.04	0.118	0.174	0.107	0.1	0.12	0.102	0.101	0.098	0.085	0.063	0.072	0.065	0.086	0.144	0.068	0.097	0.059	0.155	0.124	0.119	0.102	0.129	0.163	0.106	0.121	0.168	0.089	0.142	0.098	0.153	0.14	0.083	0.116	0.148	0.161	0.098	0.096	0.08	0.178	0.082	0.153	0.135	0.126	0.054	0.192	0.121	0.127	0.127	0.073	0.073	0.158	0.109	0.137	0.132	0.092	
Chromosome	4619545	A	C	0.183	0.145	0.265	0.229	0.267	0.221	0.242	0.322	0.252	0.224	0.197	0.173	0.206	0.242	0.21	0.272	0.28	0.225	0.293	0.238	0.256	0.28	0.168	0.253	0.15	0.219	0.167	0.197	0.202	0.234	0.295	0.253	0.186	0.201	0.168	0.0	0.177	0.286	0.215	0.0	0.219	0.0	0.206	0.212	0.219	0.206	0.191	0.2	0.223	0.221	0.295	0.32	0.177	0.263	0.282	0.318	0.283	0.241	0.0	0.239	0.172	0.163	0.167	0.214	0.249	0.205	0.162	0.191	0.0	
Chromosome	4709847	G	GC	0.017	0.125	0.014	0.0	0.0	0.005	0.014	0.01	0.242	0.005	0.022	0.019	0.188	0.0	0.276	0.932	0.022	0.0	0.014	0.008	0.005	0.119	0.014	0.012	0.036	0.01	0.007	0.011	0.23	0.234	0.157	0.0	0.007	0.0	0.007	0.017	0.189	0.011	0.008	0.0	0.023	0.006	0.014	0.021	0.018	0.004	0.002	0.0	0.006	0.008	0.007	0.007	0.19	0.02	0.018	0.0	0.007	0.009	0.006	0.011	0.02	0.008	0.015	0.018	0.005	0.027	0.012	0.08	0.018	
Chromosome	4724246	A	C	0.306	0.171	0.299	0.304	0.243	0.243	0.289	0.344	0.258	0.223	0.244	0.235	0.284	0.262	0.278	0.311	0.315	0.245	0.342	0.275	0.318	0.268	0.261	0.269	0.232	0.23	0.31	0.277	0.203	0.22	0.297	0.348	0.235	0.269	0.275	0.0	0.272	0.29	0.267	0.0	0.327	0.006	0.157	0.354	0.294	0.358	0.288	0.386	0.398	0.367	0.33	0.206	0.277	0.389	0.23	0.233	0.248	0.219	0.0	0.281	0.263	0.26	0.281	0.251	0.312	0.275	0.296	0.192	0.0	
Chromosome	4795816	T	G	0.176	0.104	0.226	0.265	0.184	0.159	0.223	0.239	0.23	0.187	0.138	0.152	0.184	0.179	0.191	0.232	0.262	0.226	0.233	0.22	0.223	0.12	0.107	0.144	0.145	0.146	0.17	0.161	0.131	0.156	0.123	0.223	0.188	0.157	0.158	0.0	0.203	0.203	0.249	0.0	0.231	0.014	0.096	0.267	0.111	0.207	0.164	0.237	0.199	0.344	0.315	0.248	0.242	0.24	0.294	0.147	0.184	0.167	0.0	0.178	0.191	0.202	0.18	0.145	0.236	0.2	0.154	0.196	0.019	
Chromosome	4923615	A	T	0.0	0.039	0.008	0.0	0.0	0.003	0.004	0.0	0.005	0.004	0.012	0.004	0.015	0.01	0.0	0.0	0.0	0.008	0.0	0.006	0.0	0.0	0.007	0.004	0.004	0.007	0.0	0.008	0.004	0.0	0.0	0.012	0.0	0.002	0.0	0.0	0.0	0.0	0.0	0.0	0.0	0.0	0.0	0.01	0.006	0.003	0.0	0.0	0.006	0.008	0.0	0.0	0.0	0.0	0.0	0.0	0.0	0.011	0.0	0.002	0.003	0.0	0.004	0.0	0.0	0.0	0.005	0.0	0.0	
Chromosome	4976317	C	CCATCAGAATCCTCGCTTCTTCGCGCAAGCGCT	0.0	0.016	0.0	0.0	0.0	0.0	0.0	0.0	0.0	0.0	0.0	0.003	0.0	0.0	0.0	0.0	0.0	0.0	0.0	0.0	0.0	0.0	0.0	0.0	0.0	0.0	0.0	0.0	0.0	0.0	0.0	0.0	0.0	0.0	0.0	0.0	0.0	0.0	0.0	0.0	0.0	0.0	0.0	0.0	0.0	0.0	0.0	0.0	0.0	0.0	0.0	0.0	0.0	0.0	0.0	0.0	0.0	0.0	0.0	0.0	0.0	0.0	0.0	0.0	0.0	0.0	0.0	0.0	0.0	
Chromosome	5017169	A	C	0.006	0.057	0.008	0.0	0.015	0.0	0.0	0.01	0.0	0.029	0.01	0.013	0.019	0.0	0.0	0.0	0.007	0.0	0.007	0.006	0.005	0.009	0.018	0.026	0.03	0.015	0.006	0.012	0.01	0.013	0.018	0.027	0.007	0.007	0.003	0.004	0.0	0.012	0.0	0.014	0.0	0.005	0.006	0.0	0.007	0.007	0.006	0.0	0.029	0.0	0.007	0.0	0.0	0.0	0.0	0.0	0.0	0.048	0.006	0.004	0.003	0.005	0.009	0.0	0.018	0.01	0.002	0.0	0.0	
Chromosome	5017170	G	T	0.006	0.057	0.0	0.008	0.007	0.0	0.0	0.005	0.0	0.029	0.01	0.013	0.019	0.011	0.0	0.006	0.0	0.006	0.0	0.0	0.005	0.0	0.018	0.026	0.03	0.015	0.006	0.012	0.006	0.012	0.018	0.028	0.007	0.007	0.003	0.004	0.0	0.0	0.0	0.014	0.0	0.011	0.0	0.0	0.007	0.007	0.006	0.0	0.03	0.0	0.007	0.0	0.0	0.0	0.0	0.0	0.0	0.048	0.006	0.008	0.003	0.005	0.009	0.0	0.018	0.005	0.002	0.003	0.0	
Chromosome	5037269	G	A	0.0	0.081	0.0	0.0	0.0	0.0	0.0	0.0	0.0	0.0	0.0	0.0	0.0	0.0	0.0	0.0	0.0	0.0	0.0	0.0	0.0	0.0	0.0	0.0	0.0	0.0	0.0	0.0	0.0	0.0	0.0	0.0	0.0	0.0	0.0	0.0	0.0	0.0	0.0	0.0	0.0	0.0	0.0	0.002	0.0	0.0	0.0	0.0	0.0	0.0	0.0	0.0	0.0	0.0	0.0	0.0	0.0	0.0	0.0	0.0	0.0	0.0	0.0	0.0	0.0	0.0	0.0	0.0	0.0	
Chromosome	5046398	T	G	0.177	0.131	0.219	0.198	0.163	0.12	0.167	0.212	0.265	0.096	0.086	0.078	0.105	0.087	0.206	0.174	0.139	0.196	0.199	0.149	0.296	0.141	0.142	0.121	0.112	0.143	0.082	0.144	0.086	0.088	0.094	0.218	0.115	0.132	0.091	0.005	0.218	0.227	0.216	0.0	0.136	0.0	0.068	0.209	0.112	0.12	0.17	0.134	0.184	0.148	0.203	0.15	0.193	0.092	0.211	0.194	0.122	0.119	0.0	0.142	0.138	0.118	0.094	0.135	0.142	0.113	0.138	0.175	0.0	
Chromosome	5085908	G	GGTCAA	0.0	0.0	0.0	0.0	0.0	0.0	0.0	0.0	0.0	0.0	0.0	0.0	0.0	0.0	0.0	0.0	0.0	0.0	0.0	0.0	0.0	0.0	0.0	0.0	0.0	0.0	0.0	0.0	0.0	0.0	0.0	0.0	0.0	0.0	0.0	0.0	0.0	0.0	0.0	0.0	0.0	0.0	0.0	0.0	0.0	0.0	0.0	0.0	0.0	0.0	0.0	0.0	0.0	0.0	0.0	0.0	0.0	0.0	0.0	0.0	0.0	0.0	0.0	0.0	0.0	0.0	0.0	0.0	0.0	
Chromosome	5130928	A	C	0.149	0.137	0.272	0.19	0.239	0.157	0.162	0.141	0.127	0.169	0.114	0.179	0.107	0.17	0.188	0.238	0.191	0.207	0.168	0.165	0.159	0.168	0.162	0.108	0.144	0.153	0.172	0.137	0.148	0.207	0.134	0.146	0.141	0.146	0.138	0.0	0.18	0.141	0.166	0.0	0.143	0.019	0.124	0.135	0.139	0.174	0.132	0.185	0.188	0.135	0.222	0.174	0.245	0.218	0.176	0.208	0.192	0.191	0.012	0.161	0.18	0.147	0.161	0.192	0.158	0.165	0.122	0.13	0.01	
Chromosome	5144555	G	GT	0.0	0.043	0.0	0.0	0.0	0.0	0.0	0.0	0.0	0.008	0.005	0.004	0.0	0.014	0.0	0.0	0.0	0.0	0.0	0.0	0.0	0.0	0.0	0.0	0.005	0.0	0.0	0.0	0.0	0.0	0.005	0.0	0.0	0.007	0.0	0.0	0.0	0.0	0.0	0.0	0.0	0.0	0.0	0.0	0.0	0.0	0.0	0.0	0.0	0.0	0.0	0.0	0.0	0.0	0.0	0.0	0.0	0.0	0.0	0.0	0.0	0.0	0.0	0.0	0.0	0.0	0.0	0.0	0.0	
Chromosome	5144556	C	T	0.0	0.043	0.0	0.0	0.0	0.0	0.0	0.0	0.0	0.004	0.009	0.004	0.0	0.014	0.0	0.0	0.0	0.0	0.0	0.0	0.0	0.0	0.0	0.0	0.01	0.0	0.0	0.0	0.0	0.0	0.01	0.0	0.0	0.007	0.0	0.0	0.0	0.005	0.0	0.0	0.0	0.0	0.0	0.0	0.0	0.0	0.0	0.0	0.0	0.0	0.006	0.0	0.0	0.0	0.0	0.0	0.0	0.0	0.0	0.0	0.0	0.003	0.004	0.0	0.0	0.0	0.0	0.0	0.0	
Chromosome	5144560	G	C	0.0	0.044	0.0	0.006	0.0	0.0	0.0	0.0	0.0	0.008	0.004	0.004	0.0	0.013	0.0	0.0	0.0	0.0	0.0	0.0	0.0	0.0	0.0	0.0	0.01	0.0	0.0	0.0	0.0	0.0	0.005	0.006	0.0	0.007	0.0	0.0	0.0	0.0	0.0	0.0	0.0	0.0	0.0	0.0	0.0	0.0	0.0	0.0	0.0	0.0	0.0	0.0	0.0	0.0	0.0	0.0	0.0	0.0	0.0	0.0	0.0	0.0	0.004	0.0	0.0	0.0	0.0	0.0	0.0	
Chromosome	5144563	CA	C	0.006	0.048	0.007	0.019	0.0	0.004	0.004	0.01	0.006	0.008	0.013	0.017	0.0	0.026	0.019	0.011	0.011	0.021	0.006	0.012	0.0	0.0	0.011	0.014	0.01	0.009	0.003	0.0	0.009	0.019	0.005	0.017	0.007	0.014	0.014	0.017	0.005	0.0	0.005	0.006	0.0	0.005	0.012	0.005	0.007	0.003	0.002	0.016	0.014	0.0	0.006	0.006	0.008	0.022	0.023	0.02	0.011	0.016	0.0	0.011	0.002	0.008	0.021	0.005	0.011	0.0	0.002	0.008	0.007	
Chromosome	5144565	A	G	0.003	0.042	0.0	0.0	0.0	0.0	0.0	0.0	0.0	0.004	0.004	0.004	0.0	0.013	0.0	0.0	0.0	0.0	0.0	0.0	0.0	0.0	0.0	0.0	0.01	0.0	0.0	0.0	0.0	0.0	0.005	0.006	0.0	0.007	0.0	0.0	0.0	0.0	0.0	0.006	0.0	0.0	0.0	0.0	0.0	0.0	0.0	0.0	0.0	0.0	0.0	0.0	0.0	0.0	0.0	0.0	0.0	0.0	0.0	0.0	0.0	0.0	0.004	0.0	0.0	0.0	0.0	0.0	0.0	
Chromosome	5322422	T	C	0.0	0.122	0.0	0.0	0.0	0.0	0.0	0.0	0.0	0.0	0.005	0.0	0.0	0.0	0.0	0.005	0.006	0.0	0.0	0.0	0.0	0.0	0.0	0.0	0.0	0.0	0.0	0.0	0.0	0.0	0.0	0.005	0.0	0.0	0.0	0.0	0.0	0.0	0.0	0.0	0.0	0.0	0.0	0.0	0.0	0.0	0.0	0.0	0.0	0.0	0.0	0.0	0.0	0.0	0.0	0.0	0.0	0.0	0.0	0.0	0.003	0.0	0.0	0.0	0.0	0.0	0.0	0.0	0.005	
Chromosome	5400789	G	T	0.003	0.038	0.0	0.008	0.0	0.0	0.0	0.0	0.0	0.0	0.0	0.004	0.015	0.0	0.017	0.014	0.005	0.0	0.0	0.0	0.01	0.0	0.008	0.0	0.0	0.0	0.0	0.0	0.004	0.005	0.011	0.01	0.007	0.005	0.0	0.0	0.0	0.0	0.005	0.0	0.0	0.0	0.0	0.022	0.003	0.0	0.004	0.008	0.0	0.0	0.0	0.006	0.0	0.006	0.0	0.0	0.0	0.003	0.0	0.0	0.0	0.0	0.004	0.0	0.004	0.003	0.002	0.0	0.0	
Chromosome	5400790	A	C	0.005	0.043	0.016	0.0	0.015	0.004	0.0	0.0	0.011	0.0	0.0	0.004	0.015	0.008	0.025	0.0	0.016	0.0	0.007	0.0	0.005	0.005	0.004	0.0	0.005	0.0	0.0	0.0	0.004	0.011	0.017	0.01	0.003	0.005	0.0	0.013	0.005	0.0	0.005	0.0	0.005	0.0	0.0	0.011	0.006	0.0	0.004	0.0	0.0	0.0	0.0	0.011	0.009	0.0	0.008	0.0	0.0	0.006	0.0	0.0	0.0	0.0	0.0	0.0	0.0	0.0	0.002	0.0	0.006	
Chromosome	5400797	G	A	0.0	0.037	0.0	0.0	0.0	0.0	0.0	0.0	0.0	0.0	0.0	0.0	0.015	0.0	0.016	0.0	0.0	0.0	0.0	0.0	0.005	0.0	0.008	0.0	0.009	0.0	0.0	0.0	0.0	0.005	0.011	0.0	0.007	0.0	0.0	0.0	0.0	0.0	0.0	0.0	0.0	0.0	0.0	0.011	0.0	0.0	0.002	0.0	0.0	0.0	0.0	0.0	0.0	0.0	0.0	0.0	0.0	0.003	0.0	0.0	0.0	0.0	0.0	0.0	0.0	0.0	0.0	0.0	0.0	
Chromosome	5502111	A	G	0.0	0.207	0.0	0.0	0.0	0.0	0.0	0.0	0.0	0.004	0.0	0.0	0.0	0.0	0.0	0.0	0.0	0.0	0.0	0.0	0.0	0.0	0.0	0.0	0.0	0.0	0.0	0.0	0.0	0.0	0.0	0.0	0.0	0.0	0.0	0.0	0.0	0.0	0.0	0.0	0.0	0.0	0.0	0.0	0.0	0.006	0.0	0.0	0.0	0.0	0.0	0.0	0.0	0.0	0.0	0.0	0.0	0.0	0.0	0.0	0.0	0.0	0.0	0.0	0.0	0.0	0.0	0.0	0.006	
Chromosome	5508270	G	C	0.006	0.042	0.0	0.0	0.0	0.0	0.0	0.0	0.0	0.01	0.0	0.004	0.0	0.0	0.0	0.0	0.0	0.0	0.0	0.006	0.004	0.0	0.0	0.0	0.009	0.0	0.0	0.0	0.004	0.0	0.0	0.006	0.0	0.0	0.003	0.0	0.0	0.0	0.0	0.0	0.0	0.0	0.0	0.0	0.0	0.0	0.0	0.0	0.0	0.0	0.0	0.0	0.0	0.0	0.0	0.0	0.0	0.0	0.005	0.0	0.0	0.0	0.0	0.0	0.0	0.0	0.0	0.0	0.0	
Chromosome	5508275	T	TGAC	0.0	0.026	0.0	0.0	0.0	0.0	0.0	0.0	0.0	0.0	0.0	0.004	0.0	0.0	0.0	0.0	0.0	0.0	0.0	0.0	0.0	0.0	0.0	0.0	0.009	0.0	0.0	0.0	0.004	0.0	0.0	0.005	0.0	0.0	0.0	0.0	0.0	0.0	0.0	0.0	0.0	0.0	0.0	0.0	0.0	0.0	0.0	0.0	0.0	0.0	0.0	0.0	0.0	0.0	0.0	0.0	0.0	0.0	0.0	0.0	0.0	0.0	0.0	0.0	0.0	0.0	0.0	0.0	0.0	
Chromosome	5517431	GT	G	0.006	0.037	0.0	0.009	0.0	0.008	0.005	0.0	0.0	0.0	0.0	0.011	0.0	0.0	0.008	0.006	0.018	0.015	0.007	0.021	0.009	0.004	0.0	0.005	0.005	0.0	0.006	0.007	0.02	0.011	0.005	0.005	0.003	0.005	0.006	0.0	0.0	0.0	0.019	0.0	0.0	0.006	0.005	0.0	0.023	0.0	0.0	0.0	0.006	0.014	0.0	0.006	0.0	0.006	0.007	0.0	0.007	0.0	0.0	0.011	0.003	0.0	0.009	0.0	0.004	0.004	0.01	0.012	0.0	
Chromosome	5517438	G	C	0.01	0.036	0.0	0.0	0.0	0.004	0.005	0.0	0.0	0.0	0.0	0.003	0.0	0.0	0.0	0.0	0.0	0.0	0.0	0.0	0.0	0.0	0.0	0.0	0.005	0.0	0.0	0.0	0.02	0.0	0.0	0.0	0.0	0.0	0.0	0.0	0.0	0.0	0.0	0.0	0.0	0.0	0.0	0.0	0.007	0.0	0.0	0.0	0.0	0.0	0.0	0.0	0.0	0.0	0.0	0.0	0.0	0.0	0.0	0.002	0.0	0.0	0.0	0.0	0.0	0.0	0.0	0.0	0.0	
Chromosome	5517439	G	C	0.013	0.037	0.0	0.0	0.0	0.004	0.005	0.0	0.0	0.0	0.0	0.004	0.0	0.0	0.0	0.0	0.0	0.0	0.0	0.0	0.0	0.0	0.0	0.0	0.005	0.0	0.0	0.0	0.02	0.0	0.0	0.0	0.0	0.0	0.0	0.0	0.0	0.0	0.0	0.0	0.0	0.0	0.0	0.0	0.01	0.0	0.0	0.0	0.0	0.0	0.0	0.0	0.0	0.0	0.0	0.0	0.0	0.0	0.006	0.002	0.003	0.003	0.0	0.0	0.004	0.0	0.0	0.0	0.008	
Chromosome	5517443	C	CA	0.009	0.037	0.0	0.0	0.0	0.004	0.0	0.0	0.0	0.0	0.0	0.004	0.0	0.0	0.0	0.0	0.0	0.0	0.0	0.0	0.0	0.0	0.0	0.0	0.005	0.0	0.0	0.0	0.02	0.0	0.0	0.0	0.0	0.0	0.0	0.0	0.0	0.0	0.0	0.0	0.0	0.0	0.0	0.0	0.007	0.0	0.0	0.0	0.0	0.0	0.0	0.0	0.0	0.0	0.0	0.0	0.0	0.0	0.0	0.002	0.0	0.0	0.0	0.0	0.0	0.0	0.0	0.0	0.0	
Chromosome	5573777	ACG	A	0.012	0.061	0.0	0.008	0.013	0.01	0.017	0.05	0.026	0.021	0.008	0.008	0.0	0.012	0.0	0.007	0.007	0.0	0.0	0.007	0.013	0.009	0.015	0.013	0.025	0.018	0.01	0.01	0.011	0.019	0.018	0.024	0.009	0.009	0.02	0.0	0.017	0.005	0.015	0.0	0.021	0.0	0.011	0.025	0.019	0.009	0.013	0.008	0.007	0.0	0.006	0.017	0.009	0.012	0.0	0.045	0.01	0.021	0.012	0.003	0.008	0.006	0.025	0.01	0.009	0.021	0.008	0.003	0.007	
Chromosome	5573787	C	T	0.0	0.042	0.0	0.0	0.0	0.0	0.004	0.0	0.0	0.0	0.0	0.004	0.0	0.012	0.0	0.0	0.0	0.0	0.0	0.0	0.0	0.0	0.0	0.0	0.02	0.0	0.0	0.0	0.0	0.0	0.009	0.005	0.0	0.0	0.0	0.0	0.0	0.0	0.0	0.0	0.0	0.0	0.0	0.01	0.0	0.0	0.004	0.0	0.0	0.0	0.0	0.0	0.0	0.0	0.0	0.0	0.0	0.004	0.0	0.0	0.0	0.0	0.0	0.0	0.0	0.0	0.005	0.0	0.0	
Chromosome	5573788	A	G	0.0	0.042	0.0	0.0	0.0	0.0	0.004	0.0	0.0	0.0	0.0	0.004	0.0	0.012	0.0	0.0	0.0	0.0	0.0	0.0	0.0	0.0	0.0	0.0	0.02	0.0	0.0	0.0	0.0	0.0	0.013	0.005	0.003	0.002	0.0	0.0	0.0	0.0	0.0	0.0	0.0	0.0	0.0	0.01	0.0	0.0	0.004	0.0	0.0	0.0	0.0	0.0	0.0	0.0	0.0	0.0	0.0	0.0	0.0	0.0	0.0	0.0	0.0	0.0	0.0	0.0	0.005	0.0	0.0	
Chromosome	5573793	C	T	0.0	0.036	0.0	0.0	0.0	0.0	0.008	0.0	0.0	0.0	0.0	0.004	0.0	0.013	0.0	0.0	0.0	0.0	0.0	0.0	0.0	0.0	0.0	0.0	0.019	0.0	0.0	0.0	0.0	0.0	0.009	0.005	0.0	0.0	0.0	0.0	0.0	0.0	0.0	0.0	0.0	0.0	0.0	0.0	0.0	0.0	0.004	0.0	0.0	0.0	0.0	0.0	0.0	0.0	0.0	0.0	0.0	0.0	0.0	0.0	0.0	0.003	0.0	0.0	0.0	0.0	0.003	0.0	0.0	
Chromosome	5573794	A	G	0.0	0.036	0.0	0.0	0.0	0.0	0.004	0.0	0.0	0.0	0.0	0.004	0.0	0.013	0.0	0.0	0.0	0.0	0.0	0.0	0.0	0.0	0.0	0.0	0.019	0.0	0.0	0.0	0.0	0.0	0.009	0.005	0.0	0.002	0.0	0.0	0.0	0.0	0.0	0.005	0.0	0.0	0.0	0.0	0.0	0.0	0.004	0.0	0.007	0.0	0.0	0.0	0.0	0.0	0.0	0.0	0.0	0.0	0.0	0.0	0.0	0.0	0.0	0.0	0.0	0.0	0.003	0.0	0.013	
Chromosome	5715790	G	C	0.0	0.056	0.0	0.0	0.0	0.0	0.0	0.0	0.0	0.006	0.0	0.0	0.01	0.041	0.0	0.0	0.0	0.0	0.0	0.0	0.0	0.0	0.007	0.0	0.0	0.0	0.0	0.0	0.0	0.0	0.009	0.0	0.003	0.0	0.0	0.005	0.004	0.0	0.0	0.0	0.0	0.0	0.0	0.0	0.0	0.0	0.0	0.0	0.0	0.0	0.0	0.0	0.0	0.0	0.0	0.0	0.0	0.004	0.0	0.003	0.0	0.0	0.0	0.0	0.0	0.003	0.0	0.003	0.0	
Chromosome	5729917	A	T	0.007	0.047	0.009	0.0	0.0	0.0	0.005	0.0	0.0	0.049	0.005	0.009	0.032	0.037	0.025	0.007	0.02	0.0	0.0	0.0	0.03	0.0	0.039	0.013	0.018	0.015	0.0	0.0	0.0	0.021	0.025	0.005	0.0	0.005	0.0	0.0	0.0	0.0	0.0	0.006	0.0	0.0	0.0	0.0	0.01	0.0	0.002	0.0	0.008	0.0	0.0	0.0	0.0	0.0	0.007	0.0	0.011	0.033	0.0	0.006	0.0	0.007	0.005	0.049	0.004	0.007	0.003	0.0	0.0	
Chromosome	5754543	C	G	0.0	0.046	0.0	0.0	0.0	0.0	0.0	0.0	0.0	0.008	0.0	0.0	0.0	0.0	0.0	0.0	0.0	0.0	0.0	0.0	0.004	0.0	0.0	0.0	0.0	0.009	0.0	0.003	0.003	0.004	0.005	0.0	0.0	0.004	0.0	0.0	0.0	0.0	0.0	0.01	0.0	0.0	0.0	0.0	0.0	0.0	0.0	0.0	0.0	0.0	0.0	0.0	0.0	0.0	0.0	0.0	0.0	0.004	0.0	0.0	0.0	0.0	0.003	0.0	0.0	0.0	0.0	0.0	0.0	
Chromosome	5754554	C	G	0.0	0.04	0.0	0.0	0.0	0.0	0.0	0.0	0.0	0.008	0.0	0.0	0.0	0.0	0.0	0.0	0.006	0.0	0.0	0.006	0.0	0.0	0.003	0.0	0.0	0.009	0.0	0.003	0.003	0.004	0.0	0.0	0.0	0.004	0.006	0.004	0.0	0.004	0.0	0.0	0.0	0.0	0.0	0.0	0.0	0.0	0.0	0.008	0.0	0.0	0.006	0.0	0.0	0.0	0.0	0.0	0.0	0.004	0.0	0.0	0.0	0.0	0.004	0.004	0.0	0.0	0.002	0.0	0.0	
Chromosome	5786877	G	T	0.003	0.034	0.0	0.009	0.0	0.0	0.004	0.0	0.0	0.01	0.019	0.0	0.018	0.029	0.011	0.0	0.0	0.0	0.007	0.0	0.0	0.007	0.0	0.005	0.042	0.0	0.0	0.003	0.007	0.006	0.0	0.017	0.007	0.013	0.01	0.0	0.0	0.0	0.0	0.012	0.0	0.0	0.0	0.0	0.004	0.0	0.0	0.0	0.0	0.0	0.0	0.007	0.0	0.0	0.0	0.0	0.0	0.013	0.0	0.004	0.003	0.003	0.0	0.006	0.004	0.0	0.0	0.0	0.0	
Chromosome	5812448	T	G	0.237	0.448	0.114	0.147	0.216	0.427	0.296	0.369	0.266	0.418	0.518	0.487	0.547	0.592	0.294	0.16	0.232	0.244	0.283	0.214	0.21	0.507	0.512	0.48	0.565	0.509	0.255	0.272	0.473	0.58	0.651	0.234	0.231	0.241	0.32	0.007	0.256	0.267	0.226	0.038	0.286	0.019	0.628	0.247	0.267	0.257	0.304	0.14	0.241	0.188	0.186	0.122	0.246	0.275	0.175	0.526	0.559	0.679	0.02	0.305	0.256	0.262	0.438	0.538	0.218	0.248	0.28	0.299	0.014	
Chromosome	5812482	A	C	0.256	0.248	0.364	0.286	0.176	0.433	0.274	0.256	0.256	0.232	0.276	0.298	0.516	0.469	0.357	0.236	0.3	0.447	0.264	0.375	0.394	0.43	0.339	0.29	0.267	0.379	0.224	0.271	0.217	0.482	0.423	0.312	0.243	0.243	0.247	0.006	0.34	0.26	0.306	0.036	0.263	0.006	0.41	0.374	0.302	0.23	0.234	0.362	0.365	0.422	0.321	0.273	0.357	0.362	0.512	0.263	0.417	0.381	0.0	0.25	0.252	0.225	0.308	0.432	0.394	0.266	0.202	0.209	0.007	
Chromosome	6022192	G	C	0.0	0.056	0.0	0.0	0.0	0.007	0.0	0.0	0.0	0.004	0.015	0.0	0.009	0.0	0.0	0.0	0.0	0.0	0.0	0.0	0.0	0.0	0.003	0.0	0.0	0.0	0.0	0.0	0.004	0.005	0.008	0.009	0.0	0.0	0.0	0.0	0.0	0.0	0.005	0.005	0.0	0.0	0.0	0.005	0.003	0.0	0.0	0.0	0.0	0.0	0.006	0.0	0.0	0.0	0.0	0.0	0.0	0.006	0.0	0.003	0.0	0.0	0.0	0.008	0.0	0.0	0.003	0.0	0.0	
Chromosome	6022193	T	A	0.0	0.056	0.007	0.015	0.007	0.007	0.0	0.0	0.0	0.004	0.015	0.0	0.009	0.0	0.0	0.0	0.0	0.009	0.0	0.0	0.0	0.0	0.007	0.0	0.003	0.0	0.006	0.003	0.004	0.009	0.008	0.009	0.0	0.0	0.0	0.0	0.0	0.0	0.005	0.0	0.0	0.0	0.0	0.0	0.003	0.003	0.0	0.0	0.006	0.0	0.012	0.0	0.0	0.0	0.0	0.0	0.0	0.006	0.0	0.005	0.0	0.0	0.0	0.008	0.0	0.0	0.003	0.003	0.0	
Chromosome	6022194	G	C	0.0	0.056	0.0	0.0	0.0	0.007	0.0	0.0	0.0	0.004	0.019	0.0	0.009	0.0	0.0	0.0	0.0	0.0	0.0	0.0	0.0	0.0	0.003	0.0	0.0	0.004	0.0	0.0	0.004	0.005	0.008	0.009	0.0	0.0	0.0	0.004	0.0	0.0	0.005	0.0	0.0	0.0	0.0	0.0	0.003	0.0	0.0	0.0	0.0	0.0	0.0	0.0	0.0	0.008	0.0	0.0	0.0	0.006	0.0	0.003	0.0	0.0	0.0	0.008	0.0	0.0	0.003	0.0	0.0	
Chromosome	6242044	C	T	0.0	0.043	0.0	0.007	0.0	0.003	0.0	0.0	0.0	0.01	0.004	0.004	0.017	0.0	0.018	0.0	0.0	0.0	0.0	0.0	0.009	0.0	0.011	0.0	0.01	0.017	0.0	0.007	0.011	0.005	0.004	0.0	0.0	0.0	0.0	0.005	0.0	0.0	0.0	0.0	0.0	0.0	0.0	0.0	0.003	0.0	0.0	0.0	0.006	0.0	0.0	0.0	0.006	0.005	0.0	0.0	0.0	0.023	0.0	0.0	0.0	0.0	0.016	0.005	0.0	0.0	0.0	0.0	0.0	
Chromosome	6242045	A	G	0.0	0.043	0.0	0.007	0.0	0.003	0.0	0.0	0.0	0.005	0.004	0.004	0.017	0.0	0.018	0.0	0.0	0.0	0.0	0.0	0.009	0.0	0.011	0.0	0.01	0.017	0.0	0.007	0.011	0.005	0.004	0.0	0.0	0.0	0.0	0.005	0.0	0.0	0.0	0.0	0.0	0.0	0.0	0.0	0.003	0.0	0.0	0.0	0.0	0.007	0.0	0.0	0.006	0.005	0.0	0.0	0.0	0.023	0.0	0.0	0.0	0.0	0.016	0.005	0.0	0.0	0.0	0.0	0.0	
Chromosome	6336520	T	G	0.244	0.276	0.378	0.288	0.297	0.35	0.317	0.281	0.321	0.312	0.4	0.35	0.315	0.571	0.4	0.316	0.278	0.293	0.39	0.352	0.407	0.392	0.328	0.381	0.292	0.258	0.246	0.307	0.324	0.34	0.286	0.416	0.335	0.325	0.268	0.005	0.323	0.296	0.347	0.013	0.339	0.017	0.256	0.409	0.246	0.397	0.282	0.415	0.356	0.308	0.3	0.413	0.348	0.358	0.269	0.643	0.367	0.391	0.005	0.317	0.296	0.269	0.343	0.368	0.331	0.288	0.281	0.346	0.0	
Chromosome	6353094	G	GGGGCCC	0.0	0.0	0.0	0.0	0.0	0.0	0.008	0.0	0.0	0.0	0.0	0.0	0.0	0.0	0.0	0.0	0.011	0.0	0.0	0.0	0.0	0.0	0.0	0.0	0.0	0.0	0.0	0.0	0.0	0.0	0.0	0.0	0.0	0.0	0.0	0.0	0.0	0.0	0.0	0.0	0.0	0.0	0.0	0.0	0.0	0.0	0.0	0.0	0.0	0.0	0.0	0.022	0.0	0.0	0.012	0.0	0.0	0.0	0.0	0.0	0.0	0.0	0.0	0.0	0.0	0.005	0.0	0.0	0.0	
Chromosome	6357440	G	GC	0.0	0.207	0.0	0.0	0.0	0.0	0.0	0.0	0.0	0.0	0.0	0.0	0.0	0.0	0.0	0.0	0.0	0.0	0.0	0.0	0.0	0.0	0.0	0.0	0.0	0.0	0.0	0.0	0.0	0.0	0.0	0.0	0.0	0.0	0.0	0.0	0.0	0.0	0.0	0.0	0.0	0.0	0.0	0.0	0.0	0.0	0.0	0.0	0.0	0.0	0.0	0.0	0.0	0.0	0.0	0.0	0.0	0.0	0.0	0.0	0.0	0.0	0.0	0.0	0.0	0.0	0.0	0.0	0.0	
Chromosome	6444913	T	G	0.003	0.034	0.0	0.007	0.0	0.0	0.0	0.0	0.005	0.0	0.009	0.004	0.016	0.008	0.0	0.007	0.0	0.0	0.0	0.0	0.005	0.0	0.0	0.009	0.015	0.0	0.006	0.0	0.006	0.02	0.014	0.009	0.0	0.0	0.0	0.0	0.0	0.0	0.0	0.0	0.0	0.0	0.0	0.004	0.0	0.003	0.0	0.0	0.0	0.0	0.006	0.0	0.0	0.0	0.0	0.0	0.0	0.004	0.0	0.0	0.0	0.003	0.0	0.0	0.0	0.0	0.0	0.003	0.0	
Chromosome	6444917	T	A	0.0	0.04	0.0	0.0	0.0	0.0	0.0	0.0	0.005	0.0	0.004	0.004	0.012	0.008	0.0	0.007	0.0	0.0	0.0	0.0	0.004	0.0	0.0	0.01	0.019	0.005	0.003	0.003	0.0	0.01	0.014	0.005	0.0	0.0	0.0	0.0	0.008	0.0	0.0	0.0	0.0	0.0	0.0	0.004	0.0	0.0	0.0	0.0	0.0	0.0	0.0	0.0	0.0	0.0	0.0	0.0	0.0	0.004	0.0	0.002	0.0	0.0	0.0	0.005	0.0	0.003	0.0	0.003	0.0	
Chromosome	6444922	T	A	0.0	0.04	0.0	0.007	0.0	0.0	0.0	0.0	0.005	0.0	0.004	0.004	0.017	0.007	0.0	0.007	0.006	0.0	0.0	0.0	0.0	0.0	0.0	0.005	0.02	0.0	0.01	0.003	0.0	0.01	0.014	0.005	0.003	0.002	0.0	0.0	0.004	0.0	0.0	0.0	0.0	0.0	0.0	0.004	0.0	0.0	0.002	0.009	0.0	0.007	0.0	0.006	0.0	0.006	0.007	0.0	0.0	0.004	0.0	0.002	0.0	0.003	0.0	0.0	0.007	0.0	0.0	0.0	0.006	
Chromosome	6444926	C	A	0.003	0.038	0.0	0.0	0.0	0.0	0.0	0.0	0.005	0.0	0.004	0.004	0.012	0.007	0.0	0.0	0.0	0.0	0.0	0.0	0.0	0.0	0.0	0.01	0.015	0.0	0.006	0.0	0.0	0.009	0.014	0.005	0.003	0.0	0.0	0.005	0.004	0.0	0.0	0.006	0.0	0.0	0.0	0.004	0.0	0.0	0.002	0.0	0.0	0.0	0.0	0.0	0.007	0.0	0.0	0.062	0.005	0.004	0.0	0.0	0.002	0.0	0.0	0.0	0.003	0.0	0.0	0.0	0.006	
Chromosome	6450476	T	G	0.0	0.216	0.0	0.0	0.0	0.0	0.0	0.0	0.0	0.004	0.0	0.0	0.0	0.0	0.0	0.006	0.0	0.0	0.0	0.0	0.004	0.004	0.0	0.0	0.0	0.0	0.0	0.0	0.0	0.0	0.0	0.0	0.0	0.0	0.0	0.0	0.0	0.0	0.0	0.005	0.0	0.0	0.0	0.005	0.0	0.0	0.0	0.0	0.0	0.0	0.0	0.0	0.0	0.0	0.0	0.0	0.005	0.0	0.0	0.0	0.0	0.003	0.0	0.0	0.0	0.0	0.002	0.003	0.0	
Chromosome	6473146	G	A	0.011	0.046	0.0	0.0	0.0	0.0	0.0	0.0	0.006	0.022	0.0	0.0	0.0	0.0	0.0	0.0	0.0	0.0	0.0	0.0	0.008	0.0	0.007	0.004	0.019	0.005	0.0	0.003	0.0	0.0	0.026	0.0	0.0	0.0	0.0	0.0	0.0	0.0	0.0	0.0	0.0	0.0	0.0	0.0	0.003	0.0	0.0	0.0	0.0	0.0	0.0	0.0	0.0	0.0	0.0	0.0	0.0	0.0	0.0	0.0	0.0	0.0	0.004	0.015	0.0	0.0	0.0	0.0	0.0	
Chromosome	6473150	TG	T	0.023	0.078	0.0	0.006	0.013	0.003	0.033	0.022	0.011	0.043	0.019	0.022	0.017	0.019	0.033	0.006	0.006	0.0	0.013	0.006	0.034	0.026	0.022	0.013	0.032	0.015	0.013	0.019	0.0	0.017	0.039	0.035	0.007	0.014	0.0	0.006	0.005	0.005	0.004	0.008	0.009	0.018	0.007	0.0	0.01	0.006	0.017	0.008	0.01	0.007	0.005	0.011	0.0	0.0	0.0	0.032	0.028	0.031	0.0	0.006	0.007	0.005	0.023	0.02	0.014	0.006	0.0	0.006	0.007	
Chromosome	6473157	G	C	0.011	0.033	0.0	0.0	0.0	0.0	0.0	0.0	0.005	0.021	0.0	0.0	0.0	0.009	0.0	0.005	0.0	0.0	0.006	0.0	0.009	0.0	0.011	0.004	0.013	0.005	0.0	0.003	0.0	0.0	0.026	0.0	0.0	0.0	0.0	0.0	0.0	0.0	0.0	0.008	0.0	0.0	0.0	0.0	0.003	0.0	0.0	0.0	0.0	0.0	0.0	0.0	0.0	0.0	0.0	0.0	0.0	0.004	0.0	0.0	0.0	0.0	0.004	0.015	0.0	0.0	0.0	0.0	0.0	
Chromosome	6473161	A	AC	0.012	0.047	0.0	0.0	0.0	0.0	0.0	0.0	0.005	0.021	0.0	0.0	0.0	0.01	0.0	0.0	0.0	0.0	0.0	0.0	0.009	0.0	0.007	0.004	0.014	0.005	0.0	0.003	0.0	0.0	0.022	0.0	0.0	0.0	0.0	0.0	0.0	0.0	0.0	0.0	0.0	0.0	0.0	0.0	0.003	0.0	0.0	0.0	0.0	0.0	0.0	0.0	0.0	0.0	0.0	0.0	0.0	0.004	0.0	0.0	0.0	0.0	0.0	0.015	0.0	0.0	0.0	0.0	0.0	
Chromosome	6473167	T	C	0.012	0.067	0.0	0.0	0.0	0.0	0.0	0.0	0.005	0.021	0.0	0.0	0.0	0.02	0.0	0.005	0.006	0.0	0.0	0.0	0.008	0.0	0.007	0.004	0.013	0.005	0.0	0.003	0.0	0.0	0.022	0.0	0.0	0.0	0.0	0.0	0.0	0.0	0.0	0.0	0.0	0.0	0.0	0.0	0.003	0.0	0.002	0.0	0.0	0.0	0.0	0.0	0.0	0.0	0.0	0.0	0.0	0.004	0.0	0.0	0.0	0.0	0.0	0.01	0.0	0.0	0.0	0.0	0.0	
Chromosome	6479019	GCCGAAAAGC	G	0.006	0.301	0.0	0.0	0.007	0.016	0.005	0.006	0.006	0.004	0.0	0.0	0.009	0.004	0.0	0.0	0.0	0.575	0.006	0.021	0.014	0.0	0.01	0.004	0.009	0.016	0.021	0.004	0.003	0.009	0.011	0.004	0.003	0.002	0.006	0.005	0.005	0.0	0.004	0.0	0.0	0.015	0.006	0.01	0.012	0.003	0.002	0.0	0.006	0.0	0.0	0.013	0.007	0.006	0.008	0.0	0.005	0.0	0.009	0.007	0.005	0.0	0.008	0.014	0.0	0.006	0.013	0.006	0.007	
Chromosome	6501281	A	T	0.179	0.165	0.146	0.209	0.134	0.232	0.221	0.206	0.189	0.215	0.183	0.178	0.248	0.26	0.205	0.195	0.163	0.18	0.183	0.199	0.232	0.223	0.162	0.169	0.188	0.228	0.212	0.201	0.205	0.225	0.247	0.251	0.2	0.171	0.129	0.0	0.197	0.229	0.221	0.006	0.207	0.0	0.189	0.225	0.147	0.188	0.208	0.205	0.159	0.174	0.199	0.23	0.191	0.149	0.237	0.277	0.22	0.172	0.0	0.17	0.218	0.191	0.165	0.161	0.219	0.202	0.165	0.174	0.0	
Chromosome	6501291	C	G	0.217	0.25	0.211	0.201	0.196	0.331	0.28	0.243	0.194	0.263	0.18	0.253	0.272	0.347	0.213	0.212	0.205	0.214	0.209	0.226	0.284	0.329	0.273	0.211	0.262	0.28	0.235	0.218	0.213	0.276	0.274	0.246	0.231	0.164	0.154	0.062	0.277	0.245	0.315	0.076	0.253	0.06	0.246	0.277	0.149	0.199	0.228	0.176	0.252	0.217	0.184	0.267	0.198	0.158	0.284	0.348	0.292	0.286	0.051	0.185	0.241	0.189	0.258	0.275	0.211	0.219	0.183	0.242	0.014	
Chromosome	6595896	G	A	0.0	0.178	0.0	0.0	0.0	0.0	0.0	0.0	0.0	0.0	0.0	0.0	0.0	0.0	0.0	0.0	0.0	0.0	0.0	0.0	0.0	0.0	0.0	0.0	0.0	0.0	0.0	0.0	0.0	0.0	0.0	0.0	0.0	0.0	0.0	0.004	0.0	0.0	0.0	0.0	0.0	0.0	0.0	0.0	0.0	0.0	0.0	0.0	0.0	0.0	0.0	0.0	0.0	0.0	0.0	0.0	0.0	0.003	0.0	0.0	0.0	0.0	0.0	0.0	0.0	0.0	0.0	0.0	0.0	
Chromosome	6614250	G	C	0.0	0.051	0.0	0.0	0.0	0.0	0.0	0.0	0.0	0.0	0.0	0.0	0.0	0.0	0.0	0.0	0.0	0.0	0.0	0.0	0.0	0.0	0.0	0.0	0.0	0.0	0.0	0.0	0.0	0.0	0.0	0.0	0.0	0.0	0.0	0.0	0.0	0.0	0.0	0.0	0.0	0.006	0.0	0.0	0.0	0.0	0.0	0.0	0.0	0.0	0.0	0.0	0.0	0.0	0.0	0.0	0.0	0.0	0.0	0.0	0.0	0.0	0.0	0.005	0.0	0.0	0.0	0.0	0.0	
Chromosome	6614258	T	A	0.0	0.029	0.0	0.007	0.0	0.0	0.0	0.0	0.0	0.0	0.0	0.009	0.0	0.0	0.0	0.008	0.0	0.0	0.0	0.0	0.01	0.0	0.004	0.0	0.0	0.005	0.0	0.0	0.0	0.0	0.0	0.0	0.0	0.0	0.004	0.006	0.0	0.0	0.0	0.0	0.0	0.0	0.0	0.0	0.0	0.004	0.004	0.0	0.0	0.0	0.0	0.0	0.0	0.0	0.007	0.0	0.0	0.0	0.0	0.0	0.0	0.0	0.0	0.0	0.0	0.0	0.0	0.0	0.0	
Chromosome	6614259	GCC	G	0.003	0.022	0.027	0.014	0.0	0.004	0.0	0.0	0.0	0.005	0.0	0.013	0.005	0.009	0.0	0.007	0.014	0.014	0.0	0.006	0.01	0.0	0.004	0.017	0.0	0.01	0.007	0.007	0.0	0.0	0.005	0.005	0.004	0.005	0.0	0.0	0.011	0.011	0.004	0.005	0.012	0.006	0.0	0.0	0.004	0.011	0.002	0.017	0.006	0.008	0.0	0.0	0.015	0.017	0.0	0.0	0.0	0.003	0.01	0.003	0.012	0.0	0.004	0.015	0.004	0.008	0.011	0.0	0.022	
Chromosome	6614263	C	T	0.0	0.029	0.0	0.0	0.0	0.0	0.0	0.0	0.0	0.0	0.0	0.009	0.0	0.0	0.0	0.0	0.0	0.0	0.0	0.0	0.0	0.0	0.008	0.0	0.0	0.0	0.0	0.0	0.0	0.0	0.0	0.0	0.0	0.0	0.0	0.0	0.0	0.0	0.0	0.0	0.0	0.0	0.0	0.0	0.004	0.0	0.0	0.0	0.0	0.0	0.0	0.0	0.0	0.0	0.0	0.0	0.0	0.003	0.0	0.0	0.0	0.0	0.0	0.0	0.0	0.0	0.0	0.0	0.0	
Chromosome	6689701	T	G	0.191	0.135	0.242	0.216	0.23	0.15	0.229	0.226	0.309	0.221	0.161	0.144	0.135	0.153	0.256	0.262	0.262	0.265	0.265	0.247	0.271	0.184	0.164	0.223	0.184	0.173	0.254	0.189	0.131	0.191	0.19	0.265	0.244	0.248	0.223	0.0	0.213	0.217	0.257	0.005	0.335	0.005	0.134	0.243	0.279	0.143	0.21	0.232	0.285	0.268	0.216	0.208	0.234	0.205	0.25	0.218	0.18	0.137	0.0	0.233	0.238	0.206	0.17	0.168	0.225	0.271	0.209	0.183	0.0	
Chromosome	6689709	A	C	0.17	0.117	0.236	0.26	0.272	0.328	0.265	0.239	0.282	0.303	0.246	0.215	0.327	0.351	0.283	0.286	0.292	0.307	0.307	0.265	0.297	0.298	0.251	0.257	0.265	0.2	0.216	0.153	0.217	0.341	0.382	0.294	0.234	0.219	0.222	0.009	0.214	0.252	0.259	0.005	0.341	0.01	0.217	0.247	0.216	0.186	0.185	0.248	0.32	0.288	0.248	0.261	0.234	0.252	0.263	0.431	0.373	0.317	0.008	0.193	0.261	0.21	0.243	0.261	0.218	0.214	0.187	0.197	0.0	
Chromosome	6909093	C	G	0.003	0.037	0.0	0.0	0.0	0.0	0.0	0.0	0.0	0.0	0.008	0.0	0.007	0.0	0.0	0.0	0.0	0.0	0.0	0.005	0.0	0.0	0.0	0.008	0.0	0.0	0.0	0.0	0.0	0.0	0.017	0.004	0.003	0.0	0.0	0.0	0.0	0.0	0.0	0.0	0.0	0.005	0.0	0.0	0.0	0.0	0.0	0.0	0.0	0.0	0.0	0.0	0.0	0.0	0.0	0.0	0.005	0.0	0.005	0.0	0.003	0.0	0.0	0.016	0.0	0.0	0.0	0.0	0.0	
Chromosome	6909100	G	C	0.003	0.036	0.0	0.0	0.0	0.003	0.0	0.0	0.0	0.0	0.008	0.0	0.011	0.0	0.0	0.0	0.0	0.0	0.0	0.0	0.004	0.0	0.003	0.004	0.0	0.0	0.0	0.0	0.0	0.0	0.02	0.004	0.0	0.0	0.0	0.0	0.0	0.005	0.0	0.0	0.0	0.0	0.0	0.0	0.0	0.0	0.0	0.0	0.0	0.0	0.0	0.0	0.0	0.0	0.0	0.0	0.004	0.0	0.0	0.0	0.003	0.0	0.0	0.016	0.0	0.0	0.0	0.0	0.0	
Chromosome	6923330	T	G	0.29	0.253	0.352	0.347	0.411	0.365	0.397	0.421	0.319	0.333	0.374	0.324	0.472	0.587	0.472	0.467	0.396	0.397	0.383	0.427	0.39	0.423	0.307	0.372	0.351	0.382	0.258	0.264	0.271	0.46	0.412	0.466	0.31	0.292	0.261	0.0	0.392	0.372	0.322	0.0	0.42	0.006	0.265	0.283	0.261	0.294	0.261	0.339	0.411	0.474	0.417	0.493	0.376	0.471	0.507	0.588	0.413	0.437	0.0	0.261	0.3	0.279	0.36	0.294	0.352	0.236	0.273	0.232	0.014	
Chromosome	6923335	A	C	0.23	0.167	0.234	0.256	0.336	0.232	0.278	0.272	0.238	0.218	0.259	0.206	0.286	0.424	0.346	0.358	0.269	0.266	0.289	0.295	0.29	0.264	0.244	0.278	0.245	0.262	0.218	0.217	0.208	0.327	0.244	0.268	0.226	0.219	0.207	0.0	0.328	0.267	0.236	0.01	0.306	0.0	0.144	0.213	0.23	0.25	0.221	0.193	0.284	0.285	0.279	0.267	0.26	0.254	0.292	0.273	0.329	0.279	0.01	0.233	0.221	0.207	0.252	0.207	0.223	0.18	0.201	0.24	0.007	
Chromosome	6966376	T	G	0.285	0.341	0.413	0.413	0.413	0.54	0.416	0.309	0.425	0.448	0.357	0.442	0.483	0.545	0.41	0.383	0.276	0.327	0.306	0.373	0.401	0.476	0.483	0.439	0.405	0.444	0.352	0.329	0.396	0.5	0.486	0.379	0.346	0.312	0.312	0.0	0.355	0.342	0.365	0.0	0.273	0.0	0.41	0.392	0.327	0.396	0.323	0.394	0.346	0.365	0.368	0.378	0.429	0.364	0.301	0.308	0.398	0.47	0.0	0.304	0.335	0.345	0.511	0.354	0.393	0.324	0.346	0.338	0.0	
Chromosome	6966410	A	C	0.172	0.219	0.337	0.389	0.365	0.436	0.36	0.241	0.359	0.336	0.325	0.389	0.48	0.479	0.284	0.419	0.375	0.337	0.34	0.495	0.331	0.413	0.365	0.331	0.378	0.375	0.263	0.27	0.323	0.444	0.432	0.343	0.307	0.257	0.241	0.0	0.362	0.313	0.301	0.0	0.333	0.0	0.261	0.333	0.294	0.248	0.229	0.333	0.528	0.369	0.359	0.455	0.477	0.427	0.417	0.476	0.316	0.481	0.006	0.227	0.275	0.201	0.406	0.393	0.351	0.195	0.199	0.255	0.0	
Chromosome	6971539	T	A	0.05	0.071	0.118	0.088	0.137	0.079	0.035	0.06	0.05	0.089	0.083	0.037	0.121	0.158	0.106	0.06	0.076	0.109	0.055	0.094	0.127	0.1	0.041	0.075	0.039	0.049	0.046	0.043	0.066	0.09	0.103	0.068	0.065	0.052	0.04	0.0	0.027	0.058	0.081	0.0	0.027	0.0	0.073	0.011	0.049	0.054	0.05	0.091	0.077	0.075	0.061	0.113	0.065	0.081	0.069	0.107	0.146	0.116	0.0	0.027	0.032	0.066	0.037	0.03	0.073	0.055	0.053	0.039	0.0	
