chromosome	pos	ref	mut	APAW	BedA	BedB	BedC	BedD	Ana1	CipA	CipB	CipC	CLFA	CLFB	CLFC	CombA2	CombA3	CombA	CombAu1	CombAu3	CombAu5	CombB	CombC	CycloA	CycloB	CycloC	EMBA	EMBB	EMBC	INH1	INH2	INHA	LzdA	LzdB	LzdC	M91	M92	M9B	MA_F1	MA_F2	MA_F3	MA_H1	MA_H2	MA_H3	MA_S1	MA_S2	MA_S3	MMCA	MMCB	MMCC	MockA	MockB	MockC	MockD	MockE	MockF	MockG	MockH	MockI	MockJ	MockK	MockL	NANOA	NANOB	NANOC	RIFA	RIFB	RIFC	UV1	UV2	UV3	WT_Msm
Chromosome	202859	T	G	0.083	0.274	0.259	0.214	0.199	0.051	0.119	0.11	0.157	0.151	0.094	0.058	0.216	0.256	0.359	0.195	0.268	0.15	0.217	0.226	0.162	0.214	0.104	0.1	0.095	0.139	0.104	0.087	0.097	0.212	0.208	0.194	0.071	0.081	0.095	0.0	0.177	0.09	0.147	0.006	0.184	0.0	0.16	0.145	0.11	0.102	0.108	0.26	0.241	0.241	0.266	0.281	0.199	0.275	0.281	0.2	0.196	0.23	0.005	0.089	0.13	0.089	0.103	0.143	0.131	0.089	0.077	0.063	0.013	
Chromosome	215758	A	C	0.075	0.126	0.066	0.077	0.079	0.071	0.091	0.048	0.09	0.074	0.087	0.044	0.11	0.062	0.058	0.045	0.053	0.074	0.084	0.044	0.091	0.096	0.09	0.127	0.132	0.066	0.034	0.051	0.08	0.059	0.073	0.065	0.027	0.081	0.07	0.005	0.072	0.098	0.052	0.0	0.073	0.0	0.033	0.09	0.067	0.054	0.075	0.066	0.062	0.068	0.067	0.06	0.058	0.136	0.065	0.053	0.093	0.068	0.004	0.076	0.099	0.062	0.121	0.125	0.107	0.061	0.033	0.056	0.005	
Chromosome	407163	A	C	0.085	0.192	0.109	0.196	0.067	0.007	0.106	0.117	0.084	0.044	0.056	0.06	0.035	0.059	0.172	0.157	0.149	0.13	0.132	0.17	0.115	0.061	0.06	0.049	0.062	0.081	0.101	0.094	0.03	0.025	0.049	0.181	0.086	0.074	0.07	0.01	0.149	0.098	0.099	0.0	0.105	0.0	0.029	0.106	0.102	0.098	0.077	0.147	0.153	0.166	0.223	0.17	0.136	0.176	0.156	0.065	0.047	0.031	0.0	0.093	0.077	0.058	0.051	0.045	0.116	0.088	0.079	0.072	0.0	
Chromosome	426993	A	G	0.0	0.22	0.0	0.0	0.004	0.0	0.0	0.0	0.0	0.0	0.0	0.0	0.0	0.0	0.0	0.0	0.0	0.0	0.0	0.0	0.0	0.0	0.0	0.0	0.0	0.0	0.0	0.0	0.0	0.0	0.0	0.0	0.0	0.002	0.0	0.0	0.0	0.0	0.0	0.0	0.0	0.0	0.0	0.0	0.0	0.0	0.0	0.0	0.0	0.0	0.0	0.0	0.0	0.0	0.0	0.0	0.0	0.0	0.0	0.0	0.0	0.002	0.0	0.0	0.0	0.0	0.0	0.002	0.0	
Chromosome	505410	C	T	0.0	0.0	0.0	0.0	0.0	0.0	0.0	0.0	0.0	0.0	0.0	0.0	0.0	0.0	0.0	0.0	0.0	0.0	0.0	0.0	0.0	0.0	0.0	0.0	0.004	0.0	0.003	0.0	0.0	0.0	0.0	0.0	0.0	0.0	0.0	0.0	0.0	0.0	0.0	0.0	0.0	0.0	0.0	0.0	0.0	0.0	0.0	0.0	0.005	0.0	0.005	0.006	0.0	0.0	0.0	0.0	0.0	0.0	0.0	0.0	0.0	0.0	0.0	0.0	0.0	0.003	0.0	0.0	0.0	
Chromosome	635812	T	G	0.057	0.102	0.091	0.085	0.047	0.027	0.096	0.105	0.069	0.042	0.081	0.024	0.047	0.039	0.065	0.083	0.085	0.038	0.073	0.072	0.064	0.046	0.021	0.061	0.062	0.044	0.039	0.049	0.03	0.053	0.036	0.069	0.034	0.044	0.054	0.0	0.097	0.1	0.066	0.006	0.072	0.007	0.043	0.077	0.057	0.045	0.033	0.043	0.054	0.095	0.084	0.076	0.063	0.078	0.101	0.0	0.01	0.051	0.005	0.049	0.057	0.046	0.069	0.026	0.082	0.051	0.057	0.066	0.0	
Chromosome	645437	T	G	0.109	0.165	0.305	0.194	0.208	0.066	0.161	0.203	0.182	0.177	0.134	0.134	0.218	0.161	0.237	0.212	0.221	0.242	0.244	0.246	0.241	0.199	0.148	0.136	0.115	0.142	0.138	0.13	0.084	0.199	0.172	0.196	0.111	0.123	0.085	0.006	0.149	0.192	0.255	0.0	0.167	0.0	0.118	0.163	0.163	0.13	0.12	0.224	0.234	0.235	0.234	0.219	0.267	0.181	0.235	0.184	0.186	0.192	0.0	0.128	0.138	0.112	0.159	0.163	0.187	0.15	0.154	0.135	0.0	
Chromosome	706123	T	G	0.145	0.195	0.196	0.2	0.155	0.094	0.187	0.222	0.226	0.158	0.104	0.112	0.173	0.132	0.2	0.212	0.221	0.237	0.163	0.243	0.209	0.172	0.167	0.155	0.149	0.15	0.167	0.092	0.128	0.159	0.108	0.251	0.16	0.141	0.143	0.0	0.209	0.181	0.209	0.006	0.205	0.005	0.114	0.151	0.106	0.158	0.138	0.219	0.212	0.236	0.263	0.204	0.225	0.25	0.253	0.205	0.168	0.171	0.005	0.139	0.15	0.164	0.11	0.167	0.186	0.162	0.134	0.171	0.007	
Chromosome	745068	T	G	0.012	0.14	0.132	0.119	0.025	0.007	0.042	0.023	0.04	0.004	0.015	0.026	0.03	0.023	0.028	0.12	0.117	0.118	0.181	0.13	0.043	0.019	0.015	0.012	0.014	0.02	0.003	0.016	0.004	0.009	0.028	0.016	0.006	0.02	0.003	0.006	0.033	0.067	0.011	0.0	0.026	0.0	0.01	0.033	0.009	0.006	0.012	0.112	0.169	0.142	0.16	0.124	0.173	0.143	0.164	0.0	0.04	0.04	0.006	0.014	0.008	0.015	0.018	0.005	0.021	0.007	0.007	0.003	0.0	
Chromosome	767473	T	G	0.075	0.231	0.265	0.273	0.117	0.066	0.196	0.156	0.184	0.078	0.103	0.072	0.157	0.143	0.213	0.266	0.276	0.232	0.31	0.256	0.187	0.143	0.07	0.131	0.103	0.078	0.132	0.105	0.119	0.178	0.136	0.164	0.132	0.12	0.134	0.0	0.201	0.245	0.229	0.006	0.164	0.006	0.103	0.194	0.128	0.104	0.107	0.248	0.274	0.25	0.295	0.293	0.336	0.273	0.248	0.143	0.203	0.137	0.026	0.114	0.099	0.114	0.106	0.087	0.152	0.12	0.111	0.115	0.0	
Chromosome	767484	A	C	0.083	0.33	0.196	0.264	0.191	0.06	0.202	0.213	0.214	0.099	0.111	0.097	0.169	0.133	0.246	0.285	0.273	0.245	0.198	0.252	0.164	0.141	0.135	0.11	0.098	0.123	0.043	0.069	0.063	0.166	0.17	0.112	0.042	0.08	0.062	0.032	0.163	0.162	0.163	0.024	0.166	0.024	0.121	0.176	0.066	0.069	0.068	0.277	0.25	0.223	0.285	0.297	0.192	0.28	0.255	0.105	0.224	0.162	0.026	0.09	0.071	0.109	0.096	0.103	0.084	0.073	0.081	0.048	0.113	
Chromosome	781261	A	C	0.151	0.294	0.265	0.252	0.09	0.034	0.164	0.228	0.181	0.147	0.089	0.116	0.066	0.074	0.273	0.24	0.229	0.288	0.25	0.352	0.25	0.093	0.113	0.117	0.082	0.146	0.122	0.161	0.089	0.109	0.072	0.171	0.15	0.186	0.12	0.0	0.198	0.188	0.237	0.013	0.212	0.0	0.099	0.174	0.147	0.147	0.145	0.324	0.273	0.209	0.303	0.31	0.207	0.313	0.25	0.176	0.096	0.059	0.0	0.194	0.227	0.123	0.118	0.103	0.176	0.14	0.163	0.145	0.0	
Chromosome	788001	A	C	0.258	0.252	0.202	0.325	0.092	0.136	0.229	0.282	0.281	0.195	0.235	0.206	0.113	0.154	0.267	0.263	0.231	0.264	0.222	0.145	0.264	0.057	0.196	0.176	0.258	0.222	0.25	0.234	0.195	0.131	0.113	0.288	0.253	0.249	0.193	0.005	0.275	0.309	0.269	0.008	0.266	0.0	0.16	0.243	0.263	0.269	0.268	0.238	0.21	0.25	0.28	0.206	0.255	0.148	0.183	0.024	0.072	0.098	0.005	0.244	0.241	0.231	0.142	0.157	0.268	0.263	0.257	0.277	0.007	
Chromosome	1039096	T	G	0.009	0.158	0.235	0.0	0.0	0.0	0.0	0.006	0.0	0.005	0.005	0.004	0.0	0.0	0.019	0.011	0.0	0.008	0.0	0.0	0.0	0.004	0.0	0.004	0.0	0.0	0.003	0.0	0.0	0.0	0.0	0.008	0.003	0.005	0.0	0.005	0.0	0.005	0.004	0.0	0.0	0.0	0.005	0.0	0.011	0.0	0.004	0.009	0.0	0.007	0.013	0.007	0.0	0.011	0.007	0.033	0.0	0.004	0.0	0.006	0.003	0.007	0.005	0.0	0.004	0.0	0.004	0.0	0.0	
Chromosome	1048453	A	C	0.011	0.068	0.01	0.045	0.014	0.0	0.016	0.051	0.0	0.02	0.005	0.0	0.009	0.033	0.079	0.035	0.0	0.017	0.038	0.017	0.03	0.036	0.009	0.024	0.011	0.011	0.0	0.004	0.004	0.022	0.006	0.021	0.0	0.009	0.014	0.0	0.015	0.011	0.01	0.007	0.014	0.0	0.03	0.0	0.004	0.004	0.005	0.023	0.046	0.042	0.024	0.014	0.018	0.015	0.02	0.027	0.013	0.014	0.006	0.005	0.0	0.006	0.01	0.006	0.036	0.0	0.008	0.0	0.0	
Chromosome	1203844	T	G	0.076	0.183	0.199	0.152	0.074	0.035	0.074	0.094	0.111	0.083	0.064	0.07	0.091	0.068	0.134	0.145	0.133	0.108	0.188	0.097	0.139	0.095	0.084	0.059	0.07	0.094	0.081	0.069	0.053	0.061	0.081	0.177	0.079	0.078	0.065	0.0	0.069	0.097	0.078	0.005	0.086	0.006	0.081	0.068	0.063	0.065	0.079	0.132	0.151	0.171	0.146	0.12	0.129	0.169	0.203	0.048	0.032	0.056	0.0	0.074	0.089	0.073	0.041	0.073	0.138	0.068	0.086	0.074	0.0	
Chromosome	1341535	T	TGGCTCTTCGCACTTGACGGTGTAGAGA	0.0	0.0	0.0	0.0	0.0	0.0	0.0	0.0	0.0	0.0	0.0	0.0	0.0	0.0	0.0	0.0	0.0	0.0	0.0	0.0	0.0	0.0	0.0	0.0	0.0	0.0	0.0	0.0	0.0	0.0	0.0	0.0	0.0	0.0	0.0	0.0	0.0	0.0	0.0	0.0	0.0	0.0	0.0	0.0	0.0	0.0	0.0	0.0	0.0	0.0	0.0	0.0	0.0	0.0	0.0	0.0	0.0	0.0	0.0	0.0	0.0	0.0	0.0	0.0	0.0	0.0	0.0	0.0	0.0	
Chromosome	1385245	A	C	0.089	0.153	0.126	0.137	0.108	0.083	0.179	0.161	0.137	0.184	0.178	0.179	0.172	0.167	0.203	0.158	0.089	0.115	0.1	0.134	0.105	0.096	0.155	0.121	0.189	0.165	0.103	0.121	0.082	0.158	0.167	0.164	0.091	0.126	0.105	0.006	0.14	0.172	0.144	0.012	0.157	0.0	0.124	0.121	0.125	0.124	0.099	0.154	0.137	0.14	0.131	0.114	0.135	0.198	0.075	0.186	0.132	0.158	0.0	0.117	0.139	0.103	0.197	0.17	0.174	0.1	0.09	0.115	0.007	
Chromosome	1574111	T	G	0.091	0.243	0.197	0.163	0.134	0.08	0.096	0.108	0.124	0.085	0.112	0.151	0.153	0.171	0.231	0.173	0.168	0.186	0.184	0.246	0.117	0.08	0.116	0.117	0.125	0.129	0.064	0.048	0.07	0.109	0.187	0.119	0.102	0.09	0.084	0.005	0.119	0.12	0.1	0.006	0.148	0.0	0.081	0.118	0.118	0.063	0.066	0.209	0.16	0.17	0.197	0.252	0.28	0.207	0.157	0.085	0.116	0.119	0.0	0.08	0.062	0.106	0.076	0.094	0.078	0.061	0.069	0.062	0.0	
Chromosome	1756627	T	G	0.135	0.225	0.149	0.21	0.097	0.048	0.142	0.17	0.136	0.126	0.139	0.101	0.108	0.082	0.211	0.201	0.176	0.201	0.218	0.148	0.152	0.061	0.101	0.099	0.1	0.115	0.094	0.092	0.077	0.099	0.086	0.184	0.128	0.11	0.079	0.005	0.177	0.178	0.104	0.007	0.155	0.006	0.086	0.165	0.108	0.112	0.116	0.257	0.2	0.134	0.205	0.272	0.225	0.252	0.211	0.125	0.045	0.109	0.006	0.105	0.115	0.042	0.083	0.083	0.155	0.104	0.104	0.087	0.0	
Chromosome	1939109	A	G	0.0	0.0	0.0	0.0	0.0	0.0	0.0	0.0	0.0	0.0	0.0	0.018	0.0	0.0	0.0	0.0	0.0	0.0	0.0	0.0	0.0	0.0	0.0	0.0	0.0	0.0	0.0	0.0	0.0	0.0	0.0	0.0	0.0	0.0	0.0	0.0	0.0	0.0	0.0	0.0	0.0	0.0	0.0	0.0	0.0	0.01	0.0	0.0	0.0	0.0	0.0	0.038	0.0	0.0	0.0	0.0	0.0	0.0	0.0	0.0	0.0	0.0	0.0	0.0	0.0	0.0	0.0	0.0	0.0	
Chromosome	1979870	T	G	0.143	0.285	0.246	0.26	0.197	0.072	0.258	0.212	0.302	0.121	0.169	0.157	0.207	0.135	0.276	0.297	0.294	0.187	0.25	0.197	0.299	0.167	0.102	0.126	0.168	0.2	0.139	0.142	0.088	0.19	0.188	0.18	0.173	0.143	0.118	0.005	0.249	0.198	0.159	0.0	0.201	0.0	0.121	0.218	0.143	0.177	0.15	0.285	0.248	0.372	0.386	0.282	0.264	0.338	0.255	0.167	0.24	0.283	0.0	0.127	0.144	0.093	0.131	0.142	0.188	0.125	0.134	0.141	0.011	
Chromosome	2117924	A	C	0.205	0.273	0.344	0.321	0.286	0.18	0.224	0.288	0.303	0.168	0.246	0.244	0.289	0.32	0.318	0.223	0.281	0.287	0.295	0.349	0.273	0.26	0.238	0.19	0.291	0.266	0.239	0.219	0.177	0.258	0.278	0.322	0.206	0.207	0.231	0.006	0.242	0.219	0.219	0.0	0.212	0.0	0.195	0.215	0.215	0.211	0.225	0.3	0.19	0.266	0.309	0.267	0.296	0.25	0.351	0.37	0.352	0.259	0.0	0.222	0.231	0.19	0.192	0.138	0.247	0.157	0.152	0.228	0.0	
Chromosome	2117927	T	G	0.145	0.202	0.237	0.252	0.161	0.172	0.169	0.2	0.253	0.165	0.182	0.166	0.152	0.149	0.218	0.221	0.261	0.13	0.225	0.208	0.226	0.129	0.129	0.179	0.185	0.214	0.187	0.209	0.123	0.145	0.146	0.245	0.176	0.233	0.234	0.0	0.295	0.212	0.213	0.0	0.236	0.0	0.081	0.157	0.173	0.205	0.197	0.22	0.183	0.225	0.271	0.167	0.234	0.225	0.247	0.079	0.182	0.149	0.0	0.197	0.183	0.173	0.163	0.117	0.214	0.167	0.163	0.197	0.0	
Chromosome	2154676	T	G	0.046	0.117	0.192	0.137	0.142	0.042	0.135	0.137	0.1	0.088	0.046	0.063	0.172	0.158	0.2	0.217	0.179	0.242	0.155	0.19	0.163	0.171	0.043	0.049	0.055	0.044	0.072	0.055	0.015	0.163	0.116	0.166	0.031	0.044	0.022	0.0	0.144	0.162	0.132	0.0	0.12	0.0	0.118	0.164	0.065	0.029	0.055	0.164	0.162	0.136	0.119	0.16	0.168	0.189	0.179	0.278	0.158	0.192	0.0	0.06	0.045	0.028	0.055	0.055	0.082	0.074	0.07	0.052	0.0	
Chromosome	2154684	A	C	0.121	0.229	0.244	0.25	0.191	0.091	0.211	0.185	0.166	0.17	0.116	0.126	0.193	0.22	0.242	0.335	0.162	0.229	0.196	0.227	0.176	0.184	0.141	0.155	0.101	0.142	0.084	0.077	0.086	0.211	0.224	0.244	0.088	0.105	0.099	0.0	0.181	0.217	0.134	0.013	0.182	0.0	0.093	0.173	0.111	0.089	0.112	0.217	0.227	0.209	0.192	0.223	0.219	0.286	0.241	0.346	0.211	0.153	0.0	0.116	0.13	0.093	0.13	0.135	0.153	0.123	0.096	0.109	0.0	
Chromosome	2579189	A	C	0.173	0.268	0.276	0.242	0.322	0.134	0.271	0.222	0.31	0.219	0.219	0.213	0.261	0.246	0.282	0.237	0.297	0.183	0.206	0.319	0.253	0.25	0.187	0.23	0.232	0.224	0.248	0.226	0.202	0.275	0.243	0.239	0.21	0.225	0.223	0.006	0.273	0.263	0.274	0.0	0.395	0.0	0.226	0.303	0.277	0.259	0.226	0.283	0.34	0.287	0.219	0.263	0.281	0.333	0.308	0.238	0.256	0.256	0.0	0.225	0.219	0.226	0.154	0.254	0.234	0.26	0.238	0.244	0.013	
Chromosome	2579192	T	G	0.107	0.159	0.18	0.16	0.157	0.06	0.187	0.17	0.28	0.126	0.119	0.105	0.096	0.071	0.119	0.179	0.172	0.108	0.134	0.197	0.16	0.117	0.09	0.132	0.11	0.222	0.141	0.143	0.079	0.125	0.112	0.129	0.099	0.097	0.119	0.006	0.187	0.159	0.172	0.006	0.26	0.005	0.093	0.161	0.135	0.165	0.156	0.158	0.17	0.15	0.136	0.15	0.163	0.194	0.164	0.087	0.135	0.125	0.006	0.134	0.111	0.089	0.096	0.164	0.174	0.111	0.142	0.084	0.0	
Chromosome	2640819	T	G	0.235	0.283	0.244	0.227	0.274	0.227	0.343	0.349	0.35	0.331	0.336	0.341	0.333	0.364	0.32	0.308	0.258	0.227	0.27	0.287	0.254	0.248	0.363	0.42	0.327	0.287	0.372	0.325	0.214	0.435	0.297	0.263	0.3	0.317	0.366	0.006	0.368	0.265	0.303	0.011	0.271	0.0	0.322	0.316	0.329	0.308	0.336	0.236	0.198	0.264	0.27	0.321	0.299	0.304	0.301	0.438	0.338	0.354	0.0	0.292	0.326	0.319	0.283	0.294	0.358	0.374	0.308	0.367	0.008	
Chromosome	2640825	T	G	0.246	0.276	0.153	0.167	0.124	0.136	0.286	0.325	0.308	0.201	0.206	0.157	0.151	0.14	0.284	0.25	0.176	0.172	0.216	0.271	0.249	0.13	0.21	0.221	0.131	0.158	0.276	0.264	0.105	0.184	0.152	0.268	0.267	0.307	0.308	0.006	0.331	0.213	0.247	0.005	0.227	0.0	0.213	0.285	0.262	0.285	0.283	0.2	0.214	0.195	0.179	0.25	0.205	0.233	0.219	0.185	0.149	0.146	0.0	0.263	0.249	0.27	0.129	0.165	0.309	0.312	0.243	0.264	0.008	
Chromosome	2640836	A	C	0.198	0.225	0.227	0.157	0.101	0.023	0.233	0.28	0.243	0.071	0.1	0.053	0.039	0.036	0.283	0.284	0.23	0.183	0.173	0.24	0.218	0.102	0.096	0.115	0.05	0.068	0.256	0.23	0.049	0.086	0.097	0.209	0.213	0.245	0.274	0.017	0.282	0.179	0.227	0.0	0.219	0.01	0.081	0.239	0.231	0.212	0.265	0.203	0.143	0.174	0.222	0.224	0.178	0.207	0.209	0.08	0.069	0.049	0.006	0.251	0.24	0.245	0.06	0.057	0.289	0.265	0.228	0.241	0.015	
Chromosome	2726490	A	G	0.007	0.13	0.134	0.0	0.0	0.007	0.0	0.0	0.0	0.0	0.0	0.0	0.0	0.0	0.0	0.0	0.006	0.0	0.0	0.0	0.004	0.0	0.0	0.0	0.0	0.0	0.0	0.0	0.0	0.0	0.004	0.0	0.0	0.0	0.006	0.004	0.0	0.006	0.005	0.0	0.0	0.0	0.0	0.0	0.0	0.0	0.0	0.0	0.0	0.0	0.0	0.0	0.0	0.007	0.0	0.0	0.0	0.0	0.006	0.002	0.0	0.0	0.0	0.0	0.0	0.0	0.0	0.0	0.0	
Chromosome	2946508	A	C	0.246	0.217	0.231	0.185	0.093	0.101	0.214	0.243	0.283	0.125	0.082	0.143	0.089	0.048	0.182	0.213	0.25	0.216	0.198	0.211	0.218	0.103	0.136	0.094	0.074	0.169	0.226	0.268	0.122	0.069	0.05	0.24	0.201	0.204	0.213	0.007	0.327	0.318	0.269	0.007	0.321	0.013	0.123	0.293	0.197	0.281	0.231	0.284	0.258	0.273	0.293	0.171	0.168	0.185	0.333	0.056	0.071	0.058	0.0	0.227	0.227	0.227	0.159	0.182	0.219	0.23	0.269	0.168	0.01	
Chromosome	2952396	T	G	0.089	0.217	0.175	0.175	0.207	0.085	0.18	0.152	0.203	0.18	0.095	0.114	0.259	0.289	0.123	0.199	0.264	0.271	0.257	0.11	0.21	0.172	0.144	0.122	0.151	0.14	0.086	0.082	0.087	0.18	0.169	0.21	0.06	0.105	0.056	0.005	0.139	0.194	0.109	0.0	0.186	0.0	0.096	0.168	0.063	0.09	0.12	0.186	0.203	0.243	0.2	0.145	0.219	0.211	0.21	0.182	0.209	0.188	0.0	0.096	0.073	0.061	0.136	0.102	0.103	0.051	0.091	0.075	0.0	
Chromosome	2954776	G	A	0.0	0.136	0.0	0.0	0.0	0.0	0.0	0.0	0.0	0.0	0.0	0.0	0.0	0.0	0.0	0.0	0.006	0.0	0.0	0.0	0.0	0.0	0.0	0.0	0.0	0.0	0.0	0.0	0.0	0.0	0.0	0.0	0.0	0.0	0.0	0.0	0.0	0.0	0.0	0.0	0.0	0.0	0.0	0.005	0.0	0.0	0.0	0.0	0.0	0.0	0.0	0.0	0.0	0.0	0.0	0.0	0.0	0.0	0.0	0.0	0.0	0.0	0.0	0.004	0.0	0.0	0.0	0.0	0.0	
Chromosome	3096307	T	A	0.052	0.119	0.114	0.082	0.11	0.021	0.069	0.077	0.066	0.078	0.05	0.016	0.071	0.089	0.041	0.108	0.117	0.119	0.113	0.136	0.082	0.055	0.035	0.029	0.038	0.038	0.013	0.015	0.03	0.062	0.068	0.067	0.079	0.071	0.033	0.0	0.04	0.05	0.103	0.0	0.097	0.0	0.048	0.074	0.032	0.06	0.054	0.091	0.12	0.11	0.108	0.156	0.055	0.11	0.094	0.143	0.058	0.081	0.0	0.051	0.031	0.025	0.033	0.045	0.077	0.057	0.056	0.032	0.007	
Chromosome	3096315	T	A	0.053	0.083	0.126	0.126	0.071	0.032	0.073	0.13	0.094	0.063	0.067	0.024	0.074	0.097	0.101	0.135	0.162	0.135	0.139	0.135	0.151	0.061	0.04	0.052	0.041	0.053	0.045	0.046	0.034	0.058	0.076	0.086	0.072	0.068	0.036	0.0	0.041	0.06	0.117	0.0	0.084	0.0	0.054	0.059	0.057	0.062	0.068	0.103	0.157	0.102	0.139	0.145	0.051	0.11	0.115	0.147	0.058	0.092	0.0	0.054	0.039	0.035	0.056	0.049	0.07	0.07	0.048	0.041	0.0	
Chromosome	3123426	T	G	0.146	0.244	0.243	0.258	0.263	0.126	0.228	0.21	0.237	0.243	0.218	0.161	0.27	0.245	0.343	0.197	0.273	0.209	0.254	0.204	0.286	0.241	0.283	0.173	0.237	0.205	0.135	0.095	0.131	0.256	0.257	0.206	0.154	0.163	0.142	0.006	0.287	0.24	0.205	0.0	0.195	0.007	0.176	0.237	0.155	0.113	0.163	0.248	0.169	0.377	0.25	0.245	0.33	0.227	0.246	0.348	0.246	0.188	0.0	0.189	0.178	0.115	0.226	0.19	0.214	0.123	0.119	0.135	0.0	
Chromosome	3270887	T	G	0.114	0.18	0.121	0.184	0.068	0.089	0.215	0.174	0.13	0.048	0.065	0.086	0.053	0.078	0.104	0.156	0.132	0.126	0.159	0.176	0.171	0.074	0.091	0.089	0.07	0.091	0.109	0.096	0.044	0.046	0.079	0.167	0.096	0.07	0.043	0.0	0.085	0.103	0.106	0.03	0.107	0.006	0.026	0.132	0.1	0.097	0.067	0.23	0.181	0.155	0.133	0.155	0.188	0.195	0.143	0.0	0.037	0.086	0.015	0.067	0.085	0.056	0.056	0.049	0.144	0.079	0.094	0.097	0.009	
Chromosome	3604356	T	G	0.049	0.139	0.096	0.085	0.124	0.027	0.063	0.054	0.101	0.084	0.056	0.08	0.084	0.057	0.147	0.076	0.037	0.063	0.085	0.104	0.11	0.084	0.09	0.111	0.062	0.061	0.064	0.073	0.065	0.121	0.092	0.087	0.063	0.057	0.053	0.0	0.07	0.07	0.094	0.007	0.029	0.0	0.063	0.118	0.046	0.068	0.063	0.071	0.108	0.114	0.085	0.099	0.032	0.094	0.086	0.037	0.113	0.048	0.014	0.061	0.072	0.077	0.05	0.055	0.072	0.088	0.037	0.072	0.022	
Chromosome	3777630	T	.	0.0	0.0	0.0	0.0	0.0	0.0	0.0	0.0	0.0	0.0	0.0	0.0	0.0	0.0	0.0	0.0	0.0	0.0	0.0	0.0	0.0	0.0	0.0	0.0	0.0	0.0	0.0	0.0	0.0	0.0	0.0	0.0	0.0	0.0	0.0	0.0	0.0	0.0	0.0	0.0	0.0	0.0	0.0	0.0	0.0	0.0	0.0	0.0	0.0	0.0	0.0	0.0	0.0	0.0	0.0	0.0	0.0	0.0	0.0	0.0	0.0	0.0	0.0	0.0	0.0	0.0	0.0	0.0	0.0	
Chromosome	3862940	A	C	0.051	0.212	0.213	0.23	0.109	0.065	0.142	0.053	0.131	0.045	0.109	0.068	0.082	0.104	0.129	0.195	0.154	0.248	0.154	0.2	0.108	0.096	0.055	0.074	0.091	0.098	0.056	0.065	0.042	0.104	0.087	0.134	0.06	0.056	0.067	0.0	0.094	0.054	0.076	0.0	0.135	0.0	0.054	0.092	0.095	0.051	0.065	0.12	0.202	0.156	0.122	0.185	0.153	0.151	0.255	0.156	0.036	0.064	0.0	0.057	0.043	0.046	0.069	0.045	0.097	0.048	0.047	0.034	0.0	
Chromosome	3965512	A	C	0.072	0.134	0.138	0.108	0.083	0.049	0.07	0.108	0.118	0.124	0.109	0.077	0.116	0.096	0.051	0.144	0.121	0.053	0.19	0.14	0.127	0.114	0.052	0.08	0.081	0.086	0.106	0.089	0.069	0.133	0.111	0.153	0.067	0.077	0.07	0.0	0.073	0.077	0.092	0.0	0.096	0.012	0.084	0.116	0.056	0.056	0.085	0.079	0.112	0.146	0.137	0.15	0.183	0.139	0.143	0.107	0.086	0.103	0.006	0.062	0.094	0.08	0.105	0.087	0.09	0.07	0.054	0.044	0.007	
Chromosome	4000350	A	C	0.102	0.152	0.1	0.148	0.144	0.031	0.126	0.145	0.085	0.084	0.055	0.092	0.083	0.038	0.128	0.185	0.192	0.171	0.127	0.176	0.1	0.071	0.089	0.1	0.097	0.078	0.11	0.067	0.044	0.087	0.098	0.154	0.108	0.104	0.108	0.005	0.152	0.15	0.149	0.0	0.144	0.0	0.089	0.156	0.076	0.08	0.102	0.176	0.167	0.148	0.157	0.116	0.168	0.189	0.167	0.095	0.083	0.103	0.006	0.106	0.106	0.091	0.079	0.104	0.114	0.121	0.112	0.084	0.0	
Chromosome	4213621	GAT	G	0.005	0.101	0.0	0.014	0.0	0.006	0.008	0.0	0.009	0.0	0.004	0.008	0.007	0.0	0.01	0.019	0.006	0.0	0.0	0.0	0.018	0.004	0.006	0.004	0.004	0.008	0.003	0.009	0.0	0.005	0.005	0.0	0.0	0.007	0.009	0.009	0.0	0.006	0.005	0.0	0.01	0.01	0.0	0.0	0.0	0.011	0.005	0.017	0.0	0.0	0.013	0.013	0.0	0.013	0.016	0.0	0.006	0.0	0.0	0.004	0.005	0.0	0.004	0.004	0.004	0.003	0.005	0.003	0.006	
Chromosome	4214560	C	A	0.452	0.441	0.444	0.525	0.503	0.533	0.477	0.478	0.474	0.465	0.518	0.466	0.465	0.544	0.5	0.53	0.506	0.48	0.485	0.401	0.533	0.478	0.449	0.475	0.494	0.517	0.494	0.476	0.515	0.485	0.48	0.481	0.502	0.45	0.481	0.463	0.458	0.491	0.505	0.538	0.511	0.524	0.498	0.496	0.478	0.497	0.486	0.431	0.453	0.479	0.42	0.509	0.468	0.49	0.472	0.509	0.462	0.494	0.408	0.494	0.506	0.43	0.49	0.489	0.515	0.442	0.432	0.326	0.498	
Chromosome	4214739	G	GT	0.34	0.304	0.332	0.352	0.324	0.395	0.364	0.304	0.32	0.338	0.351	0.336	0.368	0.472	0.392	0.342	0.38	0.312	0.339	0.353	0.34	0.358	0.313	0.303	0.316	0.331	0.332	0.321	0.353	0.327	0.388	0.339	0.358	0.305	0.333	0.327	0.332	0.362	0.287	0.317	0.332	0.357	0.306	0.309	0.32	0.334	0.355	0.331	0.371	0.301	0.321	0.371	0.324	0.352	0.367	0.535	0.391	0.331	0.26	0.338	0.314	0.329	0.36	0.327	0.316	0.303	0.304	0.266	0.329	
Chromosome	4214852	A	AG	0.06	0.043	0.078	0.072	0.05	0.074	0.058	0.023	0.048	0.056	0.076	0.083	0.069	0.07	0.099	0.049	0.107	0.048	0.074	0.046	0.047	0.057	0.059	0.07	0.045	0.05	0.069	0.061	0.07	0.066	0.067	0.066	0.062	0.073	0.066	0.022	0.065	0.047	0.037	0.051	0.087	0.097	0.015	0.066	0.044	0.084	0.064	0.024	0.074	0.088	0.054	0.039	0.026	0.069	0.048	0.065	0.06	0.058	0.082	0.057	0.058	0.053	0.058	0.067	0.049	0.073	0.054	0.058	0.045	
Chromosome	4214853	C	CAAT	0.0	0.0	0.0	0.008	0.0	0.0	0.004	0.0	0.0	0.0	0.013	0.003	0.0	0.0	0.0	0.006	0.0	0.0	0.006	0.0	0.0	0.004	0.0	0.008	0.003	0.0	0.0	0.003	0.004	0.0	0.004	0.0	0.0	0.0	0.003	0.011	0.0	0.006	0.0	0.034	0.0	0.067	0.0	0.004	0.0	0.0	0.004	0.0	0.0	0.0	0.0	0.007	0.0	0.006	0.008	0.0	0.004	0.006	0.06	0.0	0.0	0.0	0.008	0.009	0.0	0.0	0.0	0.0	0.019	
Chromosome	4214855	A	ATCAAT	0.045	0.05	0.07	0.072	0.049	0.048	0.05	0.009	0.039	0.042	0.082	0.072	0.07	0.066	0.096	0.044	0.102	0.049	0.067	0.041	0.045	0.046	0.048	0.066	0.041	0.039	0.058	0.066	0.071	0.065	0.071	0.058	0.069	0.069	0.071	0.022	0.059	0.048	0.036	0.045	0.078	0.078	0.015	0.062	0.044	0.067	0.06	0.04	0.07	0.081	0.048	0.052	0.027	0.07	0.056	0.107	0.055	0.061	0.05	0.052	0.072	0.057	0.058	0.058	0.057	0.062	0.05	0.051	0.032	
Chromosome	4214859	C	T	0.036	0.042	0.073	0.065	0.044	0.045	0.036	0.009	0.041	0.049	0.07	0.058	0.061	0.05	0.085	0.033	0.101	0.052	0.059	0.036	0.042	0.04	0.046	0.059	0.039	0.032	0.057	0.062	0.066	0.051	0.056	0.051	0.066	0.069	0.059	0.023	0.056	0.049	0.025	0.046	0.073	0.077	0.015	0.061	0.039	0.061	0.052	0.043	0.065	0.051	0.049	0.041	0.028	0.071	0.058	0.088	0.05	0.058	0.052	0.05	0.059	0.048	0.051	0.052	0.051	0.05	0.047	0.05	0.028	
Chromosome	4214862	C	G	0.033	0.043	0.067	0.058	0.034	0.041	0.032	0.005	0.036	0.04	0.059	0.05	0.062	0.051	0.076	0.02	0.088	0.042	0.06	0.03	0.035	0.04	0.037	0.056	0.036	0.029	0.051	0.06	0.066	0.047	0.052	0.037	0.06	0.057	0.046	0.023	0.04	0.031	0.025	0.029	0.061	0.066	0.01	0.049	0.034	0.057	0.041	0.034	0.048	0.044	0.029	0.021	0.022	0.056	0.057	0.09	0.046	0.052	0.041	0.038	0.047	0.038	0.047	0.044	0.044	0.04	0.029	0.04	0.014	
Chromosome	4214864	C	A	0.031	0.034	0.057	0.057	0.03	0.03	0.032	0.01	0.045	0.04	0.042	0.044	0.055	0.051	0.066	0.021	0.084	0.034	0.048	0.045	0.031	0.032	0.03	0.049	0.036	0.022	0.051	0.043	0.055	0.033	0.045	0.024	0.052	0.049	0.04	0.018	0.034	0.019	0.024	0.024	0.037	0.066	0.01	0.041	0.03	0.051	0.035	0.034	0.034	0.038	0.028	0.021	0.022	0.042	0.048	0.078	0.034	0.041	0.03	0.033	0.038	0.038	0.035	0.04	0.044	0.04	0.035	0.037	0.014	
Chromosome	4214865	C	T	0.025	0.026	0.047	0.056	0.027	0.024	0.016	0.005	0.032	0.035	0.024	0.037	0.044	0.052	0.041	0.021	0.066	0.034	0.048	0.038	0.023	0.027	0.03	0.041	0.035	0.015	0.047	0.039	0.047	0.029	0.046	0.021	0.042	0.049	0.043	0.012	0.028	0.019	0.024	0.018	0.037	0.066	0.01	0.037	0.027	0.047	0.032	0.034	0.034	0.03	0.028	0.014	0.015	0.042	0.048	0.078	0.022	0.028	0.03	0.029	0.038	0.035	0.022	0.035	0.037	0.036	0.026	0.033	0.014	
Chromosome	4288119	C	T	0.0	0.282	0.0	0.0	0.004	0.0	0.0	0.0	0.0	0.0	0.0	0.0	0.0	0.0	0.0	0.006	0.0	0.0	0.0	0.0	0.0	0.0	0.0	0.0	0.0	0.0	0.0	0.0	0.0	0.0	0.0	0.0	0.0	0.0	0.0	0.0	0.0	0.0	0.0	0.0	0.0	0.0	0.0	0.0	0.0	0.0	0.0	0.0	0.0	0.0	0.0	0.006	0.0	0.0	0.0	0.0	0.0	0.0	0.0	0.0	0.0	0.003	0.0	0.0	0.0	0.0	0.0	0.0	0.0	
Chromosome	4676699	A	C	0.079	0.154	0.089	0.14	0.092	0.033	0.142	0.075	0.138	0.066	0.103	0.093	0.145	0.131	0.145	0.109	0.143	0.098	0.107	0.114	0.166	0.114	0.12	0.106	0.091	0.082	0.073	0.067	0.06	0.135	0.127	0.111	0.068	0.048	0.069	0.005	0.115	0.142	0.135	0.0	0.154	0.0	0.141	0.126	0.059	0.05	0.075	0.152	0.07	0.107	0.109	0.107	0.083	0.132	0.127	0.062	0.096	0.089	0.0	0.069	0.1	0.091	0.104	0.075	0.122	0.056	0.075	0.066	0.007	
Chromosome	4818449	G	A	0.0	0.203	0.0	0.0	0.0	0.0	0.0	0.013	0.0	0.0	0.0	0.0	0.0	0.0	0.0	0.0	0.0	0.0	0.0	0.0	0.0	0.0	0.0	0.0	0.0	0.0	0.0	0.0	0.0	0.0	0.0	0.0	0.0	0.003	0.0	0.0	0.0	0.0	0.0	0.0	0.0	0.0	0.0	0.0	0.0	0.0	0.0	0.0	0.0	0.0	0.0	0.0	0.0	0.0	0.0	0.0	0.0	0.0	0.0	0.0	0.0	0.0	0.0	0.0	0.0	0.0	0.0	0.0	0.006	
Chromosome	4987024	A	C	0.1	0.16	0.167	0.115	0.208	0.072	0.107	0.093	0.142	0.058	0.081	0.074	0.128	0.148	0.221	0.16	0.151	0.195	0.129	0.154	0.144	0.171	0.067	0.078	0.069	0.056	0.069	0.064	0.065	0.181	0.166	0.155	0.098	0.064	0.068	0.0	0.115	0.076	0.133	0.0	0.113	0.0	0.085	0.136	0.07	0.039	0.068	0.162	0.142	0.168	0.206	0.138	0.103	0.214	0.262	0.125	0.138	0.135	0.0	0.053	0.062	0.051	0.078	0.063	0.106	0.053	0.058	0.052	0.007	
Chromosome	5359295	T	G	0.094	0.196	0.232	0.237	0.097	0.028	0.107	0.175	0.121	0.101	0.091	0.098	0.132	0.15	0.22	0.211	0.246	0.184	0.199	0.279	0.23	0.119	0.086	0.107	0.086	0.086	0.09	0.1	0.05	0.116	0.164	0.217	0.115	0.091	0.075	0.005	0.164	0.195	0.187	0.0	0.133	0.0	0.08	0.158	0.091	0.095	0.109	0.177	0.263	0.243	0.235	0.209	0.205	0.22	0.226	0.096	0.117	0.137	0.0	0.107	0.099	0.05	0.103	0.103	0.143	0.123	0.114	0.078	0.0	
Chromosome	5672093	T	TTCTGGC	0.003	0.076	0.0	0.0	0.0	0.0	0.0	0.0	0.0	0.0	0.0	0.0	0.0	0.0	0.0	0.0	0.0	0.0	0.0	0.0	0.0	0.0	0.147	0.0	0.0	0.009	0.0	0.003	0.0	0.0	0.099	0.066	0.0	0.003	0.0	0.0	0.0	0.0	0.0	0.0	0.0	0.0	0.0	0.0	0.0	0.0	0.009	0.0	0.0	0.0	0.006	0.0	0.0	0.0	0.0	0.0	0.0	0.103	0.0	0.0	0.0	0.0	0.0	0.0	0.004	0.0	0.003	0.0	0.012	
Chromosome	5730207	T	G	0.077	0.22	0.264	0.221	0.105	0.044	0.076	0.117	0.076	0.071	0.083	0.109	0.134	0.136	0.14	0.145	0.16	0.168	0.183	0.109	0.129	0.081	0.067	0.066	0.111	0.095	0.067	0.083	0.032	0.071	0.116	0.147	0.053	0.09	0.08	0.0	0.129	0.137	0.127	0.0	0.099	0.011	0.049	0.102	0.053	0.068	0.068	0.142	0.161	0.161	0.16	0.197	0.139	0.186	0.27	0.068	0.089	0.095	0.0	0.069	0.08	0.05	0.1	0.091	0.095	0.054	0.068	0.076	0.0	
Chromosome	5777174	A	C	0.014	0.118	0.116	0.148	0.045	0.0	0.063	0.045	0.066	0.03	0.047	0.046	0.049	0.05	0.076	0.122	0.157	0.147	0.167	0.139	0.057	0.069	0.07	0.034	0.056	0.054	0.046	0.03	0.012	0.049	0.051	0.06	0.024	0.047	0.035	0.0	0.083	0.083	0.083	0.0	0.092	0.0	0.035	0.052	0.037	0.024	0.03	0.123	0.099	0.142	0.17	0.133	0.163	0.112	0.086	0.0	0.04	0.055	0.0	0.034	0.053	0.044	0.052	0.037	0.062	0.029	0.038	0.032	0.0	
Chromosome	5777187	T	G	0.003	0.119	0.083	0.06	0.034	0.0	0.019	0.03	0.052	0.027	0.005	0.019	0.031	0.008	0.06	0.06	0.087	0.1	0.088	0.09	0.037	0.029	0.021	0.022	0.022	0.026	0.017	0.009	0.006	0.028	0.023	0.015	0.01	0.016	0.014	0.006	0.024	0.01	0.019	0.0	0.047	0.006	0.0	0.022	0.007	0.017	0.008	0.084	0.07	0.087	0.089	0.079	0.094	0.111	0.085	0.029	0.047	0.012	0.01	0.01	0.013	0.013	0.018	0.037	0.022	0.006	0.014	0.013	0.007	
Chromosome	5939331	T	G	0.153	0.29	0.182	0.317	0.126	0.062	0.208	0.176	0.195	0.166	0.168	0.132	0.123	0.042	0.214	0.3	0.291	0.227	0.261	0.259	0.22	0.148	0.133	0.12	0.116	0.168	0.155	0.195	0.073	0.089	0.139	0.177	0.148	0.178	0.174	0.0	0.197	0.209	0.195	0.007	0.239	0.0	0.083	0.215	0.158	0.17	0.189	0.233	0.267	0.262	0.258	0.286	0.255	0.273	0.257	0.125	0.138	0.11	0.013	0.146	0.164	0.131	0.132	0.121	0.19	0.136	0.176	0.134	0.0	
Chromosome	6135898	A	C	0.048	0.276	0.254	0.287	0.133	0.038	0.132	0.151	0.101	0.114	0.079	0.117	0.14	0.126	0.133	0.25	0.295	0.341	0.252	0.239	0.123	0.168	0.084	0.066	0.092	0.075	0.048	0.046	0.042	0.154	0.12	0.109	0.054	0.073	0.048	0.0	0.145	0.132	0.119	0.0	0.119	0.0	0.044	0.122	0.078	0.059	0.039	0.24	0.247	0.262	0.245	0.261	0.254	0.178	0.265	0.162	0.138	0.148	0.006	0.047	0.044	0.054	0.101	0.084	0.135	0.045	0.065	0.061	0.0	
Chromosome	6273839	T	G	0.09	0.213	0.169	0.151	0.119	0.069	0.107	0.072	0.176	0.123	0.055	0.078	0.149	0.11	0.18	0.21	0.226	0.16	0.193	0.151	0.155	0.104	0.088	0.073	0.093	0.093	0.079	0.109	0.084	0.122	0.146	0.142	0.088	0.065	0.085	0.0	0.12	0.137	0.14	0.007	0.136	0.0	0.103	0.178	0.057	0.086	0.091	0.096	0.16	0.23	0.154	0.237	0.137	0.184	0.154	0.161	0.179	0.092	0.0	0.119	0.096	0.077	0.083	0.037	0.116	0.09	0.091	0.081	0.0	
Chromosome	6458276	T	G	0.134	0.17	0.152	0.155	0.139	0.135	0.152	0.154	0.131	0.119	0.164	0.163	0.152	0.081	0.123	0.133	0.088	0.157	0.154	0.132	0.136	0.123	0.148	0.145	0.118	0.147	0.113	0.143	0.093	0.174	0.168	0.144	0.155	0.125	0.07	0.0	0.131	0.146	0.176	0.005	0.155	0.0	0.107	0.149	0.11	0.117	0.096	0.135	0.134	0.165	0.195	0.145	0.179	0.197	0.138	0.026	0.106	0.125	0.0	0.105	0.119	0.112	0.127	0.101	0.114	0.103	0.122	0.066	0.0	
Chromosome	6966410	A	C	0.172	0.337	0.389	0.365	0.436	0.219	0.36	0.241	0.359	0.336	0.325	0.389	0.48	0.479	0.284	0.419	0.375	0.337	0.34	0.495	0.331	0.413	0.365	0.331	0.378	0.375	0.263	0.27	0.323	0.444	0.432	0.343	0.307	0.257	0.241	0.0	0.362	0.313	0.301	0.0	0.333	0.0	0.261	0.333	0.294	0.248	0.229	0.333	0.528	0.369	0.359	0.455	0.477	0.427	0.417	0.476	0.316	0.481	0.006	0.227	0.275	0.201	0.406	0.393	0.351	0.195	0.199	0.255	0.0	
Chromosome	6986126	T	G	0.122	0.217	0.176	0.248	0.138	0.037	0.176	0.186	0.175	0.112	0.095	0.09	0.213	0.282	0.176	0.21	0.209	0.243	0.2	0.274	0.203	0.27	0.105	0.095	0.122	0.125	0.153	0.1	0.112	0.229	0.175	0.188	0.101	0.13	0.097	0.005	0.241	0.238	0.242	0.0	0.161	0.0	0.152	0.186	0.115	0.097	0.112	0.218	0.267	0.271	0.19	0.242	0.317	0.25	0.205	0.219	0.248	0.18	0.0	0.122	0.094	0.115	0.102	0.161	0.174	0.127	0.13	0.109	0.0	
