chromosome	pos	ref	mut	APAW	BedB	BedA	BedC	BedD	Ana1	CipA	CipB	CipC	CLFA	CLFB	CLFC	CombA2	CombA3	CombA	CombAu1	CombAu3	CombAu5	CombB	CombC	CycloA	CycloB	CycloC	EMBA	EMBB	EMBC	INH1	INH2	INHA	LzdA	LzdB	LzdC	M91	M92	M9B	MA_F1	MA_F2	MA_F3	MA_H1	MA_H2	MA_H3	MA_S1	MA_S2	MA_S3	MMCA	MMCB	MMCC	MockA	MockB	MockC	MockD	MockE	MockF	MockG	MockH	MockI	MockJ	MockK	MockL	NANOA	NANOB	NANOC	RIFA	RIFB	RIFC	UV1	UV2	UV3	WT_Msm
Chromosome	35052	T	A	0.163	0.257	0.242	0.277	0.177	0.091	0.232	0.177	0.209	0.115	0.113	0.073	0.151	0.184	0.247	0.289	0.267	0.205	0.29	0.208	0.368	0.175	0.083	0.108	0.181	0.104	0.218	0.185	0.139	0.147	0.169	0.329	0.221	0.211	0.163	0.0	0.26	0.183	0.219	0.0	0.192	0.0	0.12	0.241	0.185	0.197	0.212	0.289	0.279	0.258	0.315	0.289	0.326	0.392	0.299	0.25	0.2	0.169	0.0	0.206	0.186	0.142	0.125	0.073	0.244	0.153	0.224	0.168	0.0	
Chromosome	198456	A	AG	0.0	0.137	0.0	0.0	0.0	0.005	0.0	0.0	0.0	0.004	0.0	0.0	0.0	0.0	0.0	0.0	0.0	0.0	0.0	0.0	0.0	0.0	0.0	0.0	0.0	0.003	0.0	0.0	0.0	0.0	0.0	0.0	0.0	0.002	0.0	0.0	0.0	0.0	0.0	0.0	0.0	0.0	0.0	0.009	0.0	0.0	0.0	0.0	0.0	0.0	0.0	0.0	0.0	0.0	0.0	0.0	0.0	0.0	0.0	0.0	0.0	0.0	0.0	0.0	0.0	0.0	0.0	0.0	0.0	
Chromosome	202859	T	G	0.083	0.259	0.274	0.214	0.199	0.051	0.119	0.11	0.157	0.151	0.094	0.058	0.216	0.256	0.359	0.195	0.268	0.15	0.217	0.226	0.162	0.214	0.104	0.1	0.095	0.139	0.104	0.087	0.097	0.212	0.208	0.194	0.071	0.081	0.095	0.0	0.177	0.09	0.147	0.006	0.184	0.0	0.16	0.145	0.11	0.102	0.108	0.26	0.241	0.241	0.266	0.281	0.199	0.275	0.281	0.2	0.196	0.23	0.005	0.089	0.13	0.089	0.103	0.143	0.131	0.089	0.077	0.063	0.013	
Chromosome	249683	C	G	0.0	0.181	0.202	0.102	0.032	0.005	0.049	0.022	0.021	0.013	0.015	0.007	0.04	0.059	0.027	0.08	0.134	0.198	0.128	0.154	0.028	0.02	0.015	0.019	0.005	0.022	0.004	0.007	0.004	0.034	0.03	0.038	0.003	0.006	0.011	0.0	0.036	0.026	0.032	0.007	0.013	0.006	0.02	0.012	0.017	0.0	0.007	0.202	0.14	0.191	0.125	0.156	0.125	0.132	0.161	0.121	0.028	0.044	0.0	0.006	0.003	0.0	0.005	0.014	0.027	0.004	0.017	0.017	0.0	
Chromosome	249685	T	G	0.142	0.327	0.373	0.294	0.225	0.141	0.256	0.203	0.226	0.188	0.19	0.165	0.264	0.302	0.259	0.252	0.416	0.333	0.319	0.35	0.219	0.204	0.211	0.199	0.234	0.165	0.121	0.144	0.089	0.276	0.245	0.207	0.155	0.146	0.125	0.0	0.23	0.227	0.235	0.0	0.19	0.029	0.196	0.23	0.139	0.123	0.12	0.357	0.331	0.375	0.236	0.362	0.324	0.324	0.435	0.344	0.255	0.217	0.0	0.137	0.141	0.121	0.219	0.157	0.229	0.175	0.132	0.127	0.0	
Chromosome	249686	C	G	0.025	0.196	0.222	0.14	0.077	0.015	0.104	0.09	0.093	0.062	0.056	0.067	0.097	0.132	0.098	0.121	0.259	0.207	0.178	0.133	0.075	0.058	0.059	0.075	0.051	0.032	0.021	0.037	0.008	0.074	0.056	0.081	0.025	0.056	0.032	0.0	0.097	0.067	0.112	0.0	0.082	0.0	0.054	0.067	0.024	0.031	0.033	0.144	0.118	0.186	0.169	0.183	0.118	0.177	0.187	0.219	0.09	0.069	0.0	0.027	0.022	0.024	0.024	0.024	0.053	0.041	0.038	0.017	0.0	
Chromosome	249689	C	G	0.016	0.156	0.167	0.106	0.054	0.015	0.051	0.09	0.047	0.027	0.046	0.019	0.062	0.101	0.045	0.076	0.239	0.14	0.145	0.145	0.028	0.038	0.051	0.025	0.037	0.033	0.018	0.034	0.012	0.044	0.041	0.048	0.013	0.031	0.025	0.007	0.085	0.04	0.074	0.0	0.051	0.011	0.048	0.05	0.021	0.038	0.015	0.135	0.132	0.162	0.111	0.103	0.125	0.147	0.16	0.091	0.044	0.071	0.0	0.022	0.022	0.017	0.039	0.039	0.054	0.03	0.011	0.01	0.0	
Chromosome	249703	T	G	0.146	0.295	0.231	0.216	0.11	0.096	0.209	0.202	0.195	0.148	0.102	0.107	0.099	0.135	0.224	0.175	0.208	0.182	0.186	0.211	0.188	0.099	0.128	0.105	0.07	0.14	0.196	0.162	0.073	0.083	0.114	0.184	0.137	0.156	0.153	0.006	0.175	0.168	0.182	0.013	0.192	0.005	0.066	0.166	0.126	0.141	0.148	0.277	0.22	0.218	0.186	0.188	0.175	0.25	0.295	0.111	0.184	0.085	0.016	0.169	0.146	0.163	0.106	0.101	0.243	0.157	0.138	0.132	0.013	
Chromosome	280796	A	C	0.048	0.182	0.152	0.143	0.132	0.038	0.169	0.117	0.165	0.078	0.089	0.103	0.148	0.248	0.25	0.156	0.24	0.196	0.127	0.165	0.257	0.15	0.09	0.09	0.11	0.071	0.021	0.037	0.049	0.222	0.153	0.281	0.061	0.038	0.048	0.0	0.138	0.161	0.197	0.007	0.076	0.0	0.061	0.091	0.07	0.058	0.064	0.275	0.251	0.191	0.286	0.227	0.206	0.21	0.115	0.229	0.182	0.182	0.0	0.042	0.062	0.078	0.047	0.123	0.114	0.072	0.055	0.055	0.0	
Chromosome	308617	T	G	0.199	0.255	0.264	0.303	0.277	0.13	0.266	0.265	0.358	0.227	0.199	0.278	0.276	0.292	0.256	0.291	0.341	0.283	0.248	0.21	0.223	0.287	0.264	0.236	0.255	0.249	0.219	0.244	0.2	0.356	0.254	0.301	0.219	0.238	0.223	0.0	0.316	0.287	0.267	0.006	0.205	0.0	0.194	0.27	0.219	0.26	0.243	0.343	0.205	0.236	0.288	0.404	0.284	0.277	0.238	0.241	0.304	0.259	0.0	0.234	0.261	0.214	0.281	0.211	0.295	0.25	0.227	0.236	0.007	
Chromosome	315400	T	G	0.028	0.12	0.149	0.113	0.053	0.007	0.077	0.046	0.054	0.029	0.05	0.051	0.037	0.031	0.031	0.075	0.07	0.108	0.126	0.09	0.09	0.038	0.028	0.039	0.033	0.019	0.046	0.033	0.017	0.075	0.047	0.094	0.032	0.027	0.032	0.0	0.079	0.071	0.074	0.0	0.046	0.006	0.006	0.057	0.029	0.021	0.028	0.075	0.126	0.082	0.096	0.124	0.136	0.123	0.102	0.069	0.011	0.038	0.0	0.05	0.046	0.027	0.031	0.026	0.045	0.03	0.022	0.042	0.0	
Chromosome	347631	A	G	0.0	0.176	0.0	0.0	0.0	0.0	0.0	0.0	0.004	0.0	0.0	0.0	0.0	0.0	0.0	0.0	0.0	0.0	0.0	0.0	0.0	0.0	0.0	0.0	0.0	0.0	0.0	0.0	0.0	0.0	0.0	0.0	0.0	0.0	0.0	0.0	0.0	0.0	0.0	0.0	0.0	0.0	0.0	0.0	0.0	0.0	0.0	0.0	0.0	0.0	0.0	0.0	0.0	0.0	0.0	0.0	0.0	0.0	0.005	0.0	0.0	0.0	0.0	0.0	0.0	0.0	0.0	0.0	0.0	
Chromosome	366337	G	GCCGGTACA	0.0	0.086	0.0	0.0	0.0	0.0	0.0	0.0	0.0	0.0	0.0	0.0	0.0	0.0	0.0	0.0	0.0	0.0	0.0	0.0	0.0	0.0	0.0	0.0	0.0	0.0	0.0	0.0	0.0	0.0	0.0	0.0	0.0	0.0	0.0	0.0	0.0	0.0	0.0	0.0	0.0	0.0	0.0	0.0	0.0	0.0	0.0	0.0	0.0	0.0	0.0	0.0	0.0	0.0	0.0	0.0	0.0	0.0	0.0	0.0	0.0	0.0	0.0	0.0	0.0	0.0	0.0	0.0	0.0	
Chromosome	608993	A	C	0.055	0.078	0.063	0.04	0.046	0.068	0.049	0.059	0.068	0.072	0.069	0.053	0.085	0.144	0.075	0.09	0.051	0.114	0.054	0.047	0.058	0.069	0.077	0.053	0.111	0.05	0.041	0.038	0.057	0.054	0.061	0.063	0.055	0.057	0.043	0.005	0.083	0.075	0.078	0.0	0.052	0.0	0.039	0.04	0.067	0.032	0.053	0.072	0.08	0.046	0.105	0.06	0.089	0.089	0.054	0.033	0.062	0.062	0.0	0.035	0.031	0.039	0.066	0.059	0.071	0.032	0.031	0.05	0.0	
Chromosome	706123	T	G	0.145	0.196	0.195	0.2	0.155	0.094	0.187	0.222	0.226	0.158	0.104	0.112	0.173	0.132	0.2	0.212	0.221	0.237	0.163	0.243	0.209	0.172	0.167	0.155	0.149	0.15	0.167	0.092	0.128	0.159	0.108	0.251	0.16	0.141	0.143	0.0	0.209	0.181	0.209	0.006	0.205	0.005	0.114	0.151	0.106	0.158	0.138	0.219	0.212	0.236	0.263	0.204	0.225	0.25	0.253	0.205	0.168	0.171	0.005	0.139	0.15	0.164	0.11	0.167	0.186	0.162	0.134	0.171	0.007	
Chromosome	708677	A	C	0.24	0.262	0.293	0.33	0.28	0.152	0.295	0.306	0.324	0.221	0.237	0.264	0.288	0.254	0.267	0.351	0.324	0.357	0.303	0.27	0.223	0.333	0.181	0.226	0.205	0.189	0.189	0.168	0.228	0.295	0.335	0.222	0.205	0.216	0.184	0.0	0.265	0.255	0.305	0.008	0.295	0.0	0.26	0.239	0.193	0.235	0.22	0.3	0.28	0.312	0.305	0.31	0.292	0.217	0.292	0.386	0.356	0.267	0.0	0.175	0.24	0.18	0.233	0.25	0.206	0.201	0.187	0.215	0.0	
Chromosome	767473	T	G	0.075	0.265	0.231	0.273	0.117	0.066	0.196	0.156	0.184	0.078	0.103	0.072	0.157	0.143	0.213	0.266	0.276	0.232	0.31	0.256	0.187	0.143	0.07	0.131	0.103	0.078	0.132	0.105	0.119	0.178	0.136	0.164	0.132	0.12	0.134	0.0	0.201	0.245	0.229	0.006	0.164	0.006	0.103	0.194	0.128	0.104	0.107	0.248	0.274	0.25	0.295	0.293	0.336	0.273	0.248	0.143	0.203	0.137	0.026	0.114	0.099	0.114	0.106	0.087	0.152	0.12	0.111	0.115	0.0	
Chromosome	767511	T	G	0.095	0.325	0.303	0.349	0.169	0.065	0.213	0.198	0.199	0.099	0.101	0.124	0.179	0.189	0.188	0.359	0.313	0.327	0.331	0.319	0.183	0.134	0.083	0.116	0.078	0.061	0.104	0.067	0.081	0.139	0.126	0.16	0.102	0.126	0.068	0.005	0.185	0.256	0.209	0.0	0.214	0.0	0.098	0.169	0.105	0.064	0.087	0.32	0.345	0.289	0.353	0.321	0.337	0.362	0.321	0.194	0.209	0.141	0.0	0.089	0.079	0.088	0.134	0.049	0.138	0.087	0.086	0.064	0.0	
Chromosome	783293	A	C	0.013	0.156	0.082	0.099	0.097	0.023	0.044	0.039	0.052	0.052	0.02	0.028	0.144	0.113	0.096	0.093	0.109	0.078	0.091	0.045	0.1	0.083	0.025	0.017	0.036	0.019	0.011	0.008	0.014	0.102	0.106	0.043	0.008	0.017	0.027	0.0	0.067	0.075	0.029	0.006	0.047	0.0	0.012	0.041	0.024	0.03	0.017	0.068	0.099	0.139	0.117	0.09	0.103	0.073	0.092	0.17	0.083	0.107	0.0	0.02	0.034	0.013	0.027	0.037	0.045	0.016	0.008	0.026	0.0	
Chromosome	1039096	T	G	0.009	0.235	0.158	0.0	0.0	0.0	0.0	0.006	0.0	0.005	0.005	0.004	0.0	0.0	0.019	0.011	0.0	0.008	0.0	0.0	0.0	0.004	0.0	0.004	0.0	0.0	0.003	0.0	0.0	0.0	0.0	0.008	0.003	0.005	0.0	0.005	0.0	0.005	0.004	0.0	0.0	0.0	0.005	0.0	0.011	0.0	0.004	0.009	0.0	0.007	0.013	0.007	0.0	0.011	0.007	0.033	0.0	0.004	0.0	0.006	0.003	0.007	0.005	0.0	0.004	0.0	0.004	0.0	0.0	
Chromosome	1196758	A	C	0.05	0.071	0.04	0.075	0.056	0.058	0.052	0.024	0.063	0.052	0.072	0.046	0.043	0.078	0.089	0.048	0.067	0.053	0.04	0.061	0.07	0.056	0.083	0.053	0.041	0.043	0.037	0.05	0.03	0.046	0.053	0.062	0.043	0.036	0.033	0.0	0.056	0.06	0.06	0.0	0.054	0.006	0.016	0.079	0.055	0.061	0.039	0.056	0.044	0.058	0.034	0.052	0.057	0.041	0.086	0.037	0.079	0.045	0.005	0.041	0.069	0.063	0.049	0.05	0.054	0.04	0.024	0.033	0.0	
Chromosome	1203844	T	G	0.076	0.199	0.183	0.152	0.074	0.035	0.074	0.094	0.111	0.083	0.064	0.07	0.091	0.068	0.134	0.145	0.133	0.108	0.188	0.097	0.139	0.095	0.084	0.059	0.07	0.094	0.081	0.069	0.053	0.061	0.081	0.177	0.079	0.078	0.065	0.0	0.069	0.097	0.078	0.005	0.086	0.006	0.081	0.068	0.063	0.065	0.079	0.132	0.151	0.171	0.146	0.12	0.129	0.169	0.203	0.048	0.032	0.056	0.0	0.074	0.089	0.073	0.041	0.073	0.138	0.068	0.086	0.074	0.0	
Chromosome	1216617	C	T	0.0	0.113	0.0	0.0	0.0	0.0	0.0	0.0	0.0	0.0	0.0	0.0	0.0	0.0	0.0	0.0	0.0	0.0	0.189	0.0	0.0	0.0	0.0	0.0	0.0	0.0	0.005	0.0	0.0	0.0	0.004	0.004	0.0	0.0	0.0	0.0	0.0	0.0	0.0	0.0	0.0	0.0	0.0	0.0	0.0	0.0	0.0	0.0	0.0	0.0	0.0	0.0	0.0	0.0	0.0	0.0	0.0	0.0	0.0	0.0	0.0	0.0	0.0	0.0	0.0	0.0	0.0	0.0	0.0	
Chromosome	1341534	C	CTGGCTCT	0.074	0.024	0.115	0.2	0.162	0.088	0.036	0.058	0.125	0.098	0.116	0.094	0.141	0.09	0.083	0.2	0.125	0.148	0.184	0.053	0.014	0.134	0.076	0.071	0.075	0.123	0.092	0.066	0.141	0.143	0.143	0.159	0.143	0.136	0.172	0.14	0.155	0.125	0.13	0.167	0.176	0.091	0.097	0.08	0.101	0.148	0.059	0.071	0.113	0.03	0.121	0.095	0.115	0.206	0.029	0.077	0.059	0.033	0.19	0.057	0.118	0.079	0.075	0.05	0.122	0.117	0.093	0.03	0.128	
Chromosome	1341537	G	GC	0.122	0.105	0.269	0.267	0.188	0.107	0.073	0.059	0.134	0.128	0.209	0.128	0.2	0.2	0.114	0.271	0.179	0.2	0.275	0.048	0.08	0.159	0.099	0.145	0.117	0.167	0.125	0.095	0.18	0.177	0.203	0.176	0.208	0.161	0.242	0.163	0.191	0.196	0.185	0.182	0.192	0.106	0.152	0.184	0.173	0.154	0.115	0.179	0.137	0.056	0.188	0.105	0.148	0.222	0.161	0.308	0.082	0.066	0.209	0.086	0.15	0.13	0.092	0.062	0.162	0.174	0.193	0.118	0.125	
Chromosome	1341540	C	T	0.122	0.108	0.222	0.295	0.188	0.107	0.074	0.058	0.129	0.133	0.197	0.133	0.21	0.206	0.114	0.277	0.154	0.185	0.25	0.047	0.079	0.157	0.101	0.129	0.127	0.16	0.128	0.083	0.172	0.177	0.186	0.167	0.2	0.16	0.235	0.167	0.176	0.157	0.2	0.178	0.189	0.111	0.172	0.16	0.175	0.149	0.113	0.143	0.14	0.057	0.194	0.1	0.143	0.2	0.161	0.333	0.087	0.065	0.233	0.087	0.15	0.129	0.103	0.062	0.142	0.161	0.188	0.13	0.13	
Chromosome	1370345	T	G	0.065	0.231	0.205	0.171	0.115	0.033	0.12	0.137	0.113	0.047	0.058	0.027	0.076	0.11	0.145	0.17	0.226	0.161	0.242	0.172	0.17	0.089	0.068	0.06	0.055	0.067	0.053	0.06	0.029	0.077	0.106	0.13	0.056	0.059	0.043	0.0	0.124	0.13	0.099	0.0	0.135	0.012	0.008	0.157	0.055	0.059	0.066	0.195	0.163	0.171	0.175	0.153	0.159	0.193	0.183	0.059	0.063	0.092	0.0	0.044	0.048	0.04	0.071	0.058	0.065	0.043	0.059	0.055	0.0	
Chromosome	1393088	T	G	0.049	0.089	0.029	0.046	0.053	0.079	0.069	0.11	0.047	0.179	0.086	0.098	0.052	0.052	0.043	0.054	0.076	0.047	0.095	0.078	0.074	0.051	0.1	0.091	0.175	0.089	0.058	0.043	0.066	0.057	0.071	0.039	0.063	0.032	0.044	0.0	0.085	0.103	0.094	0.0	0.08	0.0	0.039	0.142	0.059	0.045	0.084	0.103	0.033	0.067	0.041	0.092	0.065	0.025	0.055	0.1	0.102	0.086	0.0	0.089	0.084	0.023	0.053	0.055	0.022	0.048	0.036	0.044	0.0	
Chromosome	1574114	T	G	0.158	0.262	0.245	0.197	0.219	0.177	0.177	0.218	0.18	0.146	0.167	0.224	0.26	0.312	0.263	0.298	0.318	0.274	0.299	0.268	0.211	0.16	0.177	0.204	0.179	0.144	0.135	0.095	0.16	0.214	0.232	0.183	0.194	0.142	0.113	0.005	0.135	0.168	0.213	0.012	0.128	0.006	0.156	0.213	0.154	0.128	0.178	0.29	0.281	0.365	0.298	0.309	0.315	0.302	0.293	0.125	0.192	0.237	0.011	0.142	0.13	0.149	0.171	0.201	0.155	0.132	0.118	0.134	0.007	
Chromosome	1756623	A	C	0.065	0.169	0.175	0.194	0.087	0.008	0.1	0.147	0.088	0.06	0.044	0.072	0.085	0.061	0.141	0.17	0.152	0.185	0.232	0.121	0.093	0.072	0.068	0.087	0.049	0.069	0.065	0.071	0.05	0.088	0.063	0.154	0.092	0.083	0.061	0.0	0.091	0.138	0.101	0.0	0.098	0.0	0.068	0.124	0.088	0.074	0.056	0.121	0.169	0.147	0.151	0.169	0.154	0.166	0.203	0.05	0.076	0.12	0.0	0.083	0.08	0.037	0.095	0.08	0.104	0.078	0.078	0.073	0.0	
Chromosome	1865097	T	G	0.075	0.14	0.103	0.097	0.126	0.037	0.117	0.118	0.126	0.042	0.087	0.082	0.124	0.102	0.083	0.099	0.09	0.094	0.157	0.173	0.137	0.148	0.081	0.078	0.044	0.063	0.036	0.032	0.024	0.133	0.106	0.113	0.043	0.06	0.06	0.005	0.11	0.119	0.137	0.0	0.091	0.0	0.069	0.105	0.075	0.045	0.066	0.119	0.176	0.224	0.183	0.089	0.153	0.143	0.152	0.12	0.094	0.135	0.0	0.068	0.063	0.055	0.108	0.095	0.128	0.051	0.067	0.072	0.0	
Chromosome	2031685	T	A	0.064	0.093	0.058	0.11	0.047	0.048	0.075	0.079	0.082	0.068	0.105	0.091	0.04	0.081	0.056	0.032	0.068	0.05	0.085	0.08	0.066	0.075	0.115	0.089	0.107	0.079	0.078	0.095	0.054	0.052	0.102	0.08	0.064	0.076	0.092	0.005	0.054	0.095	0.066	0.0	0.073	0.0	0.07	0.066	0.094	0.051	0.081	0.082	0.081	0.067	0.076	0.087	0.068	0.017	0.082	0.026	0.038	0.064	0.0	0.08	0.067	0.095	0.065	0.102	0.11	0.114	0.088	0.089	0.0	
Chromosome	2191053	A	C	0.068	0.117	0.096	0.096	0.034	0.02	0.126	0.133	0.152	0.022	0.03	0.025	0.02	0.022	0.168	0.043	0.191	0.157	0.13	0.127	0.111	0.069	0.037	0.028	0.052	0.035	0.062	0.07	0.024	0.042	0.04	0.069	0.079	0.111	0.076	0.011	0.118	0.112	0.066	0.013	0.154	0.0	0.014	0.137	0.11	0.084	0.09	0.1	0.078	0.117	0.12	0.137	0.143	0.119	0.137	0.038	0.021	0.026	0.0	0.097	0.093	0.092	0.034	0.025	0.101	0.08	0.058	0.081	0.0	
Chromosome	2195100	T	G	0.089	0.186	0.124	0.12	0.178	0.085	0.192	0.205	0.162	0.186	0.129	0.143	0.174	0.151	0.198	0.141	0.22	0.198	0.168	0.155	0.199	0.129	0.151	0.145	0.137	0.179	0.112	0.094	0.09	0.15	0.143	0.184	0.114	0.142	0.121	0.0	0.156	0.119	0.225	0.0	0.156	0.005	0.149	0.074	0.142	0.103	0.093	0.132	0.184	0.188	0.225	0.17	0.144	0.201	0.16	0.14	0.164	0.128	0.0	0.119	0.12	0.141	0.158	0.131	0.204	0.109	0.116	0.088	0.007	
Chromosome	2195144	T	G	0.142	0.177	0.217	0.189	0.099	0.092	0.226	0.268	0.225	0.162	0.072	0.084	0.129	0.1	0.244	0.254	0.201	0.19	0.203	0.194	0.234	0.093	0.124	0.058	0.129	0.163	0.164	0.174	0.063	0.107	0.083	0.205	0.161	0.17	0.181	0.0	0.202	0.254	0.218	0.006	0.251	0.006	0.068	0.187	0.164	0.145	0.177	0.233	0.247	0.229	0.25	0.221	0.208	0.22	0.191	0.147	0.07	0.083	0.0	0.171	0.199	0.159	0.15	0.156	0.186	0.196	0.16	0.124	0.0	
Chromosome	2224338	G	GGCGTGACGAGGTCAGATGCCGACCAGA	0.512	0.452	0.529	0.526	0.458	0.4	0.51	0.468	0.391	0.508	0.377	0.481	0.48	0.556	0.667	0.582	0.439	0.484	0.55	0.614	0.562	0.453	0.455	0.581	0.577	0.597	0.517	0.567	0.456	0.634	0.483	0.611	0.543	0.571	0.532	0.364	0.571	0.442	0.538	0.204	0.56	0.417	0.537	0.571	0.488	0.536	0.495	0.519	0.613	0.545	0.533	0.591	0.5	0.474	0.744	0.562	0.538	0.5	0.354	0.504	0.531	0.582	0.479	0.5	0.687	0.553	0.574	0.447	0.333	
Chromosome	2303021	A	G	0.0	0.2	0.0	0.0	0.0	0.014	0.0	0.0	0.0	0.0	0.0	0.0	0.0	0.0	0.0	0.0	0.0	0.0	0.0	0.0	0.0	0.0	0.0	0.0	0.0	0.0	0.0	0.0	0.0	0.0	0.0	0.0	0.0	0.0	0.0	0.0	0.0	0.0	0.0	0.0	0.0	0.0	0.0	0.0	0.0	0.0	0.0	0.0	0.0	0.0	0.0	0.0	0.0	0.0	0.0	0.0	0.0	0.0	0.0	0.0	0.0	0.0	0.0	0.0	0.0	0.0	0.0	0.0	0.007	
Chromosome	2355857	T	G	0.081	0.258	0.165	0.208	0.062	0.028	0.176	0.162	0.17	0.118	0.123	0.105	0.051	0.115	0.12	0.17	0.177	0.15	0.262	0.209	0.197	0.121	0.073	0.085	0.095	0.084	0.121	0.091	0.086	0.097	0.116	0.175	0.111	0.092	0.116	0.0	0.171	0.223	0.152	0.0	0.17	0.0	0.056	0.201	0.149	0.144	0.092	0.187	0.189	0.238	0.216	0.153	0.175	0.161	0.23	0.192	0.077	0.13	0.0	0.124	0.126	0.099	0.081	0.12	0.137	0.131	0.1	0.123	0.0	
Chromosome	2425100	T	G	0.04	0.153	0.127	0.131	0.101	0.032	0.103	0.099	0.105	0.092	0.056	0.079	0.091	0.043	0.165	0.172	0.184	0.086	0.09	0.161	0.118	0.08	0.053	0.061	0.048	0.056	0.047	0.083	0.033	0.068	0.079	0.171	0.055	0.067	0.061	0.0	0.087	0.107	0.085	0.0	0.12	0.014	0.067	0.064	0.07	0.063	0.061	0.178	0.167	0.136	0.129	0.122	0.156	0.142	0.119	0.074	0.055	0.053	0.009	0.088	0.078	0.067	0.07	0.057	0.086	0.04	0.046	0.049	0.0	
Chromosome	2483198	T	G	0.176	0.237	0.239	0.231	0.037	0.029	0.105	0.21	0.154	0.088	0.043	0.075	0.026	0.106	0.163	0.157	0.143	0.2	0.211	0.261	0.113	0.032	0.086	0.076	0.06	0.08	0.129	0.11	0.072	0.08	0.057	0.157	0.174	0.135	0.091	0.0	0.147	0.16	0.146	0.0	0.178	0.0	0.103	0.156	0.189	0.148	0.153	0.141	0.221	0.14	0.175	0.168	0.168	0.26	0.158	0.103	0.108	0.03	0.007	0.175	0.144	0.112	0.09	0.057	0.122	0.125	0.117	0.155	0.0	
Chromosome	2483216	A	T	0.181	0.209	0.152	0.189	0.174	0.104	0.073	0.161	0.086	0.136	0.119	0.115	0.143	0.236	0.094	0.149	0.124	0.131	0.169	0.132	0.156	0.119	0.106	0.098	0.12	0.131	0.161	0.149	0.118	0.198	0.104	0.167	0.176	0.175	0.085	0.0	0.075	0.149	0.126	0.0	0.145	0.0	0.124	0.143	0.172	0.155	0.192	0.068	0.113	0.126	0.128	0.106	0.078	0.152	0.115	0.167	0.161	0.107	0.0	0.165	0.19	0.16	0.063	0.101	0.177	0.189	0.14	0.187	0.0	
Chromosome	2511894	T	G	0.048	0.096	0.017	0.087	0.059	0.037	0.063	0.037	0.03	0.053	0.092	0.066	0.077	0.03	0.009	0.069	0.034	0.053	0.069	0.052	0.056	0.06	0.058	0.058	0.053	0.071	0.042	0.03	0.043	0.097	0.062	0.042	0.023	0.036	0.016	0.004	0.064	0.075	0.031	0.0	0.1	0.0	0.045	0.073	0.055	0.034	0.06	0.019	0.057	0.031	0.065	0.047	0.052	0.034	0.11	0.0	0.065	0.024	0.006	0.059	0.061	0.069	0.077	0.049	0.072	0.051	0.043	0.025	0.007	
Chromosome	2542691	T	G	0.101	0.216	0.175	0.159	0.121	0.026	0.169	0.15	0.134	0.096	0.084	0.087	0.153	0.149	0.15	0.144	0.197	0.164	0.164	0.117	0.137	0.144	0.102	0.096	0.062	0.07	0.066	0.076	0.037	0.089	0.122	0.173	0.044	0.072	0.049	0.0	0.131	0.152	0.134	0.006	0.117	0.0	0.093	0.126	0.113	0.057	0.082	0.112	0.147	0.175	0.139	0.129	0.205	0.132	0.222	0.192	0.142	0.185	0.0	0.071	0.077	0.052	0.066	0.068	0.125	0.049	0.054	0.052	0.0	
Chromosome	2579189	A	C	0.173	0.276	0.268	0.242	0.322	0.134	0.271	0.222	0.31	0.219	0.219	0.213	0.261	0.246	0.282	0.237	0.297	0.183	0.206	0.319	0.253	0.25	0.187	0.23	0.232	0.224	0.248	0.226	0.202	0.275	0.243	0.239	0.21	0.225	0.223	0.006	0.273	0.263	0.274	0.0	0.395	0.0	0.226	0.303	0.277	0.259	0.226	0.283	0.34	0.287	0.219	0.263	0.281	0.333	0.308	0.238	0.256	0.256	0.0	0.225	0.219	0.226	0.154	0.254	0.234	0.26	0.238	0.244	0.013	
Chromosome	2726490	A	G	0.007	0.134	0.13	0.0	0.0	0.007	0.0	0.0	0.0	0.0	0.0	0.0	0.0	0.0	0.0	0.0	0.006	0.0	0.0	0.0	0.004	0.0	0.0	0.0	0.0	0.0	0.0	0.0	0.0	0.0	0.004	0.0	0.0	0.0	0.006	0.004	0.0	0.006	0.005	0.0	0.0	0.0	0.0	0.0	0.0	0.0	0.0	0.0	0.0	0.0	0.0	0.0	0.0	0.007	0.0	0.0	0.0	0.0	0.006	0.002	0.0	0.0	0.0	0.0	0.0	0.0	0.0	0.0	0.0	
Chromosome	2800767	A	C	0.143	0.163	0.14	0.143	0.121	0.107	0.117	0.094	0.133	0.104	0.097	0.095	0.111	0.148	0.132	0.098	0.09	0.058	0.14	0.104	0.124	0.093	0.102	0.06	0.09	0.133	0.098	0.131	0.08	0.075	0.066	0.139	0.113	0.105	0.105	0.006	0.131	0.148	0.149	0.01	0.103	0.021	0.087	0.13	0.133	0.11	0.109	0.148	0.171	0.2	0.056	0.138	0.136	0.142	0.124	0.043	0.082	0.098	0.017	0.146	0.106	0.137	0.132	0.079	0.133	0.095	0.104	0.11	0.0	
Chromosome	2952396	T	G	0.089	0.175	0.217	0.175	0.207	0.085	0.18	0.152	0.203	0.18	0.095	0.114	0.259	0.289	0.123	0.199	0.264	0.271	0.257	0.11	0.21	0.172	0.144	0.122	0.151	0.14	0.086	0.082	0.087	0.18	0.169	0.21	0.06	0.105	0.056	0.005	0.139	0.194	0.109	0.0	0.186	0.0	0.096	0.168	0.063	0.09	0.12	0.186	0.203	0.243	0.2	0.145	0.219	0.211	0.21	0.182	0.209	0.188	0.0	0.096	0.073	0.061	0.136	0.102	0.103	0.051	0.091	0.075	0.0	
Chromosome	2952405	A	C	0.131	0.214	0.123	0.107	0.176	0.131	0.216	0.223	0.224	0.164	0.113	0.144	0.153	0.171	0.125	0.173	0.182	0.163	0.151	0.158	0.193	0.106	0.169	0.104	0.134	0.19	0.142	0.104	0.125	0.141	0.196	0.197	0.102	0.156	0.129	0.0	0.204	0.229	0.174	0.006	0.254	0.0	0.152	0.238	0.144	0.165	0.143	0.186	0.178	0.194	0.171	0.148	0.163	0.183	0.15	0.118	0.164	0.119	0.012	0.155	0.128	0.158	0.162	0.134	0.136	0.135	0.126	0.122	0.0	
Chromosome	3002785	T	G	0.028	0.07	0.076	0.106	0.011	0.025	0.047	0.045	0.036	0.034	0.031	0.023	0.02	0.019	0.044	0.066	0.081	0.094	0.048	0.041	0.02	0.038	0.023	0.036	0.018	0.021	0.028	0.019	0.018	0.04	0.035	0.047	0.027	0.035	0.02	0.0	0.029	0.071	0.032	0.007	0.024	0.005	0.013	0.061	0.018	0.036	0.013	0.019	0.039	0.055	0.062	0.051	0.02	0.057	0.075	0.0	0.037	0.005	0.0	0.015	0.033	0.018	0.04	0.019	0.037	0.048	0.023	0.006	0.008	
Chromosome	3049034	A	C	0.07	0.176	0.157	0.138	0.073	0.026	0.108	0.147	0.096	0.052	0.052	0.052	0.054	0.031	0.118	0.162	0.176	0.219	0.195	0.148	0.167	0.051	0.05	0.036	0.035	0.086	0.091	0.061	0.018	0.059	0.041	0.148	0.057	0.073	0.058	0.0	0.17	0.133	0.114	0.0	0.108	0.006	0.024	0.117	0.059	0.071	0.088	0.169	0.1	0.198	0.099	0.173	0.196	0.179	0.152	0.023	0.069	0.046	0.0	0.075	0.08	0.086	0.049	0.027	0.101	0.084	0.081	0.104	0.015	
Chromosome	3105793	T	A	0.121	0.148	0.082	0.0	0.062	0.071	0.049	0.07	0.089	0.081	0.056	0.075	0.039	0.0	0.093	0.086	0.049	0.055	0.141	0.106	0.052	0.04	0.035	0.12	0.111	0.089	0.129	0.143	0.051	0.036	0.081	0.055	0.098	0.172	0.133	0.0	0.187	0.076	0.136	0.0	0.106	0.0	0.075	0.082	0.097	0.14	0.107	0.103	0.066	0.1	0.077	0.065	0.138	0.132	0.091	0.077	0.056	0.034	0.0	0.136	0.133	0.204	0.111	0.049	0.146	0.111	0.117	0.155	0.0	
Chromosome	3105801	G	C	0.148	0.327	0.25	0.25	0.068	0.034	0.14	0.267	0.141	0.12	0.044	0.043	0.141	0.15	0.294	0.289	0.273	0.23	0.3	0.219	0.226	0.158	0.057	0.059	0.04	0.023	0.16	0.174	0.032	0.11	0.053	0.204	0.179	0.211	0.172	0.0	0.212	0.185	0.23	0.0	0.145	0.0	0.018	0.252	0.148	0.245	0.187	0.265	0.25	0.242	0.113	0.179	0.321	0.286	0.29	0.2	0.1	0.056	0.0	0.182	0.157	0.209	0.032	0.049	0.162	0.169	0.154	0.248	0.0	
Chromosome	3123426	T	G	0.146	0.243	0.244	0.258	0.263	0.126	0.228	0.21	0.237	0.243	0.218	0.161	0.27	0.245	0.343	0.197	0.273	0.209	0.254	0.204	0.286	0.241	0.283	0.173	0.237	0.205	0.135	0.095	0.131	0.256	0.257	0.206	0.154	0.163	0.142	0.006	0.287	0.24	0.205	0.0	0.195	0.007	0.176	0.237	0.155	0.113	0.163	0.248	0.169	0.377	0.25	0.245	0.33	0.227	0.246	0.348	0.246	0.188	0.0	0.189	0.178	0.115	0.226	0.19	0.214	0.123	0.119	0.135	0.0	
Chromosome	3167512	T	G	0.005	0.206	0.0	0.0	0.0	0.0	0.0	0.0	0.0	0.0	0.0	0.0	0.0	0.0	0.0	0.0	0.0	0.0	0.006	0.0	0.004	0.0	0.0	0.0	0.0	0.0	0.0	0.0	0.0	0.0	0.005	0.0	0.0	0.0	0.0	0.0	0.0	0.0	0.0	0.02	0.0	0.005	0.0	0.0	0.0	0.0	0.0	0.0	0.0	0.0	0.007	0.0	0.0	0.0	0.0	0.0	0.0	0.005	0.0	0.0	0.0	0.0	0.0	0.0	0.0	0.0	0.0	0.0	0.0	
Chromosome	3278732	T	G	0.121	0.214	0.161	0.267	0.118	0.06	0.101	0.164	0.171	0.074	0.084	0.127	0.123	0.124	0.129	0.187	0.191	0.147	0.238	0.24	0.183	0.069	0.088	0.109	0.086	0.075	0.093	0.107	0.083	0.134	0.157	0.19	0.105	0.124	0.085	0.0	0.175	0.162	0.125	0.0	0.214	0.005	0.128	0.099	0.121	0.105	0.141	0.185	0.207	0.171	0.205	0.187	0.153	0.117	0.17	0.163	0.104	0.115	0.0	0.119	0.142	0.076	0.108	0.123	0.156	0.076	0.132	0.093	0.0	
Chromosome	3278750	A	C	0.195	0.238	0.16	0.298	0.071	0.123	0.182	0.231	0.234	0.11	0.096	0.111	0.043	0.092	0.169	0.267	0.224	0.148	0.254	0.182	0.245	0.033	0.102	0.081	0.114	0.138	0.171	0.196	0.058	0.038	0.04	0.221	0.191	0.18	0.181	0.0	0.207	0.215	0.223	0.0	0.23	0.0	0.045	0.203	0.227	0.205	0.179	0.19	0.245	0.22	0.242	0.127	0.171	0.101	0.214	0.152	0.088	0.044	0.0	0.209	0.224	0.188	0.085	0.094	0.2	0.193	0.235	0.218	0.0	
Chromosome	3278751	T	A	0.114	0.098	0.05	0.049	0.026	0.022	0.083	0.084	0.07	0.048	0.012	0.053	0.014	0.013	0.043	0.11	0.11	0.037	0.07	0.074	0.063	0.008	0.042	0.022	0.02	0.038	0.077	0.102	0.007	0.008	0.0	0.092	0.084	0.098	0.084	0.0	0.107	0.095	0.08	0.0	0.058	0.0	0.015	0.081	0.095	0.099	0.083	0.083	0.109	0.13	0.066	0.068	0.064	0.069	0.047	0.0	0.016	0.006	0.0	0.094	0.092	0.09	0.012	0.0	0.112	0.096	0.117	0.089	0.0	
Chromosome	3456739	T	G	0.022	0.176	0.169	0.167	0.087	0.0	0.035	0.045	0.03	0.011	0.005	0.019	0.082	0.027	0.033	0.113	0.195	0.093	0.179	0.171	0.019	0.078	0.037	0.013	0.005	0.012	0.015	0.013	0.0	0.039	0.072	0.098	0.004	0.006	0.003	0.006	0.032	0.022	0.036	0.0	0.038	0.0	0.012	0.032	0.005	0.004	0.011	0.062	0.099	0.136	0.115	0.133	0.121	0.145	0.128	0.037	0.051	0.069	0.0	0.008	0.006	0.011	0.033	0.04	0.026	0.015	0.012	0.011	0.007	
Chromosome	3479923	C	A	0.018	0.198	0.03	0.011	0.007	0.0	0.006	0.013	0.008	0.006	0.006	0.016	0.026	0.009	0.0	0.009	0.031	0.01	0.008	0.017	0.015	0.023	0.01	0.01	0.006	0.006	0.008	0.0	0.024	0.009	0.007	0.0	0.012	0.009	0.01	0.0	0.025	0.016	0.014	0.0	0.009	0.006	0.006	0.0	0.005	0.01	0.006	0.012	0.042	0.021	0.045	0.035	0.0	0.044	0.013	0.0	0.0	0.0	0.0	0.01	0.02	0.017	0.0	0.0	0.016	0.018	0.006	0.01	0.0	
Chromosome	3541037	T	G	0.075	0.114	0.118	0.052	0.12	0.088	0.108	0.117	0.088	0.145	0.122	0.106	0.122	0.106	0.135	0.102	0.07	0.11	0.11	0.109	0.129	0.132	0.106	0.114	0.083	0.173	0.052	0.073	0.066	0.118	0.153	0.157	0.061	0.1	0.071	0.0	0.064	0.028	0.12	0.0	0.045	0.0	0.078	0.133	0.075	0.081	0.087	0.083	0.056	0.142	0.124	0.079	0.099	0.18	0.177	0.105	0.151	0.124	0.0	0.068	0.062	0.071	0.119	0.102	0.102	0.089	0.074	0.118	0.0	
Chromosome	3777637	A	C	0.147	0.286	0.253	0.32	0.217	0.108	0.283	0.261	0.265	0.153	0.228	0.209	0.331	0.224	0.237	0.292	0.281	0.223	0.308	0.21	0.256	0.254	0.293	0.188	0.189	0.138	0.196	0.201	0.169	0.219	0.211	0.23	0.161	0.185	0.179	0.0	0.31	0.262	0.275	0.0	0.264	0.007	0.218	0.222	0.146	0.205	0.184	0.233	0.378	0.218	0.275	0.316	0.418	0.315	0.24	0.51	0.287	0.219	0.0	0.188	0.154	0.143	0.242	0.248	0.215	0.151	0.174	0.155	0.006	
Chromosome	3847886	T	A	0.206	0.246	0.214	0.165	0.36	0.167	0.279	0.2	0.241	0.186	0.171	0.147	0.297	0.26	0.225	0.3	0.203	0.205	0.235	0.234	0.259	0.333	0.253	0.227	0.134	0.206	0.159	0.258	0.204	0.267	0.251	0.258	0.24	0.2	0.207	0.0	0.243	0.263	0.259	0.0	0.274	0.0	0.238	0.245	0.229	0.269	0.219	0.236	0.183	0.256	0.22	0.195	0.187	0.223	0.237	0.408	0.286	0.291	0.0	0.274	0.253	0.219	0.169	0.238	0.27	0.242	0.245	0.224	0.0	
Chromosome	3862940	A	C	0.051	0.213	0.212	0.23	0.109	0.065	0.142	0.053	0.131	0.045	0.109	0.068	0.082	0.104	0.129	0.195	0.154	0.248	0.154	0.2	0.108	0.096	0.055	0.074	0.091	0.098	0.056	0.065	0.042	0.104	0.087	0.134	0.06	0.056	0.067	0.0	0.094	0.054	0.076	0.0	0.135	0.0	0.054	0.092	0.095	0.051	0.065	0.12	0.202	0.156	0.122	0.185	0.153	0.151	0.255	0.156	0.036	0.064	0.0	0.057	0.043	0.046	0.069	0.045	0.097	0.048	0.047	0.034	0.0	
Chromosome	3965512	A	C	0.072	0.138	0.134	0.108	0.083	0.049	0.07	0.108	0.118	0.124	0.109	0.077	0.116	0.096	0.051	0.144	0.121	0.053	0.19	0.14	0.127	0.114	0.052	0.08	0.081	0.086	0.106	0.089	0.069	0.133	0.111	0.153	0.067	0.077	0.07	0.0	0.073	0.077	0.092	0.0	0.096	0.012	0.084	0.116	0.056	0.056	0.085	0.079	0.112	0.146	0.137	0.15	0.183	0.139	0.143	0.107	0.086	0.103	0.006	0.062	0.094	0.08	0.105	0.087	0.09	0.07	0.054	0.044	0.007	
Chromosome	4000283	T	G	0.092	0.164	0.153	0.126	0.123	0.058	0.134	0.076	0.127	0.095	0.073	0.123	0.101	0.157	0.103	0.131	0.167	0.12	0.123	0.149	0.135	0.069	0.127	0.155	0.123	0.101	0.071	0.101	0.057	0.099	0.113	0.121	0.075	0.06	0.073	0.0	0.105	0.103	0.104	0.0	0.128	0.0	0.047	0.138	0.086	0.095	0.06	0.133	0.154	0.154	0.193	0.141	0.142	0.126	0.16	0.064	0.111	0.159	0.006	0.077	0.091	0.058	0.052	0.098	0.105	0.047	0.061	0.054	0.0	
Chromosome	4098833	T	C	0.0	0.133	0.0	0.0	0.0	0.0	0.0	0.0	0.0	0.0	0.0	0.0	0.0	0.0	0.0	0.0	0.0	0.0	0.0	0.0	0.0	0.0	0.0	0.0	0.0	0.0	0.0	0.0	0.0	0.0	0.0	0.0	0.0	0.0	0.0	0.0	0.0	0.0	0.0	0.0	0.0	0.0	0.0	0.0	0.0	0.0	0.0	0.0	0.0	0.0	0.0	0.0	0.0	0.0	0.0	0.0	0.0	0.0	0.0	0.0	0.0	0.0	0.0	0.0	0.0	0.0	0.0	0.0	0.0	
Chromosome	4102890	G	C	0.036	0.205	0.083	0.243	0.139	0.025	0.107	0.088	0.071	0.048	0.056	0.04	0.122	0.11	0.078	0.142	0.117	0.148	0.083	0.175	0.146	0.149	0.059	0.069	0.071	0.033	0.068	0.053	0.041	0.122	0.079	0.132	0.083	0.064	0.036	0.0	0.046	0.093	0.062	0.0	0.115	0.0	0.051	0.104	0.058	0.087	0.066	0.141	0.184	0.137	0.079	0.181	0.174	0.185	0.202	0.19	0.145	0.085	0.0	0.039	0.076	0.053	0.045	0.049	0.129	0.066	0.046	0.067	0.0	
Chromosome	4102893	A	C	0.087	0.207	0.119	0.29	0.154	0.034	0.157	0.116	0.171	0.134	0.141	0.122	0.125	0.156	0.103	0.142	0.133	0.127	0.118	0.192	0.164	0.114	0.106	0.121	0.14	0.158	0.124	0.12	0.118	0.158	0.076	0.222	0.119	0.122	0.071	0.007	0.129	0.097	0.108	0.008	0.13	0.006	0.081	0.109	0.124	0.133	0.112	0.131	0.267	0.189	0.087	0.148	0.214	0.265	0.215	0.193	0.141	0.149	0.0	0.125	0.134	0.1	0.119	0.123	0.19	0.122	0.1	0.104	0.007	
Chromosome	4148483	T	TC	0.0	0.198	0.0	0.0	0.0	0.0	0.0	0.0	0.0	0.0	0.0	0.0	0.0	0.008	0.0	0.0	0.0	0.0	0.0	0.0	0.0	0.0	0.0	0.006	0.0	0.0	0.004	0.0	0.0	0.0	0.0	0.0	0.0	0.0	0.0	0.0	0.007	0.0	0.0	0.0	0.0	0.0	0.0	0.0	0.0	0.0	0.0	0.0	0.0	0.0	0.0	0.0	0.0	0.0	0.0	0.0	0.0	0.0	0.0	0.0	0.0	0.0	0.0	0.0	0.0	0.0	0.0	0.0	0.0	
Chromosome	4214560	C	A	0.452	0.444	0.441	0.525	0.503	0.533	0.477	0.478	0.474	0.465	0.518	0.466	0.465	0.544	0.5	0.53	0.506	0.48	0.485	0.401	0.533	0.478	0.449	0.475	0.494	0.517	0.494	0.476	0.515	0.485	0.48	0.481	0.502	0.45	0.481	0.463	0.458	0.491	0.505	0.538	0.511	0.524	0.498	0.496	0.478	0.497	0.486	0.431	0.453	0.479	0.42	0.509	0.468	0.49	0.472	0.509	0.462	0.494	0.408	0.494	0.506	0.43	0.49	0.489	0.515	0.442	0.432	0.326	0.498	
Chromosome	4214739	G	GT	0.34	0.332	0.304	0.352	0.324	0.395	0.364	0.304	0.32	0.338	0.351	0.336	0.368	0.472	0.392	0.342	0.38	0.312	0.339	0.353	0.34	0.358	0.313	0.303	0.316	0.331	0.332	0.321	0.353	0.327	0.388	0.339	0.358	0.305	0.333	0.327	0.332	0.362	0.287	0.317	0.332	0.357	0.306	0.309	0.32	0.334	0.355	0.331	0.371	0.301	0.321	0.371	0.324	0.352	0.367	0.535	0.391	0.331	0.26	0.338	0.314	0.329	0.36	0.327	0.316	0.303	0.304	0.266	0.329	
Chromosome	4214852	A	AG	0.06	0.078	0.043	0.072	0.05	0.074	0.058	0.023	0.048	0.056	0.076	0.083	0.069	0.07	0.099	0.049	0.107	0.048	0.074	0.046	0.047	0.057	0.059	0.07	0.045	0.05	0.069	0.061	0.07	0.066	0.067	0.066	0.062	0.073	0.066	0.022	0.065	0.047	0.037	0.051	0.087	0.097	0.015	0.066	0.044	0.084	0.064	0.024	0.074	0.088	0.054	0.039	0.026	0.069	0.048	0.065	0.06	0.058	0.082	0.057	0.058	0.053	0.058	0.067	0.049	0.073	0.054	0.058	0.045	
Chromosome	4214853	C	CAAT	0.0	0.0	0.0	0.008	0.0	0.0	0.004	0.0	0.0	0.0	0.013	0.003	0.0	0.0	0.0	0.006	0.0	0.0	0.006	0.0	0.0	0.004	0.0	0.008	0.003	0.0	0.0	0.003	0.004	0.0	0.004	0.0	0.0	0.0	0.003	0.011	0.0	0.006	0.0	0.034	0.0	0.067	0.0	0.004	0.0	0.0	0.004	0.0	0.0	0.0	0.0	0.007	0.0	0.006	0.008	0.0	0.004	0.006	0.06	0.0	0.0	0.0	0.008	0.009	0.0	0.0	0.0	0.0	0.019	
Chromosome	4214855	A	ATCAAT	0.045	0.07	0.05	0.072	0.049	0.048	0.05	0.009	0.039	0.042	0.082	0.072	0.07	0.066	0.096	0.044	0.102	0.049	0.067	0.041	0.045	0.046	0.048	0.066	0.041	0.039	0.058	0.066	0.071	0.065	0.071	0.058	0.069	0.069	0.071	0.022	0.059	0.048	0.036	0.045	0.078	0.078	0.015	0.062	0.044	0.067	0.06	0.04	0.07	0.081	0.048	0.052	0.027	0.07	0.056	0.107	0.055	0.061	0.05	0.052	0.072	0.057	0.058	0.058	0.057	0.062	0.05	0.051	0.032	
Chromosome	4214859	C	T	0.036	0.073	0.042	0.065	0.044	0.045	0.036	0.009	0.041	0.049	0.07	0.058	0.061	0.05	0.085	0.033	0.101	0.052	0.059	0.036	0.042	0.04	0.046	0.059	0.039	0.032	0.057	0.062	0.066	0.051	0.056	0.051	0.066	0.069	0.059	0.023	0.056	0.049	0.025	0.046	0.073	0.077	0.015	0.061	0.039	0.061	0.052	0.043	0.065	0.051	0.049	0.041	0.028	0.071	0.058	0.088	0.05	0.058	0.052	0.05	0.059	0.048	0.051	0.052	0.051	0.05	0.047	0.05	0.028	
Chromosome	4214862	C	G	0.033	0.067	0.043	0.058	0.034	0.041	0.032	0.005	0.036	0.04	0.059	0.05	0.062	0.051	0.076	0.02	0.088	0.042	0.06	0.03	0.035	0.04	0.037	0.056	0.036	0.029	0.051	0.06	0.066	0.047	0.052	0.037	0.06	0.057	0.046	0.023	0.04	0.031	0.025	0.029	0.061	0.066	0.01	0.049	0.034	0.057	0.041	0.034	0.048	0.044	0.029	0.021	0.022	0.056	0.057	0.09	0.046	0.052	0.041	0.038	0.047	0.038	0.047	0.044	0.044	0.04	0.029	0.04	0.014	
Chromosome	4214864	C	A	0.031	0.057	0.034	0.057	0.03	0.03	0.032	0.01	0.045	0.04	0.042	0.044	0.055	0.051	0.066	0.021	0.084	0.034	0.048	0.045	0.031	0.032	0.03	0.049	0.036	0.022	0.051	0.043	0.055	0.033	0.045	0.024	0.052	0.049	0.04	0.018	0.034	0.019	0.024	0.024	0.037	0.066	0.01	0.041	0.03	0.051	0.035	0.034	0.034	0.038	0.028	0.021	0.022	0.042	0.048	0.078	0.034	0.041	0.03	0.033	0.038	0.038	0.035	0.04	0.044	0.04	0.035	0.037	0.014	
Chromosome	4214865	C	T	0.025	0.047	0.026	0.056	0.027	0.024	0.016	0.005	0.032	0.035	0.024	0.037	0.044	0.052	0.041	0.021	0.066	0.034	0.048	0.038	0.023	0.027	0.03	0.041	0.035	0.015	0.047	0.039	0.047	0.029	0.046	0.021	0.042	0.049	0.043	0.012	0.028	0.019	0.024	0.018	0.037	0.066	0.01	0.037	0.027	0.047	0.032	0.034	0.034	0.03	0.028	0.014	0.015	0.042	0.048	0.078	0.022	0.028	0.03	0.029	0.038	0.035	0.022	0.035	0.037	0.036	0.026	0.033	0.014	
Chromosome	4214869	G	C	0.006	0.029	0.009	0.024	0.016	0.012	0.004	0.005	0.005	0.02	0.01	0.004	0.023	0.012	0.04	0.007	0.014	0.034	0.007	0.024	0.016	0.009	0.01	0.021	0.011	0.004	0.032	0.015	0.014	0.019	0.02	0.004	0.028	0.033	0.019	0.024	0.017	0.02	0.0	0.012	0.02	0.041	0.0	0.013	0.025	0.031	0.015	0.026	0.0	0.029	0.007	0.014	0.0	0.022	0.049	0.032	0.0	0.013	0.019	0.012	0.024	0.032	0.005	0.01	0.026	0.019	0.012	0.013	0.014	
Chromosome	4264486	A	C	0.063	0.159	0.141	0.138	0.073	0.038	0.124	0.118	0.118	0.09	0.085	0.082	0.122	0.052	0.188	0.131	0.101	0.141	0.132	0.149	0.1	0.058	0.111	0.071	0.056	0.07	0.066	0.079	0.04	0.109	0.112	0.129	0.055	0.061	0.083	0.0	0.085	0.099	0.091	0.0	0.09	0.0	0.048	0.126	0.069	0.061	0.056	0.104	0.136	0.087	0.088	0.099	0.116	0.146	0.209	0.121	0.106	0.108	0.007	0.095	0.067	0.077	0.076	0.056	0.124	0.098	0.058	0.056	0.0	
Chromosome	4266103	A	C	0.119	0.208	0.114	0.099	0.086	0.088	0.183	0.159	0.116	0.111	0.107	0.118	0.116	0.033	0.113	0.14	0.172	0.127	0.126	0.121	0.118	0.082	0.117	0.165	0.15	0.083	0.103	0.149	0.088	0.103	0.104	0.156	0.13	0.125	0.09	0.0	0.108	0.149	0.184	0.0	0.156	0.0	0.081	0.17	0.125	0.084	0.084	0.15	0.095	0.105	0.167	0.174	0.189	0.132	0.113	0.106	0.107	0.081	0.0	0.108	0.091	0.114	0.133	0.133	0.107	0.094	0.097	0.085	0.006	
Chromosome	4305867	T	G	0.11	0.198	0.192	0.168	0.134	0.039	0.163	0.163	0.09	0.059	0.1	0.075	0.113	0.139	0.22	0.164	0.161	0.175	0.176	0.223	0.236	0.134	0.094	0.114	0.114	0.069	0.082	0.097	0.074	0.157	0.178	0.157	0.076	0.092	0.08	0.006	0.155	0.188	0.125	0.015	0.153	0.0	0.122	0.193	0.19	0.087	0.101	0.159	0.205	0.221	0.198	0.237	0.17	0.239	0.218	0.154	0.169	0.12	0.0	0.088	0.109	0.087	0.115	0.091	0.132	0.064	0.082	0.06	0.0	
Chromosome	4411198	T	G	0.037	0.185	0.143	0.112	0.08	0.04	0.058	0.124	0.107	0.049	0.055	0.064	0.109	0.051	0.08	0.11	0.154	0.076	0.129	0.135	0.076	0.089	0.023	0.046	0.041	0.023	0.044	0.046	0.051	0.091	0.094	0.129	0.041	0.059	0.027	0.005	0.07	0.078	0.078	0.0	0.125	0.0	0.064	0.089	0.046	0.035	0.028	0.117	0.116	0.165	0.121	0.14	0.142	0.194	0.167	0.069	0.079	0.122	0.0	0.04	0.061	0.034	0.091	0.055	0.082	0.037	0.029	0.046	0.007	
Chromosome	4433294	T	G	0.099	0.176	0.223	0.194	0.095	0.023	0.214	0.226	0.159	0.085	0.089	0.1	0.145	0.11	0.151	0.148	0.284	0.225	0.179	0.146	0.188	0.138	0.094	0.07	0.084	0.096	0.098	0.126	0.033	0.129	0.118	0.187	0.108	0.103	0.102	0.0	0.167	0.206	0.137	0.0	0.153	0.0	0.079	0.116	0.123	0.097	0.122	0.126	0.199	0.151	0.274	0.2	0.254	0.148	0.171	0.19	0.161	0.068	0.0	0.141	0.147	0.119	0.101	0.069	0.155	0.074	0.129	0.103	0.0	
Chromosome	4582881	T	G	0.086	0.212	0.122	0.074	0.119	0.046	0.091	0.126	0.127	0.07	0.11	0.102	0.236	0.138	0.175	0.09	0.073	0.204	0.119	0.151	0.084	0.116	0.107	0.099	0.06	0.096	0.071	0.075	0.078	0.11	0.099	0.124	0.091	0.088	0.054	0.0	0.132	0.086	0.086	0.006	0.097	0.006	0.123	0.069	0.084	0.071	0.072	0.071	0.117	0.07	0.176	0.157	0.118	0.147	0.137	0.211	0.182	0.089	0.006	0.073	0.09	0.084	0.108	0.106	0.122	0.065	0.067	0.071	0.015	
Chromosome	4619674	G	A	0.0	0.168	0.0	0.0	0.0	0.0	0.0	0.0	0.0	0.0	0.0	0.004	0.0	0.0	0.0	0.0	0.0	0.0	0.0	0.0	0.0	0.0	0.0	0.0	0.0	0.0	0.0	0.0	0.0	0.0	0.0	0.0	0.0	0.0	0.0	0.0	0.0	0.0	0.0	0.0	0.0	0.0	0.0	0.0	0.0	0.0	0.0	0.0	0.0	0.0	0.0	0.0	0.0	0.0	0.0	0.0	0.0	0.0	0.0	0.0	0.0	0.0	0.0	0.0	0.0	0.0	0.0	0.0	0.0	
Chromosome	4724236	C	CG	0.007	0.0	0.045	0.02	0.057	0.01	0.027	0.006	0.016	0.034	0.014	0.026	0.055	0.072	0.039	0.014	0.018	0.026	0.009	0.049	0.052	0.005	0.017	0.023	0.019	0.023	0.006	0.011	0.012	0.05	0.023	0.027	0.013	0.003	0.004	0.0	0.013	0.019	0.022	0.0	0.006	0.0	0.028	0.015	0.011	0.009	0.002	0.018	0.031	0.028	0.044	0.051	0.03	0.037	0.02	0.032	0.02	0.041	0.0	0.004	0.003	0.006	0.028	0.027	0.021	0.003	0.0	0.003	0.0	
Chromosome	4724243	G	C	0.014	0.05	0.084	0.049	0.068	0.01	0.037	0.012	0.042	0.043	0.019	0.026	0.041	0.069	0.051	0.037	0.074	0.045	0.071	0.08	0.067	0.043	0.032	0.012	0.029	0.023	0.013	0.0	0.027	0.061	0.054	0.063	0.017	0.016	0.01	0.0	0.014	0.012	0.041	0.0	0.04	0.0	0.027	0.047	0.015	0.009	0.009	0.078	0.041	0.112	0.074	0.041	0.04	0.053	0.061	0.038	0.067	0.051	0.0	0.02	0.017	0.009	0.017	0.023	0.031	0.016	0.01	0.007	0.0	
Chromosome	4724248	T	A	0.034	0.078	0.046	0.069	0.017	0.0	0.037	0.012	0.042	0.006	0.007	0.005	0.016	0.026	0.028	0.037	0.111	0.091	0.102	0.046	0.058	0.0	0.005	0.016	0.021	0.01	0.024	0.023	0.005	0.017	0.008	0.049	0.042	0.033	0.024	0.0	0.035	0.043	0.023	0.0	0.032	0.0	0.0	0.032	0.048	0.042	0.016	0.051	0.102	0.046	0.095	0.042	0.01	0.088	0.029	0.025	0.016	0.018	0.0	0.025	0.023	0.021	0.0	0.013	0.036	0.022	0.015	0.026	0.0	
Chromosome	4724249	C	G	0.031	0.058	0.045	0.03	0.052	0.007	0.053	0.032	0.036	0.017	0.014	0.016	0.049	0.052	0.014	0.053	0.037	0.027	0.009	0.062	0.069	0.026	0.026	0.011	0.016	0.01	0.027	0.034	0.0	0.025	0.009	0.022	0.049	0.03	0.027	0.005	0.028	0.03	0.029	0.0	0.051	0.0	0.0	0.073	0.03	0.023	0.032	0.051	0.061	0.075	0.083	0.062	0.049	0.034	0.068	0.103	0.048	0.036	0.0	0.016	0.017	0.015	0.011	0.021	0.05	0.01	0.02	0.017	0.0	
Chromosome	4848885	C	T	0.0	0.197	0.0	0.0	0.004	0.0	0.0	0.0	0.0	0.0	0.0	0.0	0.004	0.0	0.0	0.0	0.0	0.0	0.0	0.0	0.0	0.0	0.0	0.0	0.0	0.0	0.0	0.0	0.0	0.0	0.0	0.0	0.0	0.0	0.0	0.0	0.0	0.0	0.0	0.0	0.0	0.0	0.0	0.0	0.0	0.0	0.0	0.0	0.0	0.0	0.0	0.0	0.0	0.0	0.0	0.0	0.0	0.0	0.0	0.0	0.0	0.0	0.0	0.0	0.0	0.0	0.0	0.0	0.0	
Chromosome	4944097	C	G	0.0	0.167	0.0	0.0	0.0	0.0	0.0	0.0	0.0	0.0	0.0	0.0	0.0	0.01	0.0	0.0	0.0	0.0	0.0	0.0	0.0	0.0	0.0	0.0	0.0	0.0	0.0	0.0	0.004	0.0	0.0	0.0	0.0	0.0	0.0	0.0	0.0	0.0	0.0	0.0	0.0	0.0	0.0	0.0	0.0	0.0	0.0	0.0	0.0	0.0	0.0	0.0	0.0	0.0	0.0	0.0	0.0	0.0	0.0	0.0	0.0	0.0	0.0	0.0	0.0	0.0	0.0	0.0	0.0	
Chromosome	4987024	A	C	0.1	0.167	0.16	0.115	0.208	0.072	0.107	0.093	0.142	0.058	0.081	0.074	0.128	0.148	0.221	0.16	0.151	0.195	0.129	0.154	0.144	0.171	0.067	0.078	0.069	0.056	0.069	0.064	0.065	0.181	0.166	0.155	0.098	0.064	0.068	0.0	0.115	0.076	0.133	0.0	0.113	0.0	0.085	0.136	0.07	0.039	0.068	0.162	0.142	0.168	0.206	0.138	0.103	0.214	0.262	0.125	0.138	0.135	0.0	0.053	0.062	0.051	0.078	0.063	0.106	0.053	0.058	0.052	0.007	
Chromosome	5231357	T	G	0.108	0.137	0.082	0.089	0.134	0.115	0.062	0.074	0.105	0.128	0.136	0.084	0.158	0.187	0.113	0.076	0.074	0.079	0.118	0.112	0.114	0.097	0.104	0.109	0.132	0.108	0.111	0.076	0.109	0.14	0.113	0.1	0.071	0.107	0.089	0.005	0.129	0.111	0.094	0.006	0.115	0.0	0.083	0.113	0.101	0.096	0.076	0.111	0.082	0.145	0.162	0.136	0.065	0.076	0.129	0.161	0.1	0.116	0.0	0.106	0.123	0.085	0.12	0.103	0.121	0.091	0.069	0.091	0.0	
Chromosome	5425259	A	C	0.0	0.193	0.0	0.0	0.0	0.0	0.0	0.0	0.0	0.0	0.0	0.0	0.0	0.0	0.0	0.005	0.006	0.0	0.0	0.0	0.0	0.0	0.0	0.0	0.0	0.0	0.0	0.0	0.0	0.006	0.0	0.0	0.0	0.0	0.0	0.0	0.0	0.005	0.0	0.0	0.0	0.0	0.0	0.0	0.003	0.0	0.0	0.0	0.007	0.007	0.0	0.0	0.0	0.0	0.0	0.0	0.005	0.0	0.0	0.0	0.0	0.0	0.0	0.0	0.0	0.0	0.0	0.0	0.0	
Chromosome	5461789	T	G	0.108	0.451	0.359	0.46	0.412	0.107	0.349	0.333	0.346	0.225	0.197	0.174	0.5	0.404	0.315	0.39	0.494	0.459	0.457	0.602	0.455	0.442	0.239	0.237	0.217	0.231	0.174	0.22	0.145	0.316	0.327	0.353	0.17	0.168	0.167	0.0	0.33	0.357	0.409	0.008	0.326	0.006	0.263	0.33	0.181	0.164	0.215	0.327	0.487	0.46	0.532	0.438	0.352	0.44	0.413	0.6	0.472	0.342	0.011	0.163	0.144	0.082	0.179	0.278	0.232	0.118	0.137	0.175	0.01	
Chromosome	5461863	A	C	0.053	0.129	0.08	0.06	0.011	0.011	0.103	0.067	0.082	0.007	0.011	0.026	0.013	0.031	0.108	0.169	0.07	0.119	0.097	0.111	0.136	0.0	0.042	0.046	0.024	0.014	0.028	0.056	0.033	0.031	0.014	0.141	0.08	0.048	0.049	0.008	0.086	0.041	0.081	0.008	0.062	0.005	0.018	0.096	0.058	0.038	0.031	0.061	0.083	0.066	0.062	0.047	0.077	0.043	0.11	0.0	0.019	0.036	0.0	0.05	0.027	0.043	0.012	0.043	0.069	0.024	0.042	0.081	0.0	
Chromosome	5512267	A	C	0.136	0.275	0.148	0.185	0.193	0.136	0.247	0.181	0.204	0.122	0.205	0.17	0.194	0.214	0.205	0.27	0.237	0.228	0.226	0.227	0.195	0.233	0.173	0.184	0.201	0.177	0.138	0.15	0.116	0.181	0.239	0.144	0.131	0.143	0.133	0.0	0.181	0.201	0.176	0.006	0.208	0.005	0.164	0.26	0.116	0.126	0.154	0.179	0.237	0.242	0.247	0.222	0.264	0.202	0.262	0.289	0.301	0.2	0.005	0.129	0.12	0.087	0.192	0.169	0.136	0.123	0.111	0.126	0.0	
Chromosome	5730189	A	C	0.04	0.148	0.168	0.167	0.047	0.025	0.071	0.084	0.047	0.068	0.043	0.062	0.036	0.028	0.102	0.174	0.145	0.09	0.145	0.106	0.083	0.085	0.024	0.057	0.037	0.043	0.024	0.034	0.021	0.066	0.075	0.098	0.029	0.037	0.023	0.0	0.072	0.057	0.046	0.0	0.027	0.006	0.035	0.079	0.035	0.03	0.039	0.093	0.152	0.171	0.16	0.084	0.167	0.158	0.148	0.0	0.049	0.042	0.0	0.031	0.036	0.024	0.032	0.033	0.059	0.038	0.045	0.033	0.0	
Chromosome	5730207	T	G	0.077	0.264	0.22	0.221	0.105	0.044	0.076	0.117	0.076	0.071	0.083	0.109	0.134	0.136	0.14	0.145	0.16	0.168	0.183	0.109	0.129	0.081	0.067	0.066	0.111	0.095	0.067	0.083	0.032	0.071	0.116	0.147	0.053	0.09	0.08	0.0	0.129	0.137	0.127	0.0	0.099	0.011	0.049	0.102	0.053	0.068	0.068	0.142	0.161	0.161	0.16	0.197	0.139	0.186	0.27	0.068	0.089	0.095	0.0	0.069	0.08	0.05	0.1	0.091	0.095	0.054	0.068	0.076	0.0	
Chromosome	5777174	A	C	0.014	0.116	0.118	0.148	0.045	0.0	0.063	0.045	0.066	0.03	0.047	0.046	0.049	0.05	0.076	0.122	0.157	0.147	0.167	0.139	0.057	0.069	0.07	0.034	0.056	0.054	0.046	0.03	0.012	0.049	0.051	0.06	0.024	0.047	0.035	0.0	0.083	0.083	0.083	0.0	0.092	0.0	0.035	0.052	0.037	0.024	0.03	0.123	0.099	0.142	0.17	0.133	0.163	0.112	0.086	0.0	0.04	0.055	0.0	0.034	0.053	0.044	0.052	0.037	0.062	0.029	0.038	0.032	0.0	
Chromosome	5795656	A	ACCTGAGTTTGGACATTTCGCT	0.0	0.027	0.0	0.0	0.0	0.0	0.0	0.0	0.0	0.0	0.0	0.0	0.0	0.0	0.0	0.0	0.0	0.0	0.0	0.0	0.0	0.0	0.0	0.0	0.0	0.0	0.0	0.0	0.0	0.0	0.0	0.0	0.0	0.0	0.0	0.0	0.0	0.0	0.0	0.0	0.0	0.0	0.0	0.0	0.0	0.0	0.0	0.0	0.0	0.0	0.0	0.0	0.0	0.0	0.0	0.0	0.0	0.0	0.0	0.0	0.0	0.0	0.0	0.0	0.0	0.0	0.0	0.0	0.0	
Chromosome	5812482	A	C	0.256	0.286	0.364	0.176	0.433	0.248	0.274	0.256	0.256	0.232	0.276	0.298	0.516	0.469	0.357	0.236	0.3	0.447	0.264	0.375	0.394	0.43	0.339	0.29	0.267	0.379	0.224	0.271	0.217	0.482	0.423	0.312	0.243	0.243	0.247	0.006	0.34	0.26	0.306	0.036	0.263	0.006	0.41	0.374	0.302	0.23	0.234	0.362	0.365	0.422	0.321	0.273	0.357	0.362	0.512	0.263	0.417	0.381	0.0	0.25	0.252	0.225	0.308	0.432	0.394	0.266	0.202	0.209	0.007	
Chromosome	5855836	A	C	0.089	0.176	0.165	0.126	0.104	0.06	0.124	0.114	0.16	0.054	0.097	0.079	0.072	0.079	0.162	0.183	0.183	0.157	0.157	0.179	0.147	0.113	0.097	0.084	0.071	0.085	0.088	0.088	0.062	0.085	0.112	0.136	0.1	0.098	0.097	0.0	0.09	0.124	0.123	0.0	0.162	0.0	0.094	0.094	0.076	0.086	0.096	0.122	0.17	0.146	0.126	0.181	0.186	0.141	0.174	0.056	0.063	0.075	0.005	0.08	0.101	0.079	0.076	0.093	0.12	0.077	0.098	0.093	0.0	
Chromosome	6255220	T	G	0.142	0.268	0.232	0.283	0.103	0.103	0.22	0.176	0.2	0.15	0.105	0.096	0.14	0.192	0.245	0.282	0.277	0.226	0.242	0.167	0.265	0.144	0.108	0.107	0.109	0.103	0.121	0.151	0.09	0.15	0.131	0.28	0.19	0.135	0.165	0.0	0.287	0.191	0.222	0.0	0.239	0.006	0.091	0.223	0.141	0.165	0.145	0.256	0.326	0.183	0.301	0.25	0.307	0.328	0.259	0.128	0.115	0.097	0.0	0.145	0.146	0.14	0.102	0.118	0.222	0.133	0.139	0.18	0.0	
Chromosome	6336511	T	G	0.104	0.222	0.143	0.253	0.039	0.02	0.123	0.248	0.139	0.06	0.077	0.051	0.036	0.039	0.255	0.133	0.28	0.25	0.217	0.272	0.192	0.034	0.043	0.048	0.015	0.032	0.071	0.085	0.032	0.033	0.05	0.218	0.11	0.068	0.058	0.005	0.099	0.146	0.106	0.013	0.156	0.0	0.017	0.135	0.121	0.103	0.091	0.172	0.195	0.31	0.292	0.167	0.203	0.163	0.186	0.0	0.03	0.009	0.0	0.106	0.089	0.083	0.042	0.067	0.166	0.124	0.088	0.081	0.006	
Chromosome	6336530	A	C	0.311	0.479	0.423	0.549	0.364	0.194	0.373	0.504	0.319	0.339	0.379	0.409	0.457	0.65	0.426	0.444	0.552	0.448	0.57	0.522	0.415	0.514	0.338	0.433	0.349	0.387	0.218	0.247	0.255	0.371	0.433	0.492	0.307	0.271	0.27	0.0	0.387	0.421	0.424	0.006	0.408	0.0	0.385	0.372	0.288	0.293	0.241	0.548	0.438	0.586	0.506	0.373	0.5	0.523	0.534	0.667	0.585	0.403	0.0	0.255	0.285	0.199	0.331	0.267	0.395	0.258	0.247	0.301	0.0	
Chromosome	6343380	T	G	0.044	0.077	0.079	0.053	0.047	0.025	0.045	0.089	0.048	0.06	0.109	0.084	0.068	0.037	0.099	0.057	0.09	0.082	0.098	0.08	0.092	0.066	0.08	0.088	0.054	0.083	0.083	0.079	0.072	0.08	0.097	0.074	0.073	0.075	0.069	0.005	0.083	0.067	0.078	0.0	0.074	0.0	0.083	0.056	0.091	0.069	0.076	0.065	0.122	0.064	0.114	0.063	0.088	0.091	0.074	0.053	0.031	0.063	0.005	0.075	0.074	0.094	0.063	0.091	0.093	0.05	0.061	0.074	0.012	
Chromosome	6416078	C	G	0.042	0.076	0.036	0.057	0.0	0.0	0.03	0.036	0.029	0.01	0.01	0.017	0.0	0.01	0.057	0.057	0.05	0.031	0.038	0.04	0.06	0.032	0.012	0.014	0.022	0.013	0.044	0.036	0.015	0.021	0.011	0.005	0.042	0.044	0.062	0.046	0.017	0.011	0.041	0.044	0.029	0.036	0.005	0.023	0.03	0.017	0.041	0.071	0.056	0.029	0.062	0.028	0.031	0.076	0.028	0.0	0.01	0.009	0.042	0.042	0.038	0.046	0.021	0.005	0.033	0.049	0.046	0.039	0.012	
Chromosome	6416309	G	C	0.052	0.095	0.098	0.08	0.044	0.008	0.025	0.013	0.063	0.009	0.024	0.046	0.005	0.008	0.041	0.075	0.089	0.052	0.05	0.067	0.042	0.065	0.024	0.033	0.054	0.016	0.038	0.042	0.033	0.038	0.039	0.051	0.024	0.054	0.065	0.04	0.053	0.045	0.036	0.021	0.044	0.027	0.009	0.027	0.052	0.022	0.039	0.063	0.066	0.052	0.083	0.042	0.099	0.032	0.075	0.053	0.012	0.036	0.045	0.06	0.079	0.063	0.033	0.025	0.068	0.063	0.062	0.101	0.026	
Chromosome	6425911	T	G	0.074	0.098	0.067	0.087	0.112	0.071	0.12	0.073	0.068	0.105	0.079	0.085	0.07	0.076	0.093	0.09	0.043	0.123	0.081	0.076	0.182	0.105	0.084	0.052	0.13	0.123	0.074	0.086	0.073	0.099	0.073	0.125	0.077	0.044	0.047	0.0	0.054	0.07	0.077	0.0	0.059	0.0	0.082	0.078	0.073	0.079	0.079	0.103	0.073	0.077	0.052	0.073	0.083	0.094	0.1	0.235	0.076	0.097	0.0	0.039	0.054	0.045	0.066	0.101	0.073	0.071	0.068	0.064	0.0	
Chromosome	6458276	T	G	0.134	0.152	0.17	0.155	0.139	0.135	0.152	0.154	0.131	0.119	0.164	0.163	0.152	0.081	0.123	0.133	0.088	0.157	0.154	0.132	0.136	0.123	0.148	0.145	0.118	0.147	0.113	0.143	0.093	0.174	0.168	0.144	0.155	0.125	0.07	0.0	0.131	0.146	0.176	0.005	0.155	0.0	0.107	0.149	0.11	0.117	0.096	0.135	0.134	0.165	0.195	0.145	0.179	0.197	0.138	0.026	0.106	0.125	0.0	0.105	0.119	0.112	0.127	0.101	0.114	0.103	0.122	0.066	0.0	
Chromosome	6559262	G	A	0.0	0.134	0.0	0.0	0.0	0.0	0.0	0.005	0.0	0.0	0.0	0.0	0.0	0.0	0.0	0.0	0.0	0.0	0.0	0.0	0.0	0.0	0.0	0.0	0.0	0.0	0.0	0.0	0.0	0.0	0.0	0.0	0.0	0.0	0.0	0.0	0.0	0.0	0.0	0.0	0.0	0.0	0.0	0.0	0.0	0.0	0.0	0.0	0.0	0.0	0.0	0.0	0.0	0.0	0.0	0.0	0.0	0.0	0.0	0.0	0.0	0.0	0.0	0.0	0.0	0.0	0.0	0.0	0.0	
Chromosome	6687524	T	G	0.332	0.459	0.434	0.475	0.46	0.115	0.342	0.451	0.34	0.288	0.226	0.232	0.425	0.429	0.333	0.458	0.512	0.505	0.57	0.53	0.45	0.446	0.277	0.215	0.257	0.276	0.27	0.319	0.195	0.291	0.372	0.348	0.285	0.314	0.265	0.0	0.447	0.368	0.432	0.0	0.394	0.012	0.245	0.444	0.299	0.311	0.257	0.525	0.611	0.5	0.592	0.5	0.578	0.471	0.426	0.429	0.311	0.333	0.004	0.296	0.303	0.247	0.204	0.318	0.328	0.289	0.293	0.267	0.005	
Chromosome	6738812	T	G	0.056	0.11	0.066	0.073	0.091	0.029	0.077	0.109	0.083	0.045	0.06	0.042	0.082	0.092	0.067	0.094	0.06	0.077	0.064	0.08	0.066	0.063	0.096	0.043	0.071	0.08	0.041	0.045	0.029	0.078	0.082	0.096	0.059	0.048	0.045	0.0	0.073	0.072	0.091	0.0	0.094	0.012	0.053	0.069	0.074	0.025	0.043	0.08	0.074	0.066	0.122	0.058	0.098	0.111	0.088	0.143	0.081	0.069	0.005	0.048	0.073	0.042	0.07	0.051	0.073	0.041	0.047	0.048	0.007	
Chromosome	6923330	T	G	0.29	0.347	0.352	0.411	0.365	0.253	0.397	0.421	0.319	0.333	0.374	0.324	0.472	0.587	0.472	0.467	0.396	0.397	0.383	0.427	0.39	0.423	0.307	0.372	0.351	0.382	0.258	0.264	0.271	0.46	0.412	0.466	0.31	0.292	0.261	0.0	0.392	0.372	0.322	0.0	0.42	0.006	0.265	0.283	0.261	0.294	0.261	0.339	0.411	0.474	0.417	0.493	0.376	0.471	0.507	0.588	0.413	0.437	0.0	0.261	0.3	0.279	0.36	0.294	0.352	0.236	0.273	0.232	0.014	
