chromosome	pos	ref	mut	APAW	BedC	BedA	BedB	BedD	Ana1	CipA	CipB	CipC	CLFA	CLFB	CLFC	CombA2	CombA3	CombA	CombAu1	CombAu3	CombAu5	CombB	CombC	CycloA	CycloB	CycloC	EMBA	EMBB	EMBC	INH1	INH2	INHA	LzdA	LzdB	LzdC	M91	M92	M9B	MA_F1	MA_F2	MA_F3	MA_H1	MA_H2	MA_H3	MA_S1	MA_S2	MA_S3	MMCA	MMCB	MMCC	MockA	MockB	MockC	MockD	MockE	MockF	MockG	MockH	MockI	MockJ	MockK	MockL	NANOA	NANOB	NANOC	RIFA	RIFB	RIFC	UV1	UV2	UV3	WT_Msm
Chromosome	35052	T	A	0.163	0.277	0.242	0.257	0.177	0.091	0.232	0.177	0.209	0.115	0.113	0.073	0.151	0.184	0.247	0.289	0.267	0.205	0.29	0.208	0.368	0.175	0.083	0.108	0.181	0.104	0.218	0.185	0.139	0.147	0.169	0.329	0.221	0.211	0.163	0.0	0.26	0.183	0.219	0.0	0.192	0.0	0.12	0.241	0.185	0.197	0.212	0.289	0.279	0.258	0.315	0.289	0.326	0.392	0.299	0.25	0.2	0.169	0.0	0.206	0.186	0.142	0.125	0.073	0.244	0.153	0.224	0.168	0.0	
Chromosome	65001	A	C	0.148	0.298	0.358	0.298	0.303	0.099	0.251	0.247	0.336	0.211	0.201	0.171	0.294	0.235	0.371	0.396	0.439	0.471	0.317	0.361	0.23	0.254	0.219	0.232	0.221	0.235	0.163	0.164	0.131	0.226	0.254	0.251	0.248	0.182	0.174	0.0	0.255	0.25	0.265	0.007	0.304	0.0	0.172	0.219	0.208	0.158	0.185	0.345	0.429	0.337	0.325	0.398	0.336	0.387	0.371	0.324	0.272	0.256	0.0	0.119	0.196	0.172	0.242	0.174	0.21	0.17	0.17	0.152	0.0	
Chromosome	193256	C	T	0.0	0.389	0.0	0.0	0.0	0.0	0.0	0.0	0.0	0.0	0.0	0.0	0.0	0.0	0.0	0.0	0.0	0.0	0.0	0.0	0.0	0.0	0.0	0.0	0.0	0.0	0.0	0.0	0.0	0.0	0.0	0.0	0.0	0.0	0.0	0.0	0.0	0.0	0.0	0.0	0.0	0.0	0.0	0.0	0.0	0.0	0.0	0.0	0.0	0.0	0.0	0.0	0.0	0.0	0.0	0.0	0.0	0.0	0.0	0.0	0.0	0.0	0.0	0.0	0.0	0.0	0.0	0.0	0.0	
Chromosome	202859	T	G	0.083	0.214	0.274	0.259	0.199	0.051	0.119	0.11	0.157	0.151	0.094	0.058	0.216	0.256	0.359	0.195	0.268	0.15	0.217	0.226	0.162	0.214	0.104	0.1	0.095	0.139	0.104	0.087	0.097	0.212	0.208	0.194	0.071	0.081	0.095	0.0	0.177	0.09	0.147	0.006	0.184	0.0	0.16	0.145	0.11	0.102	0.108	0.26	0.241	0.241	0.266	0.281	0.199	0.275	0.281	0.2	0.196	0.23	0.005	0.089	0.13	0.089	0.103	0.143	0.131	0.089	0.077	0.063	0.013	
Chromosome	706123	T	G	0.145	0.2	0.195	0.196	0.155	0.094	0.187	0.222	0.226	0.158	0.104	0.112	0.173	0.132	0.2	0.212	0.221	0.237	0.163	0.243	0.209	0.172	0.167	0.155	0.149	0.15	0.167	0.092	0.128	0.159	0.108	0.251	0.16	0.141	0.143	0.0	0.209	0.181	0.209	0.006	0.205	0.005	0.114	0.151	0.106	0.158	0.138	0.219	0.212	0.236	0.263	0.204	0.225	0.25	0.253	0.205	0.168	0.171	0.005	0.139	0.15	0.164	0.11	0.167	0.186	0.162	0.134	0.171	0.007	
Chromosome	750559	T	G	0.012	0.104	0.012	0.014	0.0	0.0	0.011	0.0	0.0	0.015	0.005	0.004	0.169	0.0	0.017	0.006	0.01	0.03	0.022	0.0	0.023	0.004	0.003	0.004	0.0	0.004	0.014	0.0	0.05	0.0	0.014	0.005	0.003	0.136	0.0	0.0	0.004	0.0	0.0	0.007	0.004	0.0	0.091	0.03	0.022	0.036	0.002	0.0	0.0	0.0	0.031	0.005	0.0	0.04	0.007	0.0	0.0	0.0	0.0	0.002	0.007	0.003	0.0	0.004	0.036	0.006	0.004	0.0	0.0	
Chromosome	767511	T	G	0.095	0.349	0.303	0.325	0.169	0.065	0.213	0.198	0.199	0.099	0.101	0.124	0.179	0.189	0.188	0.359	0.313	0.327	0.331	0.319	0.183	0.134	0.083	0.116	0.078	0.061	0.104	0.067	0.081	0.139	0.126	0.16	0.102	0.126	0.068	0.005	0.185	0.256	0.209	0.0	0.214	0.0	0.098	0.169	0.105	0.064	0.087	0.32	0.345	0.289	0.353	0.321	0.337	0.362	0.321	0.194	0.209	0.141	0.0	0.089	0.079	0.088	0.134	0.049	0.138	0.087	0.086	0.064	0.0	
Chromosome	1065027	G	GC	0.0	0.156	0.0	0.0	0.004	0.006	0.0	0.0	0.0	0.0	0.0	0.0	0.0	0.0	0.0	0.0	0.0	0.0	0.0	0.0	0.0	0.0	0.0	0.0	0.0	0.0	0.0	0.0	0.0	0.0	0.0	0.0	0.0	0.0	0.0	0.0	0.0	0.0	0.0	0.0	0.0	0.0	0.0	0.0	0.0	0.0	0.002	0.0	0.0	0.0	0.006	0.0	0.0	0.0	0.0	0.0	0.0	0.0	0.0	0.0	0.0	0.0	0.0	0.0	0.0	0.0	0.0	0.0	0.0	
Chromosome	1203844	T	G	0.076	0.152	0.183	0.199	0.074	0.035	0.074	0.094	0.111	0.083	0.064	0.07	0.091	0.068	0.134	0.145	0.133	0.108	0.188	0.097	0.139	0.095	0.084	0.059	0.07	0.094	0.081	0.069	0.053	0.061	0.081	0.177	0.079	0.078	0.065	0.0	0.069	0.097	0.078	0.005	0.086	0.006	0.081	0.068	0.063	0.065	0.079	0.132	0.151	0.171	0.146	0.12	0.129	0.169	0.203	0.048	0.032	0.056	0.0	0.074	0.089	0.073	0.041	0.073	0.138	0.068	0.086	0.074	0.0	
Chromosome	1292947	C	CACATGACCTACGTCATCT	0.0	0.0	0.0	0.0	0.0	0.0	0.0	0.0	0.0	0.0	0.0	0.0	0.0	0.0	0.0	0.0	0.0	0.0	0.0	0.0	0.0	0.0	0.0	0.0	0.0	0.0	0.0	0.0	0.0	0.0	0.0	0.0	0.0	0.0	0.0	0.0	0.0	0.0	0.0	0.0	0.0	0.0	0.0	0.0	0.0	0.0	0.0	0.0	0.0	0.0	0.0	0.0	0.0	0.0	0.0	0.0	0.0	0.0	0.0	0.0	0.0	0.0	0.0	0.0	0.0	0.0	0.0	0.0	0.0	
Chromosome	1385245	A	C	0.089	0.137	0.153	0.126	0.108	0.083	0.179	0.161	0.137	0.184	0.178	0.179	0.172	0.167	0.203	0.158	0.089	0.115	0.1	0.134	0.105	0.096	0.155	0.121	0.189	0.165	0.103	0.121	0.082	0.158	0.167	0.164	0.091	0.126	0.105	0.006	0.14	0.172	0.144	0.012	0.157	0.0	0.124	0.121	0.125	0.124	0.099	0.154	0.137	0.14	0.131	0.114	0.135	0.198	0.075	0.186	0.132	0.158	0.0	0.117	0.139	0.103	0.197	0.17	0.174	0.1	0.09	0.115	0.007	
Chromosome	1574107	A	C	0.078	0.22	0.151	0.165	0.183	0.025	0.119	0.109	0.136	0.113	0.079	0.104	0.146	0.105	0.155	0.205	0.203	0.301	0.254	0.195	0.126	0.16	0.1	0.065	0.076	0.109	0.065	0.087	0.043	0.2	0.173	0.149	0.083	0.057	0.057	0.0	0.137	0.12	0.094	0.006	0.144	0.0	0.038	0.102	0.085	0.059	0.074	0.152	0.261	0.196	0.167	0.156	0.234	0.283	0.277	0.123	0.119	0.155	0.0	0.077	0.088	0.058	0.102	0.09	0.114	0.071	0.091	0.067	0.0	
Chromosome	1586720	A	AG	0.0	0.243	0.0	0.0	0.0	0.0	0.0	0.0	0.0	0.0	0.0	0.0	0.0	0.0	0.0	0.0	0.0	0.0	0.0	0.0	0.0	0.0	0.0	0.0	0.004	0.0	0.0	0.0	0.0	0.005	0.0	0.0	0.0	0.002	0.0	0.0	0.0	0.0	0.0	0.0	0.0	0.0	0.0	0.0	0.0	0.0	0.0	0.0	0.0	0.0	0.0	0.0	0.0	0.0	0.0	0.0	0.0	0.0	0.0	0.0	0.0	0.0	0.0	0.0	0.0	0.0	0.0	0.0	0.006	
Chromosome	1653614	A	C	0.089	0.299	0.183	0.177	0.221	0.065	0.171	0.171	0.103	0.149	0.113	0.143	0.274	0.23	0.156	0.213	0.237	0.258	0.285	0.215	0.17	0.265	0.12	0.116	0.15	0.098	0.104	0.083	0.088	0.163	0.2	0.206	0.1	0.124	0.084	0.0	0.157	0.147	0.142	0.0	0.129	0.0	0.147	0.101	0.096	0.107	0.117	0.276	0.233	0.304	0.232	0.306	0.234	0.3	0.215	0.2	0.223	0.222	0.0	0.127	0.113	0.072	0.159	0.139	0.124	0.102	0.085	0.101	0.0	
Chromosome	1847590	T	G	0.012	0.156	0.146	0.184	0.039	0.007	0.016	0.006	0.018	0.011	0.005	0.008	0.056	0.019	0.061	0.185	0.184	0.13	0.173	0.119	0.038	0.056	0.009	0.005	0.023	0.016	0.007	0.008	0.003	0.061	0.032	0.052	0.011	0.003	0.0	0.0	0.04	0.005	0.015	0.0	0.011	0.0	0.036	0.031	0.011	0.0	0.002	0.167	0.176	0.146	0.206	0.199	0.133	0.163	0.205	0.057	0.037	0.037	0.0	0.007	0.003	0.003	0.004	0.005	0.009	0.003	0.009	0.003	0.0	
Chromosome	1863913	T	G	0.011	0.259	0.192	0.148	0.09	0.018	0.059	0.078	0.055	0.05	0.037	0.032	0.102	0.098	0.103	0.281	0.222	0.203	0.185	0.218	0.112	0.062	0.028	0.058	0.096	0.065	0.032	0.027	0.022	0.121	0.076	0.104	0.016	0.025	0.01	0.0	0.048	0.037	0.044	0.0	0.051	0.0	0.019	0.078	0.028	0.021	0.022	0.18	0.232	0.18	0.198	0.199	0.152	0.229	0.2	0.19	0.101	0.087	0.0	0.022	0.026	0.025	0.091	0.052	0.049	0.018	0.028	0.021	0.0	
Chromosome	1996774	T	G	0.074	0.13	0.077	0.08	0.094	0.101	0.152	0.121	0.109	0.089	0.105	0.111	0.094	0.041	0.126	0.117	0.118	0.079	0.111	0.108	0.135	0.066	0.089	0.117	0.106	0.107	0.115	0.101	0.065	0.099	0.063	0.138	0.123	0.103	0.074	0.01	0.128	0.165	0.136	0.011	0.164	0.006	0.046	0.157	0.114	0.084	0.073	0.087	0.096	0.085	0.144	0.081	0.128	0.065	0.108	0.0	0.068	0.101	0.0	0.095	0.107	0.098	0.118	0.102	0.163	0.101	0.08	0.097	0.025	
Chromosome	2195144	T	G	0.142	0.189	0.217	0.177	0.099	0.092	0.226	0.268	0.225	0.162	0.072	0.084	0.129	0.1	0.244	0.254	0.201	0.19	0.203	0.194	0.234	0.093	0.124	0.058	0.129	0.163	0.164	0.174	0.063	0.107	0.083	0.205	0.161	0.17	0.181	0.0	0.202	0.254	0.218	0.006	0.251	0.006	0.068	0.187	0.164	0.145	0.177	0.233	0.247	0.229	0.25	0.221	0.208	0.22	0.191	0.147	0.07	0.083	0.0	0.171	0.199	0.159	0.15	0.156	0.186	0.196	0.16	0.124	0.0	
Chromosome	2355770	A	G	0.115	0.404	0.0	0.0	0.0	0.0	0.0	0.0	0.0	0.0	0.0	0.0	0.0	0.0	0.19	0.0	0.0	0.0	0.091	0.308	0.0	0.0	0.0	0.0	0.0	0.0	0.003	0.0	0.0	0.0	0.0	0.0	0.0	0.0	0.0	0.0	0.0	0.0	0.0	0.013	0.0	0.0	0.0	0.0	0.0	0.0	0.0	0.134	0.413	0.191	0.0	0.0	0.0	0.158	0.0	0.0	0.0	0.0	0.0	0.0	0.0	0.0	0.136	0.0	0.0	0.0	0.0	0.0	0.0	
Chromosome	2429865	C	CG	0.043	0.212	0.007	0.0	0.018	0.012	0.004	0.011	0.011	0.004	0.005	0.0	0.011	0.006	0.0	0.0	0.006	0.0	0.013	0.0	0.255	0.546	0.648	0.004	0.004	0.02	0.01	0.01	0.007	0.01	0.299	0.0	0.013	0.299	0.008	0.0	0.009	0.0	0.005	0.006	0.0	0.006	0.02	0.017	0.01	0.018	0.013	0.024	0.019	0.014	0.159	0.02	0.008	0.005	0.088	0.0	0.015	0.186	0.005	0.009	0.002	0.007	0.436	0.525	0.327	0.212	0.009	0.012	0.0	
Chromosome	2511894	T	G	0.048	0.087	0.017	0.096	0.059	0.037	0.063	0.037	0.03	0.053	0.092	0.066	0.077	0.03	0.009	0.069	0.034	0.053	0.069	0.052	0.056	0.06	0.058	0.058	0.053	0.071	0.042	0.03	0.043	0.097	0.062	0.042	0.023	0.036	0.016	0.004	0.064	0.075	0.031	0.0	0.1	0.0	0.045	0.073	0.055	0.034	0.06	0.019	0.057	0.031	0.065	0.047	0.052	0.034	0.11	0.0	0.065	0.024	0.006	0.059	0.061	0.069	0.077	0.049	0.072	0.051	0.043	0.025	0.007	
Chromosome	2533249	T	G	0.053	0.115	0.058	0.057	0.052	0.036	0.075	0.069	0.07	0.085	0.043	0.044	0.064	0.039	0.101	0.046	0.058	0.041	0.035	0.084	0.09	0.044	0.046	0.074	0.048	0.046	0.024	0.046	0.03	0.096	0.092	0.106	0.036	0.039	0.042	0.0	0.057	0.046	0.059	0.006	0.075	0.0	0.029	0.053	0.052	0.047	0.043	0.057	0.086	0.109	0.093	0.044	0.083	0.044	0.043	0.083	0.029	0.078	0.0	0.025	0.031	0.046	0.058	0.052	0.088	0.045	0.041	0.023	0.006	
Chromosome	2579189	A	C	0.173	0.242	0.268	0.276	0.322	0.134	0.271	0.222	0.31	0.219	0.219	0.213	0.261	0.246	0.282	0.237	0.297	0.183	0.206	0.319	0.253	0.25	0.187	0.23	0.232	0.224	0.248	0.226	0.202	0.275	0.243	0.239	0.21	0.225	0.223	0.006	0.273	0.263	0.274	0.0	0.395	0.0	0.226	0.303	0.277	0.259	0.226	0.283	0.34	0.287	0.219	0.263	0.281	0.333	0.308	0.238	0.256	0.256	0.0	0.225	0.219	0.226	0.154	0.254	0.234	0.26	0.238	0.244	0.013	
Chromosome	2769777	T	TG	0.0	0.164	0.0	0.0	0.0	0.0	0.0	0.0	0.007	0.0	0.0	0.0	0.0	0.0	0.0	0.0	0.0	0.0	0.0	0.0	0.0	0.0	0.0	0.004	0.0	0.0	0.0	0.0	0.0	0.0	0.0	0.005	0.0	0.0	0.0	0.0	0.0	0.0	0.0	0.0	0.0	0.0	0.0	0.0	0.0	0.0	0.147	0.0	0.0	0.0	0.0	0.0	0.0	0.0	0.0	0.0	0.0	0.0	0.0	0.0	0.0	0.005	0.0	0.0	0.0	0.0	0.0	0.0	0.0	
Chromosome	2794622	A	C	0.105	0.188	0.139	0.187	0.168	0.072	0.172	0.177	0.178	0.088	0.08	0.105	0.192	0.193	0.205	0.198	0.168	0.164	0.145	0.173	0.197	0.249	0.132	0.128	0.111	0.126	0.089	0.105	0.088	0.131	0.144	0.177	0.102	0.077	0.077	0.006	0.188	0.135	0.164	0.0	0.156	0.012	0.123	0.155	0.057	0.105	0.106	0.162	0.188	0.185	0.234	0.217	0.209	0.219	0.172	0.319	0.214	0.16	0.0	0.08	0.072	0.092	0.126	0.114	0.117	0.072	0.086	0.084	0.014	
Chromosome	2829829	A	C	0.21	0.289	0.311	0.26	0.171	0.146	0.236	0.25	0.255	0.191	0.15	0.155	0.169	0.113	0.255	0.297	0.315	0.216	0.336	0.289	0.263	0.122	0.134	0.217	0.16	0.115	0.207	0.15	0.111	0.169	0.133	0.214	0.185	0.164	0.196	0.0	0.209	0.261	0.25	0.0	0.172	0.005	0.156	0.207	0.181	0.239	0.218	0.25	0.25	0.28	0.292	0.209	0.286	0.276	0.236	0.214	0.167	0.142	0.013	0.207	0.194	0.176	0.156	0.185	0.213	0.192	0.196	0.16	0.0	
Chromosome	2874823	T	C	0.0	0.201	0.0	0.0	0.0	0.0	0.0	0.0	0.0	0.0	0.0	0.0	0.0	0.0	0.0	0.0	0.0	0.0	0.0	0.0	0.0	0.0	0.0	0.0	0.0	0.0	0.0	0.0	0.0	0.0	0.0	0.0	0.0	0.0	0.0	0.0	0.0	0.0	0.0	0.0	0.0	0.0	0.0	0.0	0.0	0.0	0.002	0.0	0.0	0.0	0.0	0.0	0.0	0.0	0.0	0.0	0.0	0.0	0.0	0.002	0.0	0.0	0.0	0.004	0.0	0.0	0.0	0.0	0.0	
Chromosome	2946508	A	C	0.246	0.185	0.217	0.231	0.093	0.101	0.214	0.243	0.283	0.125	0.082	0.143	0.089	0.048	0.182	0.213	0.25	0.216	0.198	0.211	0.218	0.103	0.136	0.094	0.074	0.169	0.226	0.268	0.122	0.069	0.05	0.24	0.201	0.204	0.213	0.007	0.327	0.318	0.269	0.007	0.321	0.013	0.123	0.293	0.197	0.281	0.231	0.284	0.258	0.273	0.293	0.171	0.168	0.185	0.333	0.056	0.071	0.058	0.0	0.227	0.227	0.227	0.159	0.182	0.219	0.23	0.269	0.168	0.01	
Chromosome	2990225	C	T	0.0	0.197	0.0	0.0	0.0	0.0	0.0	0.0	0.0	0.0	0.0	0.0	0.0	0.0	0.0	0.0	0.0	0.0	0.0	0.0	0.0	0.0	0.0	0.0	0.0	0.0	0.0	0.0	0.0	0.0	0.0	0.0	0.0	0.0	0.0	0.0	0.0	0.0	0.0	0.0	0.0	0.0	0.0	0.0	0.0	0.0	0.0	0.0	0.0	0.0	0.0	0.0	0.0	0.0	0.0	0.0	0.0	0.0	0.0	0.0	0.0	0.0	0.0	0.0	0.0	0.0	0.0	0.0	0.0	
Chromosome	3030967	A	C	0.347	0.451	0.5	0.368	0.587	0.255	0.396	0.345	0.489	0.437	0.421	0.388	0.566	0.676	0.512	0.409	0.514	0.563	0.43	0.37	0.488	0.567	0.506	0.368	0.451	0.35	0.307	0.314	0.456	0.586	0.61	0.54	0.34	0.377	0.383	0.0	0.375	0.446	0.483	0.007	0.438	0.0	0.456	0.394	0.337	0.331	0.378	0.623	0.525	0.565	0.522	0.614	0.5	0.455	0.6	0.634	0.724	0.594	0.0	0.359	0.361	0.402	0.407	0.389	0.368	0.286	0.403	0.299	0.0	
Chromosome	3123426	T	G	0.146	0.258	0.244	0.243	0.263	0.126	0.228	0.21	0.237	0.243	0.218	0.161	0.27	0.245	0.343	0.197	0.273	0.209	0.254	0.204	0.286	0.241	0.283	0.173	0.237	0.205	0.135	0.095	0.131	0.256	0.257	0.206	0.154	0.163	0.142	0.006	0.287	0.24	0.205	0.0	0.195	0.007	0.176	0.237	0.155	0.113	0.163	0.248	0.169	0.377	0.25	0.245	0.33	0.227	0.246	0.348	0.246	0.188	0.0	0.189	0.178	0.115	0.226	0.19	0.214	0.123	0.119	0.135	0.0	
Chromosome	3230529	A	C	0.136	0.238	0.236	0.188	0.13	0.128	0.194	0.241	0.251	0.129	0.158	0.188	0.238	0.155	0.239	0.259	0.267	0.23	0.215	0.205	0.188	0.168	0.138	0.143	0.134	0.127	0.124	0.128	0.083	0.173	0.143	0.203	0.132	0.128	0.117	0.011	0.221	0.172	0.23	0.0	0.182	0.0	0.144	0.193	0.125	0.133	0.155	0.192	0.284	0.202	0.279	0.261	0.21	0.28	0.265	0.22	0.266	0.197	0.0	0.137	0.129	0.13	0.21	0.131	0.177	0.121	0.124	0.133	0.007	
Chromosome	3375401	A	C	0.0	0.17	0.0	0.0	0.0	0.0	0.005	0.0	0.0	0.0	0.0	0.0	0.0	0.0	0.0	0.011	0.007	0.0	0.0	0.0	0.0	0.0	0.0	0.004	0.0	0.0	0.0	0.0	0.0	0.0	0.0	0.0	0.0	0.0	0.0	0.0	0.005	0.0	0.0	0.0	0.0	0.005	0.0	0.0	0.004	0.0	0.002	0.0	0.0	0.0	0.0	0.0	0.0	0.0	0.0	0.0	0.0	0.005	0.0	0.002	0.0	0.0	0.0	0.0	0.0	0.0	0.0	0.0	0.0	
Chromosome	3862940	A	C	0.051	0.23	0.212	0.213	0.109	0.065	0.142	0.053	0.131	0.045	0.109	0.068	0.082	0.104	0.129	0.195	0.154	0.248	0.154	0.2	0.108	0.096	0.055	0.074	0.091	0.098	0.056	0.065	0.042	0.104	0.087	0.134	0.06	0.056	0.067	0.0	0.094	0.054	0.076	0.0	0.135	0.0	0.054	0.092	0.095	0.051	0.065	0.12	0.202	0.156	0.122	0.185	0.153	0.151	0.255	0.156	0.036	0.064	0.0	0.057	0.043	0.046	0.069	0.045	0.097	0.048	0.047	0.034	0.0	
Chromosome	4028636	G	C	0.279	0.358	0.337	0.26	0.423	0.3	0.302	0.41	0.268	0.354	0.34	0.379	0.403	0.396	0.186	0.377	0.333	0.231	0.31	0.363	0.345	0.397	0.33	0.393	0.339	0.353	0.376	0.345	0.346	0.427	0.389	0.371	0.347	0.374	0.317	0.005	0.328	0.386	0.311	0.0	0.41	0.0	0.431	0.335	0.384	0.371	0.322	0.412	0.315	0.304	0.327	0.374	0.347	0.333	0.364	0.426	0.414	0.393	0.0	0.328	0.339	0.366	0.279	0.317	0.314	0.374	0.341	0.41	0.0	
Chromosome	4102893	A	C	0.087	0.29	0.119	0.207	0.154	0.034	0.157	0.116	0.171	0.134	0.141	0.122	0.125	0.156	0.103	0.142	0.133	0.127	0.118	0.192	0.164	0.114	0.106	0.121	0.14	0.158	0.124	0.12	0.118	0.158	0.076	0.222	0.119	0.122	0.071	0.007	0.129	0.097	0.108	0.008	0.13	0.006	0.081	0.109	0.124	0.133	0.112	0.131	0.267	0.189	0.087	0.148	0.214	0.265	0.215	0.193	0.141	0.149	0.0	0.125	0.134	0.1	0.119	0.123	0.19	0.122	0.1	0.104	0.007	
Chromosome	4214560	C	A	0.452	0.525	0.441	0.444	0.503	0.533	0.477	0.478	0.474	0.465	0.518	0.466	0.465	0.544	0.5	0.53	0.506	0.48	0.485	0.401	0.533	0.478	0.449	0.475	0.494	0.517	0.494	0.476	0.515	0.485	0.48	0.481	0.502	0.45	0.481	0.463	0.458	0.491	0.505	0.538	0.511	0.524	0.498	0.496	0.478	0.497	0.486	0.431	0.453	0.479	0.42	0.509	0.468	0.49	0.472	0.509	0.462	0.494	0.408	0.494	0.506	0.43	0.49	0.489	0.515	0.442	0.432	0.326	0.498	
Chromosome	4214739	G	GT	0.34	0.352	0.304	0.332	0.324	0.395	0.364	0.304	0.32	0.338	0.351	0.336	0.368	0.472	0.392	0.342	0.38	0.312	0.339	0.353	0.34	0.358	0.313	0.303	0.316	0.331	0.332	0.321	0.353	0.327	0.388	0.339	0.358	0.305	0.333	0.327	0.332	0.362	0.287	0.317	0.332	0.357	0.306	0.309	0.32	0.334	0.355	0.331	0.371	0.301	0.321	0.371	0.324	0.352	0.367	0.535	0.391	0.331	0.26	0.338	0.314	0.329	0.36	0.327	0.316	0.303	0.304	0.266	0.329	
Chromosome	4508029	G	A	0.0	0.125	0.0	0.0	0.0	0.0	0.0	0.0	0.0	0.0	0.0	0.0	0.0	0.0	0.0	0.0	0.0	0.0	0.0	0.0	0.0	0.0	0.0	0.0	0.0	0.0	0.0	0.0	0.0	0.0	0.0	0.0	0.0	0.0	0.0	0.0	0.0	0.0	0.0	0.0	0.0	0.0	0.0	0.0	0.0	0.0	0.0	0.0	0.0	0.0	0.0	0.0	0.0	0.0	0.0	0.0	0.0	0.0	0.0	0.0	0.0	0.0	0.0	0.0	0.0	0.0	0.0	0.0	0.0	
Chromosome	5046374	T	TGGGGGGGGGGGGGGG	0.0	0.0	0.0	0.0	0.0	0.0	0.0	0.0	0.0	0.0	0.0	0.0	0.0	0.0	0.0	0.0	0.0	0.0	0.0	0.0	0.0	0.0	0.0	0.0	0.0	0.0	0.0	0.0	0.0	0.0	0.0	0.0	0.0	0.0	0.0	0.0	0.0	0.0	0.0	0.0	0.0	0.0	0.0	0.0	0.0	0.0	0.0	0.0	0.0	0.0	0.0	0.0	0.0	0.0	0.0	0.0	0.0	0.0	0.0	0.0	0.0	0.0	0.0	0.0	0.0	0.0	0.0	0.0	0.0	
Chromosome	5046375	C	G	0.0	0.069	0.078	0.092	0.016	0.0	0.031	0.028	0.019	0.015	0.015	0.004	0.015	0.054	0.031	0.081	0.088	0.078	0.07	0.015	0.026	0.036	0.0	0.014	0.008	0.0	0.0	0.007	0.0	0.032	0.028	0.01	0.003	0.003	0.003	0.0	0.019	0.009	0.009	0.0	0.023	0.0	0.011	0.025	0.0	0.0	0.01	0.111	0.078	0.065	0.073	0.051	0.051	0.106	0.067	0.071	0.057	0.027	0.0	0.004	0.002	0.0	0.0	0.005	0.03	0.003	0.002	0.003	0.0	
Chromosome	5292499	A	C	0.056	0.147	0.169	0.15	0.134	0.023	0.114	0.078	0.137	0.093	0.073	0.068	0.115	0.078	0.172	0.18	0.186	0.16	0.196	0.095	0.153	0.117	0.073	0.07	0.062	0.04	0.037	0.075	0.061	0.117	0.124	0.213	0.053	0.092	0.077	0.0	0.11	0.125	0.126	0.0	0.099	0.005	0.057	0.069	0.06	0.075	0.077	0.178	0.257	0.2	0.219	0.203	0.189	0.264	0.254	0.114	0.153	0.146	0.006	0.09	0.09	0.051	0.078	0.041	0.093	0.088	0.054	0.041	0.0	
Chromosome	5359307	A	C	0.12	0.266	0.295	0.265	0.089	0.051	0.15	0.182	0.175	0.149	0.141	0.12	0.105	0.148	0.242	0.268	0.265	0.267	0.25	0.301	0.241	0.127	0.13	0.121	0.099	0.113	0.131	0.147	0.071	0.127	0.142	0.215	0.163	0.119	0.131	0.005	0.205	0.227	0.258	0.0	0.231	0.005	0.142	0.197	0.145	0.132	0.149	0.25	0.301	0.293	0.333	0.247	0.211	0.302	0.34	0.093	0.115	0.121	0.0	0.134	0.144	0.091	0.115	0.132	0.16	0.144	0.123	0.108	0.0	
Chromosome	5461789	T	G	0.108	0.46	0.359	0.451	0.412	0.107	0.349	0.333	0.346	0.225	0.197	0.174	0.5	0.404	0.315	0.39	0.494	0.459	0.457	0.602	0.455	0.442	0.239	0.237	0.217	0.231	0.174	0.22	0.145	0.316	0.327	0.353	0.17	0.168	0.167	0.0	0.33	0.357	0.409	0.008	0.326	0.006	0.263	0.33	0.181	0.164	0.215	0.327	0.487	0.46	0.532	0.438	0.352	0.44	0.413	0.6	0.472	0.342	0.011	0.163	0.144	0.082	0.179	0.278	0.232	0.118	0.137	0.175	0.01	
Chromosome	5521109	A	C	0.077	0.111	0.151	0.144	0.146	0.03	0.139	0.135	0.081	0.082	0.05	0.068	0.157	0.189	0.169	0.147	0.154	0.19	0.153	0.109	0.133	0.135	0.095	0.119	0.06	0.066	0.06	0.076	0.053	0.133	0.113	0.109	0.09	0.058	0.05	0.0	0.091	0.134	0.139	0.011	0.178	0.0	0.094	0.114	0.04	0.042	0.075	0.179	0.18	0.167	0.189	0.174	0.131	0.214	0.155	0.121	0.139	0.156	0.0	0.076	0.052	0.096	0.112	0.075	0.087	0.063	0.062	0.057	0.006	
Chromosome	5701921	G	C	0.0	0.203	0.0	0.0	0.0	0.0	0.0	0.0	0.0	0.013	0.0	0.0	0.0	0.0	0.0	0.0	0.0	0.0	0.0	0.0	0.0	0.0	0.005	0.0	0.0	0.0	0.0	0.0	0.0	0.0	0.0	0.007	0.0	0.0	0.0	0.0	0.0	0.0	0.0	0.0	0.0	0.0	0.0	0.0	0.0	0.0	0.005	0.0	0.0	0.0	0.0	0.0	0.0	0.0	0.0	0.0	0.0	0.0	0.006	0.0	0.0	0.0	0.0	0.0	0.0	0.0	0.0	0.0	0.0	
Chromosome	5939320	T	G	0.13	0.246	0.221	0.192	0.157	0.047	0.178	0.21	0.187	0.179	0.155	0.148	0.159	0.106	0.252	0.262	0.273	0.221	0.245	0.23	0.234	0.155	0.134	0.145	0.122	0.11	0.137	0.132	0.077	0.106	0.153	0.19	0.148	0.139	0.122	0.0	0.177	0.216	0.167	0.0	0.216	0.0	0.156	0.201	0.121	0.145	0.154	0.258	0.238	0.256	0.282	0.267	0.221	0.256	0.246	0.163	0.137	0.139	0.0	0.108	0.177	0.119	0.104	0.112	0.158	0.131	0.159	0.092	0.0	
Chromosome	5939331	T	G	0.153	0.317	0.29	0.182	0.126	0.062	0.208	0.176	0.195	0.166	0.168	0.132	0.123	0.042	0.214	0.3	0.291	0.227	0.261	0.259	0.22	0.148	0.133	0.12	0.116	0.168	0.155	0.195	0.073	0.089	0.139	0.177	0.148	0.178	0.174	0.0	0.197	0.209	0.195	0.007	0.239	0.0	0.083	0.215	0.158	0.17	0.189	0.233	0.267	0.262	0.258	0.286	0.255	0.273	0.257	0.125	0.138	0.11	0.013	0.146	0.164	0.131	0.132	0.121	0.19	0.136	0.176	0.134	0.0	
Chromosome	5939338	A	C	0.085	0.193	0.136	0.157	0.071	0.02	0.121	0.095	0.121	0.1	0.056	0.051	0.053	0.018	0.144	0.192	0.172	0.126	0.161	0.14	0.124	0.076	0.07	0.041	0.077	0.075	0.065	0.077	0.048	0.033	0.051	0.122	0.068	0.077	0.096	0.006	0.125	0.103	0.108	0.0	0.121	0.0	0.06	0.105	0.094	0.066	0.096	0.1	0.13	0.144	0.172	0.157	0.152	0.179	0.156	0.054	0.035	0.058	0.0	0.063	0.085	0.075	0.045	0.05	0.111	0.066	0.078	0.056	0.0	
Chromosome	6111322	A	C	0.023	0.163	0.114	0.179	0.035	0.011	0.05	0.036	0.041	0.055	0.025	0.016	0.022	0.017	0.092	0.123	0.128	0.164	0.13	0.202	0.055	0.035	0.021	0.009	0.023	0.035	0.013	0.031	0.011	0.033	0.041	0.038	0.006	0.024	0.018	0.0	0.027	0.034	0.045	0.0	0.039	0.0	0.036	0.021	0.011	0.019	0.006	0.196	0.233	0.15	0.156	0.196	0.124	0.226	0.22	0.028	0.032	0.032	0.0	0.019	0.02	0.017	0.032	0.035	0.06	0.017	0.029	0.017	0.0	
Chromosome	6135889	T	G	0.068	0.267	0.228	0.201	0.148	0.045	0.14	0.163	0.132	0.118	0.12	0.104	0.127	0.141	0.179	0.236	0.245	0.292	0.219	0.175	0.139	0.158	0.108	0.13	0.168	0.131	0.068	0.057	0.079	0.151	0.15	0.174	0.062	0.082	0.079	0.0	0.162	0.145	0.147	0.016	0.134	0.0	0.105	0.157	0.098	0.069	0.092	0.274	0.24	0.203	0.239	0.27	0.183	0.2	0.227	0.194	0.173	0.166	0.006	0.066	0.11	0.081	0.136	0.144	0.178	0.095	0.071	0.067	0.007	
Chromosome	6191146	T	G	0.083	0.166	0.191	0.166	0.073	0.028	0.154	0.156	0.152	0.088	0.073	0.054	0.086	0.083	0.226	0.187	0.16	0.13	0.181	0.159	0.179	0.095	0.056	0.101	0.078	0.079	0.053	0.083	0.056	0.105	0.109	0.169	0.101	0.07	0.065	0.004	0.119	0.179	0.141	0.0	0.175	0.0	0.068	0.093	0.085	0.069	0.06	0.188	0.182	0.232	0.13	0.2	0.185	0.184	0.178	0.125	0.117	0.091	0.0	0.069	0.095	0.072	0.127	0.111	0.139	0.066	0.086	0.069	0.0	
Chromosome	6331827	T	TCCTGAGTTTGGACATTTCGCTTAGTACCCA	0.0	0.0	0.0	0.0	0.0	0.0	0.0	0.0	0.0	0.0	0.0	0.0	0.0	0.0	0.0	0.0	0.0	0.0	0.0	0.0	0.0	0.0	0.0	0.0	0.0	0.0	0.0	0.0	0.0	0.0	0.0	0.0	0.0	0.0	0.0	0.0	0.0	0.0	0.0	0.0	0.0	0.0	0.0	0.0	0.0	0.0	0.0	0.0	0.0	0.0	0.0	0.0	0.0	0.0	0.0	0.0	0.0	0.0	0.0	0.0	0.0	0.0	0.0	0.0	0.0	0.0	0.0	0.0	0.0	
Chromosome	6458276	T	G	0.134	0.155	0.17	0.152	0.139	0.135	0.152	0.154	0.131	0.119	0.164	0.163	0.152	0.081	0.123	0.133	0.088	0.157	0.154	0.132	0.136	0.123	0.148	0.145	0.118	0.147	0.113	0.143	0.093	0.174	0.168	0.144	0.155	0.125	0.07	0.0	0.131	0.146	0.176	0.005	0.155	0.0	0.107	0.149	0.11	0.117	0.096	0.135	0.134	0.165	0.195	0.145	0.179	0.197	0.138	0.026	0.106	0.125	0.0	0.105	0.119	0.112	0.127	0.101	0.114	0.103	0.122	0.066	0.0	
Chromosome	6478685	A	C	0.196	0.303	0.308	0.234	0.186	0.075	0.19	0.206	0.228	0.095	0.197	0.159	0.216	0.183	0.222	0.247	0.26	0.229	0.223	0.165	0.246	0.237	0.179	0.126	0.126	0.163	0.175	0.199	0.13	0.181	0.195	0.29	0.185	0.137	0.164	0.0	0.264	0.231	0.275	0.006	0.311	0.006	0.112	0.224	0.193	0.151	0.169	0.381	0.328	0.321	0.281	0.305	0.347	0.242	0.275	0.207	0.182	0.156	0.006	0.205	0.121	0.153	0.144	0.107	0.239	0.156	0.177	0.144	0.0	
Chromosome	6548285	A	G	0.0	0.167	0.007	0.0	0.0	0.0	0.004	0.0	0.0	0.0	0.0	0.0	0.0	0.0	0.0	0.012	0.0	0.0	0.011	0.0	0.0	0.0	0.0	0.0	0.0	0.0	0.0	0.003	0.0	0.0	0.0	0.0	0.0	0.0	0.0	0.0	0.005	0.0	0.0	0.0	0.0	0.0	0.0	0.0	0.0	0.003	0.002	0.0	0.006	0.0	0.0	0.006	0.0	0.0	0.0	0.0	0.0	0.0	0.0	0.0	0.0	0.0	0.0	0.0	0.004	0.0	0.005	0.0	0.0	
Chromosome	6923330	T	G	0.29	0.411	0.352	0.347	0.365	0.253	0.397	0.421	0.319	0.333	0.374	0.324	0.472	0.587	0.472	0.467	0.396	0.397	0.383	0.427	0.39	0.423	0.307	0.372	0.351	0.382	0.258	0.264	0.271	0.46	0.412	0.466	0.31	0.292	0.261	0.0	0.392	0.372	0.322	0.0	0.42	0.006	0.265	0.283	0.261	0.294	0.261	0.339	0.411	0.474	0.417	0.493	0.376	0.471	0.507	0.588	0.413	0.437	0.0	0.261	0.3	0.279	0.36	0.294	0.352	0.236	0.273	0.232	0.014	
