chromosome	pos	ref	mut	APAW	BedD	BedA	BedB	BedC	Ana1	CipA	CipB	CipC	CLFA	CLFB	CLFC	CombA2	CombA3	CombA	CombAu1	CombAu3	CombAu5	CombB	CombC	CycloA	CycloB	CycloC	EMBA	EMBB	EMBC	INH1	INH2	INHA	LzdA	LzdB	LzdC	M91	M92	M9B	MA_F1	MA_F2	MA_F3	MA_H1	MA_H2	MA_H3	MA_S1	MA_S2	MA_S3	MMCA	MMCB	MMCC	MockA	MockB	MockC	MockD	MockE	MockF	MockG	MockH	MockI	MockJ	MockK	MockL	NANOA	NANOB	NANOC	RIFA	RIFB	RIFC	UV1	UV2	UV3	WT_Msm
Chromosome	35052	T	A	0.163	0.177	0.242	0.257	0.277	0.091	0.232	0.177	0.209	0.115	0.113	0.073	0.151	0.184	0.247	0.289	0.267	0.205	0.29	0.208	0.368	0.175	0.083	0.108	0.181	0.104	0.218	0.185	0.139	0.147	0.169	0.329	0.221	0.211	0.163	0.0	0.26	0.183	0.219	0.0	0.192	0.0	0.12	0.241	0.185	0.197	0.212	0.289	0.279	0.258	0.315	0.289	0.326	0.392	0.299	0.25	0.2	0.169	0.0	0.206	0.186	0.142	0.125	0.073	0.244	0.153	0.224	0.168	0.0	
Chromosome	57142	G	C	0.099	0.179	0.213	0.226	0.176	0.042	0.145	0.155	0.174	0.121	0.121	0.096	0.223	0.281	0.202	0.208	0.214	0.229	0.23	0.19	0.196	0.208	0.113	0.118	0.125	0.137	0.099	0.103	0.075	0.281	0.243	0.222	0.129	0.083	0.08	0.0	0.162	0.132	0.144	0.0	0.162	0.0	0.161	0.113	0.097	0.102	0.102	0.232	0.244	0.23	0.201	0.228	0.185	0.162	0.203	0.217	0.251	0.219	0.005	0.073	0.097	0.067	0.091	0.107	0.181	0.116	0.117	0.093	0.0	
Chromosome	64992	T	G	0.148	0.251	0.294	0.305	0.25	0.15	0.171	0.238	0.23	0.174	0.157	0.208	0.27	0.26	0.276	0.337	0.376	0.369	0.325	0.306	0.257	0.188	0.17	0.184	0.168	0.178	0.136	0.128	0.12	0.298	0.246	0.302	0.176	0.125	0.14	0.028	0.22	0.283	0.287	0.022	0.29	0.015	0.195	0.228	0.193	0.177	0.154	0.349	0.34	0.421	0.366	0.394	0.373	0.364	0.368	0.222	0.261	0.27	0.006	0.189	0.15	0.113	0.23	0.221	0.22	0.121	0.148	0.162	0.067	
Chromosome	65001	A	C	0.148	0.303	0.358	0.298	0.298	0.099	0.251	0.247	0.336	0.211	0.201	0.171	0.294	0.235	0.371	0.396	0.439	0.471	0.317	0.361	0.23	0.254	0.219	0.232	0.221	0.235	0.163	0.164	0.131	0.226	0.254	0.251	0.248	0.182	0.174	0.0	0.255	0.25	0.265	0.007	0.304	0.0	0.172	0.219	0.208	0.158	0.185	0.345	0.429	0.337	0.325	0.398	0.336	0.387	0.371	0.324	0.272	0.256	0.0	0.119	0.196	0.172	0.242	0.174	0.21	0.17	0.17	0.152	0.0	
Chromosome	202859	T	G	0.083	0.199	0.274	0.259	0.214	0.051	0.119	0.11	0.157	0.151	0.094	0.058	0.216	0.256	0.359	0.195	0.268	0.15	0.217	0.226	0.162	0.214	0.104	0.1	0.095	0.139	0.104	0.087	0.097	0.212	0.208	0.194	0.071	0.081	0.095	0.0	0.177	0.09	0.147	0.006	0.184	0.0	0.16	0.145	0.11	0.102	0.108	0.26	0.241	0.241	0.266	0.281	0.199	0.275	0.281	0.2	0.196	0.23	0.005	0.089	0.13	0.089	0.103	0.143	0.131	0.089	0.077	0.063	0.013	
Chromosome	240244	A	C	0.044	0.112	0.138	0.084	0.12	0.018	0.093	0.076	0.065	0.041	0.045	0.029	0.168	0.11	0.079	0.121	0.117	0.144	0.109	0.14	0.151	0.12	0.048	0.07	0.043	0.038	0.024	0.033	0.061	0.127	0.122	0.087	0.045	0.037	0.03	0.0	0.058	0.069	0.107	0.0	0.083	0.005	0.088	0.083	0.032	0.044	0.042	0.169	0.096	0.102	0.108	0.159	0.106	0.151	0.123	0.139	0.157	0.096	0.0	0.047	0.042	0.044	0.041	0.056	0.064	0.039	0.041	0.052	0.006	
Chromosome	249685	T	G	0.142	0.225	0.373	0.327	0.294	0.141	0.256	0.203	0.226	0.188	0.19	0.165	0.264	0.302	0.259	0.252	0.416	0.333	0.319	0.35	0.219	0.204	0.211	0.199	0.234	0.165	0.121	0.144	0.089	0.276	0.245	0.207	0.155	0.146	0.125	0.0	0.23	0.227	0.235	0.0	0.19	0.029	0.196	0.23	0.139	0.123	0.12	0.357	0.331	0.375	0.236	0.362	0.324	0.324	0.435	0.344	0.255	0.217	0.0	0.137	0.141	0.121	0.219	0.157	0.229	0.175	0.132	0.127	0.0	
Chromosome	341871	T	G	0.094	0.192	0.15	0.212	0.159	0.028	0.132	0.17	0.12	0.112	0.081	0.08	0.096	0.148	0.165	0.212	0.2	0.232	0.189	0.209	0.173	0.141	0.114	0.103	0.076	0.098	0.043	0.062	0.082	0.108	0.157	0.176	0.062	0.092	0.074	0.005	0.13	0.13	0.142	0.0	0.099	0.0	0.099	0.103	0.099	0.097	0.074	0.168	0.214	0.198	0.226	0.231	0.182	0.195	0.228	0.105	0.125	0.117	0.004	0.092	0.084	0.045	0.099	0.08	0.137	0.087	0.121	0.047	0.005	
Chromosome	417971	T	A	0.145	0.198	0.152	0.169	0.145	0.06	0.142	0.104	0.123	0.162	0.12	0.098	0.213	0.196	0.121	0.137	0.16	0.157	0.167	0.199	0.174	0.206	0.114	0.118	0.109	0.092	0.158	0.133	0.167	0.19	0.23	0.166	0.132	0.109	0.111	0.0	0.117	0.173	0.133	0.0	0.091	0.0	0.135	0.104	0.194	0.155	0.15	0.074	0.152	0.193	0.162	0.211	0.107	0.134	0.203	0.324	0.234	0.167	0.0	0.158	0.146	0.142	0.121	0.092	0.159	0.15	0.142	0.134	0.0	
Chromosome	417975	G	C	0.115	0.24	0.142	0.169	0.152	0.081	0.136	0.19	0.147	0.164	0.135	0.115	0.18	0.203	0.144	0.198	0.136	0.175	0.182	0.175	0.148	0.257	0.116	0.132	0.122	0.089	0.158	0.1	0.143	0.178	0.197	0.217	0.122	0.112	0.084	0.0	0.148	0.179	0.166	0.0	0.163	0.0	0.139	0.109	0.15	0.175	0.136	0.105	0.133	0.185	0.15	0.207	0.13	0.177	0.179	0.25	0.231	0.183	0.005	0.135	0.142	0.128	0.126	0.102	0.137	0.142	0.13	0.135	0.005	
Chromosome	645437	T	G	0.109	0.208	0.165	0.305	0.194	0.066	0.161	0.203	0.182	0.177	0.134	0.134	0.218	0.161	0.237	0.212	0.221	0.242	0.244	0.246	0.241	0.199	0.148	0.136	0.115	0.142	0.138	0.13	0.084	0.199	0.172	0.196	0.111	0.123	0.085	0.006	0.149	0.192	0.255	0.0	0.167	0.0	0.118	0.163	0.163	0.13	0.12	0.224	0.234	0.235	0.234	0.219	0.267	0.181	0.235	0.184	0.186	0.192	0.0	0.128	0.138	0.112	0.159	0.163	0.187	0.15	0.154	0.135	0.0	
Chromosome	702177	T	G	0.091	0.166	0.233	0.175	0.217	0.074	0.159	0.168	0.17	0.125	0.129	0.114	0.171	0.216	0.172	0.141	0.124	0.151	0.166	0.159	0.159	0.119	0.09	0.132	0.142	0.1	0.139	0.081	0.102	0.178	0.121	0.193	0.128	0.098	0.101	0.0	0.128	0.186	0.205	0.0	0.178	0.0	0.101	0.183	0.108	0.117	0.135	0.144	0.164	0.111	0.154	0.136	0.187	0.173	0.134	0.294	0.184	0.156	0.0	0.095	0.131	0.128	0.09	0.115	0.117	0.094	0.094	0.096	0.007	
Chromosome	706123	T	G	0.145	0.155	0.195	0.196	0.2	0.094	0.187	0.222	0.226	0.158	0.104	0.112	0.173	0.132	0.2	0.212	0.221	0.237	0.163	0.243	0.209	0.172	0.167	0.155	0.149	0.15	0.167	0.092	0.128	0.159	0.108	0.251	0.16	0.141	0.143	0.0	0.209	0.181	0.209	0.006	0.205	0.005	0.114	0.151	0.106	0.158	0.138	0.219	0.212	0.236	0.263	0.204	0.225	0.25	0.253	0.205	0.168	0.171	0.005	0.139	0.15	0.164	0.11	0.167	0.186	0.162	0.134	0.171	0.007	
Chromosome	708674	A	C	0.204	0.215	0.261	0.187	0.302	0.094	0.254	0.243	0.257	0.245	0.163	0.182	0.223	0.23	0.256	0.247	0.229	0.202	0.267	0.266	0.19	0.28	0.182	0.147	0.126	0.151	0.138	0.092	0.142	0.23	0.256	0.2	0.176	0.145	0.187	0.005	0.181	0.206	0.281	0.0	0.255	0.0	0.195	0.217	0.167	0.209	0.185	0.196	0.208	0.191	0.224	0.302	0.224	0.198	0.167	0.333	0.284	0.214	0.0	0.139	0.164	0.17	0.171	0.235	0.183	0.141	0.17	0.161	0.0	
Chromosome	765879	A	C	0.09	0.138	0.175	0.154	0.191	0.084	0.144	0.165	0.167	0.129	0.092	0.118	0.118	0.182	0.153	0.198	0.165	0.175	0.143	0.172	0.179	0.147	0.087	0.098	0.089	0.106	0.071	0.096	0.091	0.114	0.122	0.141	0.078	0.09	0.051	0.0	0.138	0.157	0.185	0.005	0.183	0.0	0.112	0.134	0.059	0.106	0.076	0.153	0.172	0.145	0.144	0.155	0.158	0.2	0.224	0.193	0.157	0.113	0.0	0.075	0.084	0.08	0.102	0.116	0.11	0.08	0.088	0.075	0.013	
Chromosome	767484	A	C	0.083	0.191	0.33	0.196	0.264	0.06	0.202	0.213	0.214	0.099	0.111	0.097	0.169	0.133	0.246	0.285	0.273	0.245	0.198	0.252	0.164	0.141	0.135	0.11	0.098	0.123	0.043	0.069	0.063	0.166	0.17	0.112	0.042	0.08	0.062	0.032	0.163	0.162	0.163	0.024	0.166	0.024	0.121	0.176	0.066	0.069	0.068	0.277	0.25	0.223	0.285	0.297	0.192	0.28	0.255	0.105	0.224	0.162	0.026	0.09	0.071	0.109	0.096	0.103	0.084	0.073	0.081	0.048	0.113	
Chromosome	767511	T	G	0.095	0.169	0.303	0.325	0.349	0.065	0.213	0.198	0.199	0.099	0.101	0.124	0.179	0.189	0.188	0.359	0.313	0.327	0.331	0.319	0.183	0.134	0.083	0.116	0.078	0.061	0.104	0.067	0.081	0.139	0.126	0.16	0.102	0.126	0.068	0.005	0.185	0.256	0.209	0.0	0.214	0.0	0.098	0.169	0.105	0.064	0.087	0.32	0.345	0.289	0.353	0.321	0.337	0.362	0.321	0.194	0.209	0.141	0.0	0.089	0.079	0.088	0.134	0.049	0.138	0.087	0.086	0.064	0.0	
Chromosome	789453	A	C	0.0	0.126	0.009	0.0	0.0	0.0	0.0	0.0	0.0	0.0	0.0	0.09	0.004	0.006	0.0	0.0	0.129	0.0	0.0	0.0	0.0	0.0	0.0	0.0	0.0	0.005	0.0	0.0	0.0	0.0	0.005	0.0	0.0	0.0	0.003	0.004	0.0	0.0	0.0	0.0	0.0	0.0	0.0	0.0	0.0	0.004	0.125	0.0	0.007	0.006	0.0	0.0	0.0	0.0	0.0	0.0	0.005	0.006	0.0	0.003	0.0	0.0	0.004	0.0	0.004	0.01	0.068	0.0	0.0	
Chromosome	844335	A	C	0.0	0.106	0.006	0.0	0.0	0.0	0.0	0.0	0.0	0.0	0.0	0.039	0.0	0.009	0.0	0.0	0.04	0.008	0.006	0.0	0.0	0.0	0.0	0.0	0.005	0.0	0.0	0.0	0.0	0.0	0.005	0.0	0.0	0.002	0.0	0.0	0.0	0.0	0.0	0.0	0.0	0.0	0.0	0.0	0.0	0.0	0.004	0.008	0.0	0.0	0.0	0.0	0.0	0.0	0.0	0.0	0.011	0.0	0.0	0.0	0.003	0.0	0.009	0.0	0.003	0.003	0.002	0.0	0.0	
Chromosome	971934	C	G	0.071	0.154	0.081	0.096	0.113	0.044	0.142	0.123	0.138	0.086	0.087	0.103	0.145	0.13	0.119	0.114	0.148	0.1	0.159	0.122	0.142	0.149	0.066	0.071	0.098	0.07	0.076	0.062	0.068	0.11	0.14	0.157	0.101	0.078	0.066	0.03	0.137	0.118	0.13	0.029	0.12	0.012	0.181	0.12	0.096	0.087	0.074	0.129	0.083	0.136	0.133	0.13	0.129	0.149	0.182	0.232	0.192	0.149	0.045	0.085	0.091	0.058	0.093	0.071	0.107	0.097	0.087	0.092	0.025	
Chromosome	971942	C	G	0.057	0.209	0.061	0.09	0.151	0.005	0.128	0.15	0.154	0.133	0.129	0.105	0.129	0.161	0.099	0.127	0.116	0.128	0.115	0.105	0.144	0.179	0.093	0.11	0.092	0.132	0.071	0.104	0.092	0.159	0.167	0.175	0.125	0.076	0.056	0.078	0.117	0.113	0.14	0.084	0.142	0.061	0.161	0.111	0.102	0.076	0.085	0.134	0.103	0.146	0.17	0.165	0.144	0.227	0.164	0.286	0.212	0.152	0.067	0.09	0.102	0.06	0.087	0.054	0.126	0.101	0.064	0.109	0.056	
Chromosome	971947	C	G	0.057	0.195	0.114	0.133	0.177	0.027	0.163	0.147	0.136	0.134	0.133	0.119	0.147	0.214	0.14	0.147	0.128	0.147	0.137	0.131	0.184	0.181	0.081	0.14	0.106	0.126	0.066	0.076	0.098	0.148	0.165	0.167	0.13	0.082	0.075	0.061	0.178	0.12	0.155	0.071	0.149	0.045	0.189	0.115	0.1	0.095	0.082	0.12	0.124	0.216	0.172	0.16	0.173	0.257	0.217	0.273	0.201	0.167	0.086	0.115	0.092	0.089	0.111	0.074	0.125	0.137	0.082	0.093	0.024	
Chromosome	971953	A	T	0.081	0.142	0.073	0.105	0.133	0.032	0.106	0.082	0.071	0.113	0.089	0.112	0.136	0.161	0.076	0.111	0.125	0.076	0.094	0.08	0.151	0.132	0.061	0.089	0.08	0.073	0.054	0.088	0.058	0.108	0.153	0.15	0.093	0.061	0.042	0.0	0.124	0.089	0.084	0.0	0.071	0.0	0.113	0.087	0.095	0.091	0.075	0.152	0.068	0.159	0.123	0.099	0.116	0.151	0.132	0.151	0.145	0.132	0.0	0.099	0.094	0.076	0.051	0.053	0.112	0.089	0.082	0.077	0.0	
Chromosome	1005344	T	G	0.081	0.15	0.082	0.175	0.151	0.01	0.123	0.141	0.116	0.11	0.09	0.12	0.123	0.171	0.189	0.17	0.117	0.129	0.136	0.211	0.22	0.152	0.079	0.085	0.061	0.071	0.064	0.058	0.049	0.088	0.107	0.14	0.088	0.088	0.053	0.0	0.071	0.134	0.164	0.011	0.053	0.005	0.097	0.107	0.059	0.071	0.072	0.201	0.101	0.178	0.204	0.201	0.186	0.216	0.126	0.259	0.101	0.137	0.0	0.06	0.07	0.039	0.069	0.119	0.111	0.057	0.063	0.053	0.0	
Chromosome	1203804	T	G	0.073	0.163	0.103	0.171	0.093	0.043	0.109	0.097	0.123	0.089	0.065	0.082	0.136	0.163	0.163	0.137	0.132	0.125	0.151	0.087	0.158	0.139	0.081	0.067	0.066	0.073	0.038	0.05	0.045	0.149	0.111	0.14	0.064	0.075	0.042	0.0	0.103	0.069	0.123	0.0	0.109	0.006	0.052	0.085	0.054	0.094	0.075	0.112	0.088	0.151	0.158	0.142	0.119	0.169	0.19	0.048	0.155	0.141	0.006	0.062	0.074	0.05	0.082	0.078	0.094	0.06	0.065	0.056	0.0	
Chromosome	1262715	G	C	0.109	0.181	0.099	0.141	0.155	0.069	0.085	0.145	0.14	0.134	0.132	0.156	0.301	0.294	0.141	0.167	0.131	0.111	0.18	0.195	0.156	0.146	0.154	0.074	0.156	0.171	0.074	0.08	0.133	0.224	0.236	0.172	0.09	0.094	0.096	0.006	0.127	0.16	0.115	0.0	0.147	0.0	0.202	0.149	0.059	0.12	0.102	0.111	0.155	0.15	0.153	0.116	0.111	0.113	0.216	0.383	0.164	0.239	0.006	0.091	0.082	0.097	0.167	0.13	0.132	0.078	0.104	0.109	0.008	
Chromosome	1311439	A	G	0.0	0.041	0.0	0.0	0.0	0.0	0.0	0.0	0.0	0.0	0.0	0.0	0.0	0.0	0.0	0.0	0.0	0.0	0.0	0.0	0.0	0.0	0.0	0.0	0.004	0.0	0.0	0.0	0.0	0.0	0.0	0.0	0.0	0.0	0.0	0.0	0.0	0.0	0.0	0.0	0.0	0.0	0.0	0.0	0.0	0.0	0.0	0.0	0.0	0.006	0.0	0.0	0.0	0.0	0.0	0.0	0.0	0.0	0.0	0.002	0.0	0.0	0.0	0.0	0.0	0.0	0.0	0.003	0.0	
Chromosome	1341535	T	TGGCTCTTCGCACTTGACGGTGTAGAGA	0.0	0.0	0.0	0.0	0.0	0.0	0.0	0.0	0.0	0.0	0.0	0.0	0.0	0.0	0.0	0.0	0.0	0.0	0.0	0.0	0.0	0.0	0.0	0.0	0.0	0.0	0.0	0.0	0.0	0.0	0.0	0.0	0.0	0.0	0.0	0.0	0.0	0.0	0.0	0.0	0.0	0.0	0.0	0.0	0.0	0.0	0.0	0.0	0.0	0.0	0.0	0.0	0.0	0.0	0.0	0.0	0.0	0.0	0.0	0.0	0.0	0.0	0.0	0.0	0.0	0.0	0.0	0.0	0.0	
Chromosome	1341539	C	T	0.265	0.164	0.222	0.132	0.114	0.286	0.241	0.046	0.096	0.198	0.197	0.256	0.426	0.413	0.229	0.239	0.231	0.269	0.231	0.273	0.23	0.162	0.33	0.274	0.301	0.25	0.329	0.26	0.25	0.281	0.143	0.238	0.241	0.237	0.194	0.245	0.239	0.286	0.333	0.091	0.235	0.17	0.364	0.18	0.309	0.226	0.261	0.286	0.314	0.278	0.129	0.179	0.393	0.132	0.323	0.308	0.5	0.196	0.205	0.324	0.21	0.25	0.227	0.297	0.226	0.301	0.277	0.344	0.109	
Chromosome	1370349	A	C	0.087	0.194	0.231	0.26	0.219	0.038	0.188	0.209	0.158	0.126	0.105	0.086	0.231	0.207	0.2	0.243	0.292	0.274	0.281	0.226	0.252	0.18	0.083	0.144	0.111	0.091	0.078	0.12	0.086	0.184	0.182	0.217	0.131	0.096	0.083	0.006	0.173	0.124	0.163	0.006	0.235	0.006	0.112	0.242	0.103	0.094	0.106	0.253	0.214	0.237	0.273	0.227	0.184	0.24	0.243	0.229	0.258	0.169	0.0	0.1	0.117	0.081	0.139	0.115	0.159	0.099	0.126	0.131	0.008	
Chromosome	1370354	G	C	0.102	0.151	0.194	0.127	0.12	0.043	0.127	0.119	0.117	0.053	0.06	0.048	0.165	0.149	0.179	0.14	0.163	0.186	0.163	0.116	0.181	0.131	0.054	0.093	0.042	0.038	0.032	0.057	0.042	0.161	0.218	0.157	0.049	0.053	0.03	0.0	0.096	0.099	0.098	0.0	0.126	0.0	0.095	0.172	0.038	0.055	0.064	0.167	0.16	0.148	0.138	0.165	0.109	0.144	0.155	0.19	0.194	0.172	0.0	0.061	0.045	0.02	0.086	0.06	0.081	0.045	0.065	0.029	0.0	
Chromosome	1411142	T	G	0.142	0.102	0.198	0.2	0.17	0.096	0.188	0.216	0.222	0.092	0.056	0.068	0.024	0.072	0.265	0.268	0.189	0.24	0.252	0.305	0.184	0.038	0.059	0.068	0.115	0.023	0.113	0.139	0.055	0.073	0.021	0.179	0.13	0.109	0.081	0.005	0.15	0.186	0.226	0.006	0.148	0.0	0.037	0.229	0.087	0.099	0.153	0.222	0.257	0.157	0.278	0.232	0.247	0.198	0.169	0.0	0.031	0.069	0.0	0.118	0.112	0.092	0.063	0.07	0.163	0.129	0.124	0.107	0.008	
Chromosome	1437874	T	G	0.067	0.121	0.063	0.103	0.071	0.065	0.098	0.116	0.065	0.185	0.142	0.175	0.115	0.138	0.088	0.065	0.086	0.058	0.092	0.125	0.101	0.123	0.141	0.161	0.165	0.117	0.121	0.108	0.091	0.09	0.109	0.108	0.099	0.072	0.096	0.004	0.098	0.101	0.109	0.005	0.127	0.0	0.092	0.115	0.114	0.096	0.137	0.079	0.113	0.107	0.138	0.118	0.102	0.049	0.115	0.148	0.068	0.131	0.004	0.082	0.084	0.092	0.166	0.203	0.132	0.07	0.13	0.083	0.011	
Chromosome	1460671	T	G	0.006	0.074	0.0	0.008	0.0	0.0	0.0	0.0	0.0	0.0	0.006	0.034	0.0	0.0	0.0	0.0	0.065	0.008	0.0	0.0	0.005	0.0	0.0	0.005	0.0	0.0	0.004	0.0	0.004	0.0	0.0	0.0	0.0	0.0	0.0	0.0	0.0	0.0	0.0	0.006	0.0	0.0	0.0	0.0	0.0	0.0	0.009	0.0	0.0	0.0	0.006	0.0	0.0	0.0	0.009	0.0	0.0	0.0	0.0	0.0	0.008	0.002	0.0	0.0	0.0	0.003	0.009	0.0	0.0	
Chromosome	1480254	T	G	0.0	0.084	0.005	0.007	0.0	0.0	0.0	0.0	0.004	0.004	0.0	0.039	0.004	0.0	0.0	0.0	0.018	0.0	0.0	0.0	0.018	0.004	0.003	0.0	0.006	0.0	0.0	0.0	0.0	0.0	0.0	0.0	0.0	0.002	0.003	0.0	0.004	0.0	0.0	0.0	0.0	0.0	0.004	0.0	0.0	0.0	0.002	0.0	0.006	0.0	0.0	0.011	0.015	0.0	0.006	0.0	0.005	0.003	0.01	0.0	0.0	0.002	0.0	0.007	0.003	0.003	0.004	0.002	0.0	
Chromosome	1574107	A	C	0.078	0.183	0.151	0.165	0.22	0.025	0.119	0.109	0.136	0.113	0.079	0.104	0.146	0.105	0.155	0.205	0.203	0.301	0.254	0.195	0.126	0.16	0.1	0.065	0.076	0.109	0.065	0.087	0.043	0.2	0.173	0.149	0.083	0.057	0.057	0.0	0.137	0.12	0.094	0.006	0.144	0.0	0.038	0.102	0.085	0.059	0.074	0.152	0.261	0.196	0.167	0.156	0.234	0.283	0.277	0.123	0.119	0.155	0.0	0.077	0.088	0.058	0.102	0.09	0.114	0.071	0.091	0.067	0.0	
Chromosome	1574114	T	G	0.158	0.219	0.245	0.262	0.197	0.177	0.177	0.218	0.18	0.146	0.167	0.224	0.26	0.312	0.263	0.298	0.318	0.274	0.299	0.268	0.211	0.16	0.177	0.204	0.179	0.144	0.135	0.095	0.16	0.214	0.232	0.183	0.194	0.142	0.113	0.005	0.135	0.168	0.213	0.012	0.128	0.006	0.156	0.213	0.154	0.128	0.178	0.29	0.281	0.365	0.298	0.309	0.315	0.302	0.293	0.125	0.192	0.237	0.011	0.142	0.13	0.149	0.171	0.201	0.155	0.132	0.118	0.134	0.007	
Chromosome	1588372	G	C	0.071	0.089	0.051	0.064	0.073	0.049	0.119	0.108	0.094	0.046	0.062	0.056	0.067	0.124	0.079	0.091	0.15	0.103	0.095	0.088	0.095	0.098	0.059	0.075	0.05	0.063	0.063	0.101	0.041	0.052	0.059	0.078	0.065	0.075	0.082	0.0	0.124	0.076	0.084	0.0	0.075	0.0	0.04	0.098	0.092	0.089	0.079	0.093	0.123	0.09	0.1	0.107	0.083	0.096	0.076	0.115	0.109	0.102	0.005	0.062	0.083	0.065	0.051	0.039	0.071	0.095	0.083	0.06	0.0	
Chromosome	1630318	T	G	0.209	0.211	0.274	0.24	0.223	0.14	0.241	0.323	0.346	0.251	0.242	0.241	0.216	0.269	0.308	0.204	0.24	0.24	0.225	0.236	0.273	0.188	0.238	0.24	0.211	0.205	0.227	0.171	0.165	0.206	0.276	0.304	0.231	0.168	0.17	0.0	0.324	0.3	0.303	0.0	0.232	0.006	0.236	0.331	0.21	0.206	0.191	0.236	0.276	0.297	0.299	0.265	0.273	0.263	0.289	0.233	0.225	0.262	0.006	0.196	0.212	0.18	0.2	0.262	0.312	0.207	0.179	0.201	0.0	
Chromosome	1747172	T	G	0.208	0.049	0.2	0.127	0.184	0.07	0.219	0.267	0.255	0.071	0.091	0.078	0.049	0.037	0.231	0.213	0.217	0.237	0.19	0.241	0.19	0.045	0.052	0.081	0.078	0.077	0.182	0.142	0.113	0.082	0.093	0.25	0.176	0.166	0.149	0.0	0.212	0.22	0.25	0.0	0.216	0.006	0.066	0.174	0.226	0.19	0.177	0.238	0.224	0.221	0.252	0.272	0.266	0.186	0.233	0.031	0.055	0.087	0.005	0.173	0.196	0.171	0.073	0.054	0.223	0.15	0.177	0.166	0.0	
Chromosome	1747181	A	C	0.204	0.254	0.266	0.2	0.246	0.076	0.23	0.309	0.291	0.167	0.192	0.154	0.206	0.258	0.296	0.224	0.262	0.277	0.248	0.254	0.276	0.237	0.211	0.13	0.184	0.13	0.219	0.168	0.162	0.226	0.286	0.262	0.198	0.172	0.223	0.005	0.203	0.212	0.29	0.006	0.317	0.006	0.2	0.25	0.224	0.267	0.184	0.301	0.268	0.342	0.298	0.302	0.312	0.215	0.269	0.256	0.182	0.26	0.0	0.209	0.226	0.179	0.16	0.197	0.231	0.16	0.188	0.158	0.007	
Chromosome	1747187	A	C	0.098	0.268	0.178	0.125	0.134	0.064	0.138	0.176	0.167	0.115	0.104	0.125	0.242	0.311	0.165	0.172	0.196	0.217	0.176	0.242	0.177	0.254	0.118	0.095	0.069	0.123	0.118	0.06	0.128	0.2	0.232	0.236	0.093	0.086	0.072	0.0	0.138	0.163	0.19	0.0	0.2	0.0	0.175	0.142	0.112	0.12	0.099	0.22	0.206	0.212	0.274	0.232	0.234	0.182	0.248	0.182	0.25	0.213	0.0	0.084	0.132	0.086	0.145	0.126	0.126	0.083	0.117	0.068	0.0	
Chromosome	1787487	T	G	0.139	0.22	0.315	0.247	0.187	0.062	0.223	0.221	0.225	0.131	0.193	0.117	0.223	0.176	0.24	0.181	0.238	0.304	0.275	0.243	0.234	0.261	0.157	0.106	0.13	0.146	0.14	0.115	0.136	0.212	0.187	0.249	0.162	0.14	0.196	0.0	0.194	0.233	0.197	0.006	0.223	0.006	0.18	0.216	0.156	0.156	0.167	0.191	0.237	0.241	0.227	0.211	0.196	0.221	0.255	0.212	0.259	0.203	0.006	0.154	0.16	0.174	0.179	0.128	0.239	0.144	0.158	0.127	0.007	
Chromosome	1847618	T	G	0.013	0.083	0.149	0.181	0.124	0.007	0.1	0.071	0.067	0.05	0.021	0.033	0.075	0.089	0.142	0.191	0.143	0.122	0.197	0.145	0.069	0.087	0.024	0.006	0.066	0.023	0.021	0.012	0.019	0.078	0.069	0.098	0.022	0.024	0.01	0.0	0.03	0.032	0.08	0.006	0.039	0.0	0.045	0.118	0.028	0.012	0.017	0.171	0.181	0.12	0.222	0.172	0.091	0.178	0.168	0.143	0.096	0.045	0.005	0.03	0.035	0.003	0.031	0.022	0.028	0.027	0.034	0.015	0.007	
Chromosome	1972720	A	C	0.075	0.215	0.182	0.207	0.188	0.024	0.178	0.176	0.177	0.09	0.099	0.08	0.199	0.208	0.253	0.161	0.239	0.191	0.199	0.214	0.156	0.194	0.106	0.096	0.094	0.103	0.096	0.051	0.071	0.137	0.159	0.22	0.111	0.088	0.073	0.004	0.138	0.164	0.128	0.011	0.161	0.005	0.082	0.213	0.125	0.108	0.067	0.222	0.174	0.192	0.16	0.2	0.136	0.184	0.23	0.08	0.225	0.197	0.0	0.11	0.082	0.076	0.097	0.106	0.151	0.129	0.069	0.088	0.0	
Chromosome	1979870	T	G	0.143	0.197	0.285	0.246	0.26	0.072	0.258	0.212	0.302	0.121	0.169	0.157	0.207	0.135	0.276	0.297	0.294	0.187	0.25	0.197	0.299	0.167	0.102	0.126	0.168	0.2	0.139	0.142	0.088	0.19	0.188	0.18	0.173	0.143	0.118	0.005	0.249	0.198	0.159	0.0	0.201	0.0	0.121	0.218	0.143	0.177	0.15	0.285	0.248	0.372	0.386	0.282	0.264	0.338	0.255	0.167	0.24	0.283	0.0	0.127	0.144	0.093	0.131	0.142	0.188	0.125	0.134	0.141	0.011	
Chromosome	2100336	C	A	0.0	0.152	0.0	0.009	0.0	0.0	0.0	0.0	0.0	0.0	0.0	0.0	0.0	0.0	0.0	0.0	0.0	0.0	0.0	0.0	0.0	0.0	0.0	0.0	0.0	0.0	0.0	0.0	0.0	0.0	0.0	0.0	0.0	0.003	0.0	0.0	0.0	0.0	0.0	0.0	0.0	0.0	0.0	0.0	0.0	0.0	0.0	0.0	0.0	0.0	0.0	0.0	0.0	0.0	0.0	0.0	0.0	0.0	0.0	0.0	0.0	0.0	0.004	0.0	0.004	0.0	0.0	0.003	0.0	
Chromosome	2154684	A	C	0.121	0.191	0.229	0.244	0.25	0.091	0.211	0.185	0.166	0.17	0.116	0.126	0.193	0.22	0.242	0.335	0.162	0.229	0.196	0.227	0.176	0.184	0.141	0.155	0.101	0.142	0.084	0.077	0.086	0.211	0.224	0.244	0.088	0.105	0.099	0.0	0.181	0.217	0.134	0.013	0.182	0.0	0.093	0.173	0.111	0.089	0.112	0.217	0.227	0.209	0.192	0.223	0.219	0.286	0.241	0.346	0.211	0.153	0.0	0.116	0.13	0.093	0.13	0.135	0.153	0.123	0.096	0.109	0.0	
Chromosome	2163416	A	C	0.124	0.141	0.175	0.189	0.158	0.053	0.153	0.13	0.207	0.119	0.111	0.129	0.079	0.053	0.173	0.113	0.127	0.112	0.118	0.106	0.18	0.157	0.167	0.124	0.109	0.13	0.127	0.117	0.063	0.114	0.128	0.169	0.152	0.115	0.142	0.0	0.157	0.108	0.182	0.0	0.153	0.0	0.078	0.156	0.118	0.096	0.117	0.168	0.156	0.158	0.091	0.17	0.2	0.166	0.142	0.087	0.082	0.135	0.0	0.122	0.14	0.128	0.15	0.135	0.148	0.115	0.105	0.137	0.0	
Chromosome	2163421	G	C	0.134	0.169	0.2	0.232	0.218	0.037	0.175	0.083	0.143	0.121	0.106	0.124	0.233	0.268	0.248	0.219	0.21	0.206	0.19	0.218	0.211	0.17	0.115	0.087	0.15	0.132	0.111	0.134	0.091	0.207	0.223	0.23	0.121	0.143	0.111	0.0	0.132	0.168	0.148	0.0	0.147	0.0	0.162	0.124	0.137	0.147	0.122	0.17	0.217	0.196	0.176	0.22	0.25	0.264	0.25	0.333	0.201	0.229	0.0	0.118	0.159	0.132	0.143	0.108	0.143	0.145	0.127	0.114	0.0	
Chromosome	2195100	T	G	0.089	0.178	0.124	0.186	0.12	0.085	0.192	0.205	0.162	0.186	0.129	0.143	0.174	0.151	0.198	0.141	0.22	0.198	0.168	0.155	0.199	0.129	0.151	0.145	0.137	0.179	0.112	0.094	0.09	0.15	0.143	0.184	0.114	0.142	0.121	0.0	0.156	0.119	0.225	0.0	0.156	0.005	0.149	0.074	0.142	0.103	0.093	0.132	0.184	0.188	0.225	0.17	0.144	0.201	0.16	0.14	0.164	0.128	0.0	0.119	0.12	0.141	0.158	0.131	0.204	0.109	0.116	0.088	0.007	
Chromosome	2223903	G	C	0.113	0.222	0.165	0.103	0.097	0.099	0.16	0.145	0.136	0.075	0.09	0.095	0.095	0.106	0.093	0.143	0.074	0.134	0.124	0.081	0.195	0.219	0.131	0.098	0.148	0.122	0.132	0.125	0.124	0.109	0.13	0.174	0.128	0.103	0.162	0.018	0.16	0.133	0.158	0.022	0.195	0.029	0.081	0.174	0.136	0.126	0.138	0.132	0.206	0.152	0.132	0.094	0.06	0.148	0.128	0.267	0.182	0.118	0.007	0.103	0.107	0.145	0.086	0.093	0.15	0.13	0.114	0.153	0.008	
Chromosome	2229482	T	G	0.043	0.101	0.079	0.092	0.094	0.008	0.087	0.108	0.109	0.029	0.055	0.086	0.118	0.154	0.2	0.159	0.15	0.087	0.076	0.12	0.126	0.102	0.057	0.059	0.077	0.054	0.04	0.029	0.031	0.188	0.128	0.099	0.037	0.057	0.026	0.005	0.061	0.088	0.087	0.0	0.09	0.0	0.065	0.094	0.054	0.052	0.047	0.111	0.085	0.084	0.099	0.104	0.088	0.108	0.074	0.184	0.143	0.122	0.011	0.035	0.045	0.028	0.062	0.075	0.045	0.046	0.047	0.033	0.0	
Chromosome	2335376	C	G	0.125	0.258	0.183	0.163	0.178	0.128	0.203	0.188	0.182	0.187	0.112	0.173	0.201	0.262	0.169	0.161	0.197	0.132	0.177	0.151	0.228	0.261	0.167	0.237	0.155	0.143	0.127	0.17	0.137	0.139	0.203	0.152	0.128	0.169	0.132	0.266	0.187	0.218	0.173	0.278	0.231	0.316	0.14	0.14	0.168	0.184	0.137	0.143	0.208	0.14	0.23	0.217	0.14	0.189	0.236	0.217	0.282	0.282	0.234	0.123	0.177	0.189	0.164	0.142	0.141	0.144	0.184	0.169	0.277	
Chromosome	2351318	T	A	0.115	0.165	0.174	0.175	0.194	0.036	0.174	0.099	0.128	0.052	0.072	0.064	0.149	0.174	0.277	0.167	0.152	0.216	0.165	0.209	0.163	0.189	0.048	0.051	0.052	0.062	0.085	0.111	0.073	0.113	0.144	0.166	0.103	0.14	0.068	0.0	0.097	0.132	0.133	0.0	0.117	0.0	0.104	0.149	0.109	0.129	0.101	0.162	0.212	0.246	0.203	0.218	0.161	0.206	0.183	0.056	0.163	0.129	0.0	0.111	0.116	0.06	0.087	0.082	0.132	0.129	0.107	0.099	0.0	
Chromosome	2425085	A	C	0.059	0.139	0.144	0.192	0.123	0.069	0.118	0.139	0.118	0.093	0.087	0.099	0.132	0.204	0.187	0.15	0.181	0.106	0.133	0.189	0.204	0.136	0.125	0.084	0.1	0.1	0.063	0.088	0.069	0.122	0.15	0.185	0.052	0.075	0.079	0.0	0.099	0.134	0.098	0.0	0.106	0.007	0.098	0.109	0.084	0.042	0.065	0.16	0.195	0.176	0.183	0.16	0.135	0.191	0.155	0.103	0.153	0.126	0.008	0.081	0.073	0.072	0.068	0.073	0.113	0.06	0.058	0.063	0.0	
Chromosome	2567182	T	G	0.125	0.165	0.2	0.186	0.246	0.049	0.223	0.146	0.173	0.123	0.143	0.145	0.168	0.204	0.195	0.212	0.225	0.295	0.16	0.176	0.183	0.2	0.188	0.116	0.115	0.117	0.126	0.103	0.135	0.186	0.197	0.16	0.101	0.133	0.137	0.0	0.217	0.19	0.206	0.0	0.205	0.0	0.107	0.187	0.134	0.081	0.112	0.234	0.225	0.238	0.242	0.2	0.216	0.177	0.221	0.074	0.152	0.159	0.012	0.14	0.162	0.148	0.158	0.129	0.143	0.114	0.109	0.11	0.007	
Chromosome	2571679	A	T	0.068	0.136	0.179	0.144	0.109	0.026	0.097	0.122	0.088	0.061	0.072	0.051	0.147	0.114	0.086	0.156	0.167	0.15	0.134	0.12	0.141	0.154	0.05	0.051	0.049	0.065	0.061	0.053	0.049	0.146	0.162	0.097	0.052	0.057	0.033	0.0	0.087	0.071	0.121	0.0	0.126	0.0	0.089	0.082	0.067	0.086	0.094	0.096	0.191	0.143	0.117	0.18	0.171	0.176	0.124	0.143	0.168	0.153	0.0	0.055	0.072	0.085	0.07	0.04	0.101	0.079	0.05	0.066	0.0	
Chromosome	2579189	A	C	0.173	0.322	0.268	0.276	0.242	0.134	0.271	0.222	0.31	0.219	0.219	0.213	0.261	0.246	0.282	0.237	0.297	0.183	0.206	0.319	0.253	0.25	0.187	0.23	0.232	0.224	0.248	0.226	0.202	0.275	0.243	0.239	0.21	0.225	0.223	0.006	0.273	0.263	0.274	0.0	0.395	0.0	0.226	0.303	0.277	0.259	0.226	0.283	0.34	0.287	0.219	0.263	0.281	0.333	0.308	0.238	0.256	0.256	0.0	0.225	0.219	0.226	0.154	0.254	0.234	0.26	0.238	0.244	0.013	
Chromosome	2596919	A	C	0.0	0.086	0.0	0.009	0.0	0.0	0.0	0.0	0.0	0.004	0.008	0.008	0.0	0.0	0.0	0.006	0.0	0.009	0.0	0.0	0.0	0.0	0.0	0.004	0.0	0.004	0.0	0.0	0.0	0.0	0.0	0.009	0.0	0.002	0.003	0.0	0.005	0.0	0.004	0.0	0.022	0.005	0.0	0.0	0.0	0.0	0.004	0.01	0.0	0.0	0.0	0.012	0.0	0.008	0.014	0.0	0.005	0.004	0.005	0.0	0.0	0.0	0.004	0.005	0.004	0.006	0.002	0.0	0.0	
Chromosome	2612734	A	C	0.156	0.156	0.208	0.225	0.197	0.112	0.228	0.172	0.2	0.147	0.19	0.121	0.094	0.119	0.163	0.2	0.211	0.245	0.184	0.183	0.196	0.109	0.128	0.151	0.155	0.147	0.235	0.161	0.191	0.149	0.128	0.252	0.214	0.169	0.202	0.0	0.256	0.241	0.306	0.0	0.312	0.005	0.126	0.271	0.184	0.268	0.188	0.226	0.257	0.28	0.236	0.2	0.228	0.248	0.25	0.097	0.081	0.152	0.011	0.199	0.217	0.215	0.123	0.114	0.16	0.26	0.166	0.19	0.007	
Chromosome	2635278	T	G	0.036	0.131	0.171	0.117	0.116	0.043	0.12	0.142	0.146	0.097	0.065	0.086	0.132	0.18	0.121	0.112	0.127	0.079	0.191	0.142	0.121	0.144	0.089	0.07	0.064	0.095	0.05	0.066	0.04	0.119	0.13	0.154	0.072	0.063	0.085	0.0	0.083	0.101	0.091	0.005	0.166	0.0	0.068	0.112	0.072	0.056	0.066	0.055	0.072	0.074	0.111	0.129	0.112	0.062	0.171	0.275	0.13	0.128	0.006	0.074	0.067	0.048	0.093	0.053	0.106	0.079	0.057	0.05	0.0	
Chromosome	2794622	A	C	0.105	0.168	0.139	0.187	0.188	0.072	0.172	0.177	0.178	0.088	0.08	0.105	0.192	0.193	0.205	0.198	0.168	0.164	0.145	0.173	0.197	0.249	0.132	0.128	0.111	0.126	0.089	0.105	0.088	0.131	0.144	0.177	0.102	0.077	0.077	0.006	0.188	0.135	0.164	0.0	0.156	0.012	0.123	0.155	0.057	0.105	0.106	0.162	0.188	0.185	0.234	0.217	0.209	0.219	0.172	0.319	0.214	0.16	0.0	0.08	0.072	0.092	0.126	0.114	0.117	0.072	0.086	0.084	0.014	
Chromosome	2798424	A	C	0.102	0.234	0.15	0.145	0.225	0.044	0.195	0.182	0.181	0.159	0.146	0.149	0.211	0.256	0.192	0.213	0.25	0.232	0.263	0.227	0.273	0.179	0.182	0.12	0.15	0.178	0.111	0.124	0.057	0.129	0.237	0.23	0.121	0.131	0.124	0.0	0.181	0.206	0.216	0.0	0.19	0.006	0.113	0.17	0.119	0.089	0.129	0.292	0.258	0.257	0.276	0.262	0.262	0.275	0.269	0.295	0.24	0.189	0.006	0.143	0.116	0.085	0.113	0.171	0.16	0.142	0.13	0.058	0.009	
Chromosome	2846235	T	A	0.13	0.112	0.183	0.261	0.227	0.089	0.198	0.11	0.208	0.085	0.089	0.058	0.091	0.129	0.243	0.224	0.197	0.262	0.21	0.17	0.245	0.108	0.062	0.063	0.059	0.077	0.121	0.145	0.064	0.109	0.069	0.242	0.169	0.13	0.114	0.0	0.198	0.144	0.16	0.0	0.201	0.005	0.109	0.133	0.152	0.18	0.147	0.131	0.198	0.211	0.209	0.279	0.175	0.232	0.199	0.051	0.136	0.093	0.0	0.145	0.119	0.138	0.045	0.096	0.224	0.179	0.137	0.13	0.0	
Chromosome	2952396	T	G	0.089	0.207	0.217	0.175	0.175	0.085	0.18	0.152	0.203	0.18	0.095	0.114	0.259	0.289	0.123	0.199	0.264	0.271	0.257	0.11	0.21	0.172	0.144	0.122	0.151	0.14	0.086	0.082	0.087	0.18	0.169	0.21	0.06	0.105	0.056	0.005	0.139	0.194	0.109	0.0	0.186	0.0	0.096	0.168	0.063	0.09	0.12	0.186	0.203	0.243	0.2	0.145	0.219	0.211	0.21	0.182	0.209	0.188	0.0	0.096	0.073	0.061	0.136	0.102	0.103	0.051	0.091	0.075	0.0	
Chromosome	2952405	A	C	0.131	0.176	0.123	0.214	0.107	0.131	0.216	0.223	0.224	0.164	0.113	0.144	0.153	0.171	0.125	0.173	0.182	0.163	0.151	0.158	0.193	0.106	0.169	0.104	0.134	0.19	0.142	0.104	0.125	0.141	0.196	0.197	0.102	0.156	0.129	0.0	0.204	0.229	0.174	0.006	0.254	0.0	0.152	0.238	0.144	0.165	0.143	0.186	0.178	0.194	0.171	0.148	0.163	0.183	0.15	0.118	0.164	0.119	0.012	0.155	0.128	0.158	0.162	0.134	0.136	0.135	0.126	0.122	0.0	
Chromosome	3015734	T	G	0.05	0.225	0.218	0.289	0.165	0.049	0.185	0.133	0.093	0.108	0.037	0.06	0.077	0.086	0.25	0.198	0.208	0.189	0.236	0.171	0.164	0.144	0.062	0.091	0.068	0.106	0.062	0.093	0.013	0.122	0.101	0.252	0.051	0.058	0.053	0.0	0.192	0.113	0.2	0.0	0.069	0.0	0.095	0.172	0.058	0.081	0.083	0.233	0.222	0.259	0.2	0.212	0.185	0.204	0.184	0.174	0.182	0.085	0.0	0.096	0.072	0.057	0.113	0.077	0.174	0.054	0.058	0.073	0.006	
Chromosome	3015755	A	C	0.034	0.096	0.12	0.154	0.16	0.008	0.097	0.075	0.07	0.035	0.063	0.046	0.066	0.064	0.143	0.106	0.11	0.073	0.138	0.118	0.055	0.035	0.03	0.04	0.02	0.034	0.039	0.009	0.018	0.034	0.078	0.147	0.012	0.039	0.032	0.006	0.05	0.071	0.083	0.0	0.068	0.0	0.017	0.063	0.027	0.019	0.03	0.123	0.112	0.157	0.162	0.155	0.133	0.15	0.116	0.14	0.044	0.077	0.006	0.037	0.042	0.023	0.043	0.02	0.059	0.024	0.042	0.035	0.006	
Chromosome	3023114	A	C	0.01	0.113	0.0	0.0	0.0	0.0	0.012	0.008	0.008	0.014	0.0	0.019	0.0	0.021	0.095	0.011	0.062	0.062	0.008	0.0	0.078	0.005	0.016	0.0	0.0	0.038	0.092	0.053	0.0	0.0	0.0	0.0	0.018	0.003	0.0	0.0	0.005	0.005	0.018	0.005	0.0	0.011	0.0	0.0	0.004	0.018	0.057	0.0	0.008	0.029	0.008	0.006	0.0	0.015	0.034	0.0	0.0	0.0	0.0	0.003	0.0	0.0	0.031	0.037	0.06	0.063	0.002	0.0	0.012	
Chromosome	3059407	T	G	0.087	0.177	0.197	0.197	0.168	0.058	0.256	0.164	0.239	0.084	0.168	0.094	0.28	0.241	0.192	0.184	0.217	0.256	0.205	0.277	0.24	0.268	0.155	0.139	0.116	0.075	0.09	0.077	0.077	0.288	0.277	0.266	0.072	0.082	0.072	0.0	0.164	0.172	0.168	0.0	0.124	0.005	0.128	0.149	0.114	0.077	0.104	0.239	0.238	0.256	0.214	0.268	0.161	0.202	0.256	0.308	0.211	0.215	0.006	0.104	0.107	0.091	0.125	0.095	0.142	0.099	0.103	0.068	0.0	
Chromosome	3059418	G	C	0.204	0.161	0.222	0.274	0.247	0.1	0.351	0.253	0.337	0.101	0.161	0.111	0.17	0.174	0.127	0.288	0.312	0.323	0.303	0.339	0.257	0.167	0.133	0.145	0.151	0.117	0.179	0.176	0.136	0.203	0.176	0.369	0.187	0.2	0.191	0.0	0.269	0.223	0.229	0.0	0.213	0.0	0.104	0.282	0.233	0.221	0.247	0.379	0.29	0.325	0.246	0.339	0.283	0.257	0.256	0.172	0.116	0.132	0.0	0.211	0.183	0.168	0.105	0.145	0.261	0.21	0.187	0.13	0.0	
Chromosome	3096315	T	A	0.053	0.071	0.083	0.126	0.126	0.032	0.073	0.13	0.094	0.063	0.067	0.024	0.074	0.097	0.101	0.135	0.162	0.135	0.139	0.135	0.151	0.061	0.04	0.052	0.041	0.053	0.045	0.046	0.034	0.058	0.076	0.086	0.072	0.068	0.036	0.0	0.041	0.06	0.117	0.0	0.084	0.0	0.054	0.059	0.057	0.062	0.068	0.103	0.157	0.102	0.139	0.145	0.051	0.11	0.115	0.147	0.058	0.092	0.0	0.054	0.039	0.035	0.056	0.049	0.07	0.07	0.048	0.041	0.0	
Chromosome	3105787	C	G	0.114	0.301	0.212	0.158	0.35	0.029	0.138	0.206	0.133	0.081	0.105	0.145	0.333	0.429	0.32	0.277	0.3	0.288	0.221	0.254	0.263	0.278	0.107	0.164	0.154	0.119	0.097	0.083	0.092	0.291	0.248	0.204	0.099	0.114	0.103	0.0	0.114	0.167	0.116	0.0	0.157	0.0	0.232	0.171	0.165	0.065	0.13	0.267	0.276	0.264	0.222	0.328	0.373	0.309	0.296	0.516	0.362	0.29	0.0	0.12	0.096	0.065	0.101	0.085	0.135	0.154	0.125	0.112	0.0	
Chromosome	3123426	T	G	0.146	0.263	0.244	0.243	0.258	0.126	0.228	0.21	0.237	0.243	0.218	0.161	0.27	0.245	0.343	0.197	0.273	0.209	0.254	0.204	0.286	0.241	0.283	0.173	0.237	0.205	0.135	0.095	0.131	0.256	0.257	0.206	0.154	0.163	0.142	0.006	0.287	0.24	0.205	0.0	0.195	0.007	0.176	0.237	0.155	0.113	0.163	0.248	0.169	0.377	0.25	0.245	0.33	0.227	0.246	0.348	0.246	0.188	0.0	0.189	0.178	0.115	0.226	0.19	0.214	0.123	0.119	0.135	0.0	
Chromosome	3269580	C	G	0.045	0.11	0.168	0.13	0.126	0.011	0.077	0.122	0.124	0.053	0.043	0.018	0.109	0.164	0.125	0.144	0.152	0.09	0.096	0.168	0.152	0.107	0.049	0.048	0.036	0.01	0.025	0.062	0.035	0.19	0.077	0.181	0.055	0.026	0.05	0.0	0.063	0.087	0.102	0.0	0.09	0.0	0.091	0.058	0.049	0.059	0.052	0.153	0.074	0.184	0.113	0.103	0.102	0.148	0.196	0.157	0.136	0.142	0.0	0.057	0.046	0.045	0.028	0.03	0.077	0.071	0.031	0.037	0.0	
Chromosome	3269581	T	G	0.168	0.224	0.353	0.269	0.219	0.106	0.232	0.225	0.337	0.204	0.158	0.162	0.196	0.234	0.231	0.302	0.316	0.242	0.289	0.288	0.237	0.312	0.171	0.161	0.202	0.193	0.202	0.222	0.135	0.289	0.243	0.311	0.19	0.15	0.156	0.005	0.192	0.24	0.228	0.006	0.212	0.006	0.206	0.242	0.182	0.197	0.172	0.271	0.277	0.284	0.25	0.231	0.327	0.279	0.283	0.275	0.242	0.227	0.0	0.179	0.2	0.177	0.152	0.198	0.196	0.22	0.161	0.215	0.03	
Chromosome	3278729	T	G	0.073	0.179	0.194	0.157	0.227	0.063	0.147	0.164	0.143	0.121	0.165	0.145	0.118	0.156	0.141	0.153	0.157	0.139	0.18	0.203	0.146	0.086	0.122	0.128	0.126	0.121	0.103	0.104	0.105	0.113	0.235	0.154	0.147	0.122	0.103	0.0	0.189	0.163	0.155	0.008	0.192	0.0	0.101	0.189	0.097	0.162	0.153	0.175	0.195	0.148	0.218	0.136	0.122	0.074	0.165	0.13	0.123	0.076	0.006	0.153	0.123	0.115	0.185	0.174	0.165	0.137	0.129	0.144	0.0	
Chromosome	3278732	T	G	0.121	0.118	0.161	0.214	0.267	0.06	0.101	0.164	0.171	0.074	0.084	0.127	0.123	0.124	0.129	0.187	0.191	0.147	0.238	0.24	0.183	0.069	0.088	0.109	0.086	0.075	0.093	0.107	0.083	0.134	0.157	0.19	0.105	0.124	0.085	0.0	0.175	0.162	0.125	0.0	0.214	0.005	0.128	0.099	0.121	0.105	0.141	0.185	0.207	0.171	0.205	0.187	0.153	0.117	0.17	0.163	0.104	0.115	0.0	0.119	0.142	0.076	0.108	0.123	0.156	0.076	0.132	0.093	0.0	
Chromosome	3394397	A	T	0.058	0.135	0.034	0.041	0.048	0.013	0.066	0.079	0.059	0.074	0.061	0.067	0.075	0.063	0.037	0.05	0.055	0.043	0.043	0.043	0.077	0.138	0.065	0.089	0.055	0.043	0.051	0.054	0.035	0.043	0.073	0.096	0.045	0.056	0.045	0.0	0.062	0.036	0.063	0.0	0.086	0.0	0.039	0.054	0.089	0.071	0.045	0.033	0.07	0.045	0.072	0.047	0.088	0.093	0.029	0.143	0.126	0.086	0.0	0.054	0.056	0.031	0.056	0.064	0.089	0.045	0.044	0.042	0.0	
Chromosome	3459695	T	C	0.0	0.19	0.0	0.0	0.0	0.0	0.0	0.0	0.0	0.0	0.0	0.0	0.0	0.0	0.0	0.0	0.0	0.009	0.0	0.0	0.0	0.0	0.0	0.0	0.0	0.0	0.0	0.0	0.0	0.0	0.0	0.0	0.0	0.0	0.0	0.0	0.0	0.0	0.0	0.0	0.0	0.0	0.0	0.0	0.0	0.0	0.0	0.0	0.0	0.0	0.0	0.0	0.0	0.0	0.0	0.0	0.0	0.0	0.0	0.002	0.0	0.0	0.0	0.0	0.0	0.0	0.0	0.0	0.0	
Chromosome	3549156	A	C	0.107	0.109	0.089	0.106	0.09	0.018	0.106	0.078	0.123	0.056	0.069	0.087	0.078	0.102	0.133	0.136	0.167	0.148	0.114	0.131	0.13	0.112	0.113	0.077	0.065	0.086	0.056	0.109	0.075	0.096	0.06	0.102	0.079	0.089	0.074	0.0	0.148	0.134	0.106	0.0	0.158	0.0	0.044	0.177	0.074	0.063	0.084	0.126	0.171	0.105	0.142	0.12	0.158	0.148	0.202	0.111	0.038	0.053	0.0	0.099	0.101	0.088	0.077	0.096	0.118	0.125	0.114	0.056	0.0	
Chromosome	3558629	A	C	0.0	0.082	0.008	0.0	0.0	0.0	0.0	0.0	0.0	0.0	0.0	0.03	0.0	0.0	0.0	0.0	0.025	0.0	0.0	0.0	0.0	0.006	0.0	0.005	0.0	0.004	0.0	0.004	0.0	0.0	0.0	0.0	0.0	0.002	0.0	0.0	0.0	0.006	0.005	0.0	0.0	0.0	0.0	0.0	0.004	0.0	0.01	0.01	0.0	0.0	0.0	0.0	0.01	0.0	0.0	0.0	0.0	0.0	0.0	0.0	0.0	0.0	0.0	0.0	0.0	0.0	0.009	0.0	0.006	
Chromosome	3604356	T	G	0.049	0.124	0.139	0.096	0.085	0.027	0.063	0.054	0.101	0.084	0.056	0.08	0.084	0.057	0.147	0.076	0.037	0.063	0.085	0.104	0.11	0.084	0.09	0.111	0.062	0.061	0.064	0.073	0.065	0.121	0.092	0.087	0.063	0.057	0.053	0.0	0.07	0.07	0.094	0.007	0.029	0.0	0.063	0.118	0.046	0.068	0.063	0.071	0.108	0.114	0.085	0.099	0.032	0.094	0.086	0.037	0.113	0.048	0.014	0.061	0.072	0.077	0.05	0.055	0.072	0.088	0.037	0.072	0.022	
Chromosome	3723478	A	C	0.061	0.165	0.126	0.184	0.143	0.029	0.154	0.139	0.125	0.061	0.068	0.071	0.161	0.194	0.158	0.209	0.223	0.14	0.252	0.271	0.141	0.159	0.048	0.088	0.062	0.053	0.022	0.046	0.061	0.137	0.152	0.081	0.061	0.075	0.055	0.007	0.167	0.154	0.202	0.02	0.151	0.014	0.108	0.134	0.07	0.114	0.065	0.217	0.222	0.229	0.27	0.258	0.186	0.254	0.219	0.255	0.181	0.19	0.014	0.076	0.076	0.062	0.054	0.101	0.094	0.067	0.072	0.042	0.018	
Chromosome	3777630	T	G	0.182	0.231	0.227	0.304	0.34	0.163	0.305	0.299	0.26	0.225	0.299	0.214	0.366	0.344	0.338	0.275	0.308	0.26	0.316	0.314	0.263	0.302	0.192	0.223	0.204	0.2	0.164	0.176	0.149	0.194	0.224	0.254	0.145	0.216	0.158	0.0	0.301	0.251	0.22	0.007	0.331	0.0	0.255	0.244	0.182	0.133	0.184	0.213	0.27	0.277	0.305	0.24	0.355	0.257	0.267	0.411	0.275	0.349	0.0	0.175	0.212	0.227	0.161	0.252	0.196	0.217	0.176	0.188	0.0	
Chromosome	3777637	A	C	0.147	0.217	0.253	0.286	0.32	0.108	0.283	0.261	0.265	0.153	0.228	0.209	0.331	0.224	0.237	0.292	0.281	0.223	0.308	0.21	0.256	0.254	0.293	0.188	0.189	0.138	0.196	0.201	0.169	0.219	0.211	0.23	0.161	0.185	0.179	0.0	0.31	0.262	0.275	0.0	0.264	0.007	0.218	0.222	0.146	0.205	0.184	0.233	0.378	0.218	0.275	0.316	0.418	0.315	0.24	0.51	0.287	0.219	0.0	0.188	0.154	0.143	0.242	0.248	0.215	0.151	0.174	0.155	0.006	
Chromosome	3794876	T	G	0.025	0.115	0.164	0.062	0.159	0.028	0.12	0.125	0.128	0.099	0.059	0.066	0.126	0.154	0.159	0.222	0.111	0.158	0.114	0.124	0.127	0.126	0.077	0.063	0.081	0.067	0.02	0.048	0.062	0.103	0.088	0.091	0.062	0.053	0.043	0.0	0.128	0.116	0.115	0.007	0.094	0.007	0.065	0.115	0.078	0.04	0.049	0.189	0.19	0.156	0.166	0.188	0.094	0.209	0.16	0.222	0.098	0.142	0.0	0.059	0.051	0.026	0.091	0.045	0.124	0.06	0.057	0.033	0.0	
Chromosome	3815812	T	G	0.042	0.136	0.22	0.182	0.184	0.055	0.127	0.124	0.1	0.058	0.075	0.075	0.163	0.19	0.198	0.182	0.208	0.178	0.158	0.246	0.186	0.125	0.063	0.084	0.062	0.063	0.059	0.072	0.05	0.132	0.196	0.185	0.082	0.092	0.039	0.0	0.098	0.111	0.105	0.0	0.158	0.005	0.087	0.137	0.091	0.057	0.092	0.17	0.231	0.235	0.223	0.188	0.23	0.23	0.111	0.175	0.148	0.167	0.0	0.091	0.092	0.059	0.095	0.06	0.125	0.079	0.076	0.1	0.0	
Chromosome	3846671	T	G	0.0	0.097	0.0	0.0	0.008	0.0	0.0	0.0	0.0	0.0	0.012	0.061	0.0	0.0	0.0	0.007	0.085	0.018	0.009	0.0	0.0	0.0	0.0	0.0	0.0	0.0	0.004	0.0	0.0	0.006	0.0	0.011	0.006	0.0	0.007	0.0	0.0	0.0	0.007	0.0	0.007	0.0	0.0	0.0	0.0	0.0	0.055	0.01	0.008	0.0	0.0	0.013	0.008	0.0	0.009	0.0	0.0	0.005	0.007	0.007	0.0	0.0	0.0	0.0	0.004	0.0	0.007	0.0	0.0	
Chromosome	3847886	T	A	0.206	0.36	0.214	0.246	0.165	0.167	0.279	0.2	0.241	0.186	0.171	0.147	0.297	0.26	0.225	0.3	0.203	0.205	0.235	0.234	0.259	0.333	0.253	0.227	0.134	0.206	0.159	0.258	0.204	0.267	0.251	0.258	0.24	0.2	0.207	0.0	0.243	0.263	0.259	0.0	0.274	0.0	0.238	0.245	0.229	0.269	0.219	0.236	0.183	0.256	0.22	0.195	0.187	0.223	0.237	0.408	0.286	0.291	0.0	0.274	0.253	0.219	0.169	0.238	0.27	0.242	0.245	0.224	0.0	
Chromosome	3847892	G	C	0.065	0.163	0.108	0.074	0.102	0.032	0.105	0.086	0.117	0.079	0.068	0.063	0.12	0.17	0.082	0.142	0.143	0.06	0.09	0.11	0.12	0.188	0.093	0.077	0.065	0.056	0.025	0.05	0.042	0.129	0.118	0.132	0.072	0.058	0.043	0.0	0.133	0.153	0.12	0.0	0.169	0.005	0.081	0.08	0.065	0.077	0.066	0.08	0.065	0.102	0.105	0.098	0.049	0.182	0.103	0.311	0.19	0.091	0.0	0.091	0.073	0.069	0.095	0.094	0.087	0.077	0.07	0.091	0.007	
Chromosome	3847896	T	A	0.133	0.167	0.109	0.172	0.145	0.093	0.104	0.119	0.12	0.057	0.127	0.103	0.152	0.142	0.141	0.164	0.133	0.092	0.138	0.162	0.171	0.173	0.118	0.119	0.077	0.122	0.072	0.146	0.109	0.106	0.134	0.153	0.158	0.128	0.133	0.0	0.118	0.125	0.155	0.0	0.164	0.0	0.133	0.137	0.146	0.183	0.162	0.152	0.142	0.125	0.148	0.145	0.092	0.175	0.118	0.105	0.147	0.166	0.0	0.203	0.169	0.147	0.113	0.136	0.15	0.17	0.175	0.152	0.0	
Chromosome	3873616	A	C	0.184	0.378	0.244	0.303	0.274	0.103	0.258	0.242	0.243	0.292	0.331	0.242	0.441	0.441	0.212	0.33	0.278	0.274	0.37	0.378	0.281	0.419	0.199	0.278	0.241	0.253	0.206	0.142	0.167	0.413	0.46	0.258	0.22	0.2	0.236	0.0	0.302	0.221	0.269	0.0	0.235	0.0	0.321	0.252	0.219	0.237	0.211	0.257	0.274	0.208	0.229	0.239	0.307	0.28	0.355	0.491	0.352	0.38	0.007	0.206	0.186	0.196	0.269	0.242	0.24	0.17	0.211	0.214	0.0	
Chromosome	3873622	G	C	0.032	0.171	0.055	0.092	0.107	0.008	0.069	0.033	0.078	0.035	0.038	0.026	0.224	0.207	0.088	0.135	0.143	0.137	0.181	0.083	0.139	0.191	0.029	0.067	0.022	0.041	0.005	0.013	0.024	0.235	0.203	0.106	0.009	0.025	0.004	0.0	0.04	0.035	0.079	0.0	0.062	0.0	0.072	0.065	0.015	0.036	0.009	0.091	0.135	0.119	0.148	0.113	0.087	0.136	0.133	0.357	0.2	0.177	0.0	0.029	0.021	0.008	0.046	0.052	0.024	0.004	0.026	0.017	0.0	
Chromosome	3926830	A	C	0.003	0.124	0.0	0.0	0.0	0.0	0.0	0.0	0.0	0.0	0.0	0.096	0.006	0.012	0.009	0.0	0.007	0.0	0.0	0.0	0.0	0.0	0.0	0.0	0.0	0.0	0.0	0.004	0.0	0.0	0.005	0.0	0.0	0.0	0.0	0.0	0.0	0.0	0.0	0.005	0.0	0.005	0.0	0.0	0.0	0.0	0.017	0.01	0.0	0.008	0.007	0.0	0.0	0.0	0.0	0.0	0.007	0.0	0.0	0.0	0.0	0.0	0.0	0.0	0.004	0.0	0.002	0.0	0.0	
Chromosome	3969203	T	G	0.012	0.1	0.0	0.0	0.015	0.007	0.005	0.0	0.0	0.009	0.0	0.105	0.005	0.0	0.009	0.011	0.054	0.037	0.034	0.056	0.0	0.0	0.005	0.0	0.0	0.004	0.003	0.024	0.0	0.0	0.0	0.006	0.007	0.003	0.003	0.0	0.0	0.0	0.005	0.0	0.0	0.0	0.0	0.0	0.0	0.0	0.009	0.0	0.0	0.009	0.02	0.008	0.009	0.007	0.029	0.0	0.065	0.0	0.0	0.004	0.0	0.003	0.0	0.017	0.04	0.04	0.012	0.0	0.007	
Chromosome	4000350	A	C	0.102	0.144	0.152	0.1	0.148	0.031	0.126	0.145	0.085	0.084	0.055	0.092	0.083	0.038	0.128	0.185	0.192	0.171	0.127	0.176	0.1	0.071	0.089	0.1	0.097	0.078	0.11	0.067	0.044	0.087	0.098	0.154	0.108	0.104	0.108	0.005	0.152	0.15	0.149	0.0	0.144	0.0	0.089	0.156	0.076	0.08	0.102	0.176	0.167	0.148	0.157	0.116	0.168	0.189	0.167	0.095	0.083	0.103	0.006	0.106	0.106	0.091	0.079	0.104	0.114	0.121	0.112	0.084	0.0	
Chromosome	4214560	C	A	0.452	0.503	0.441	0.444	0.525	0.533	0.477	0.478	0.474	0.465	0.518	0.466	0.465	0.544	0.5	0.53	0.506	0.48	0.485	0.401	0.533	0.478	0.449	0.475	0.494	0.517	0.494	0.476	0.515	0.485	0.48	0.481	0.502	0.45	0.481	0.463	0.458	0.491	0.505	0.538	0.511	0.524	0.498	0.496	0.478	0.497	0.486	0.431	0.453	0.479	0.42	0.509	0.468	0.49	0.472	0.509	0.462	0.494	0.408	0.494	0.506	0.43	0.49	0.489	0.515	0.442	0.432	0.326	0.498	
Chromosome	4214739	G	GT	0.34	0.324	0.304	0.332	0.352	0.395	0.364	0.304	0.32	0.338	0.351	0.336	0.368	0.472	0.392	0.342	0.38	0.312	0.339	0.353	0.34	0.358	0.313	0.303	0.316	0.331	0.332	0.321	0.353	0.327	0.388	0.339	0.358	0.305	0.333	0.327	0.332	0.362	0.287	0.317	0.332	0.357	0.306	0.309	0.32	0.334	0.355	0.331	0.371	0.301	0.321	0.371	0.324	0.352	0.367	0.535	0.391	0.331	0.26	0.338	0.314	0.329	0.36	0.327	0.316	0.303	0.304	0.266	0.329	
Chromosome	4214852	A	AG	0.06	0.05	0.043	0.078	0.072	0.074	0.058	0.023	0.048	0.056	0.076	0.083	0.069	0.07	0.099	0.049	0.107	0.048	0.074	0.046	0.047	0.057	0.059	0.07	0.045	0.05	0.069	0.061	0.07	0.066	0.067	0.066	0.062	0.073	0.066	0.022	0.065	0.047	0.037	0.051	0.087	0.097	0.015	0.066	0.044	0.084	0.064	0.024	0.074	0.088	0.054	0.039	0.026	0.069	0.048	0.065	0.06	0.058	0.082	0.057	0.058	0.053	0.058	0.067	0.049	0.073	0.054	0.058	0.045	
Chromosome	4214853	C	CAAT	0.0	0.0	0.0	0.0	0.008	0.0	0.004	0.0	0.0	0.0	0.013	0.003	0.0	0.0	0.0	0.006	0.0	0.0	0.006	0.0	0.0	0.004	0.0	0.008	0.003	0.0	0.0	0.003	0.004	0.0	0.004	0.0	0.0	0.0	0.003	0.011	0.0	0.006	0.0	0.034	0.0	0.067	0.0	0.004	0.0	0.0	0.004	0.0	0.0	0.0	0.0	0.007	0.0	0.006	0.008	0.0	0.004	0.006	0.06	0.0	0.0	0.0	0.008	0.009	0.0	0.0	0.0	0.0	0.019	
Chromosome	4214855	A	ATCAAT	0.045	0.049	0.05	0.07	0.072	0.048	0.05	0.009	0.039	0.042	0.082	0.072	0.07	0.066	0.096	0.044	0.102	0.049	0.067	0.041	0.045	0.046	0.048	0.066	0.041	0.039	0.058	0.066	0.071	0.065	0.071	0.058	0.069	0.069	0.071	0.022	0.059	0.048	0.036	0.045	0.078	0.078	0.015	0.062	0.044	0.067	0.06	0.04	0.07	0.081	0.048	0.052	0.027	0.07	0.056	0.107	0.055	0.061	0.05	0.052	0.072	0.057	0.058	0.058	0.057	0.062	0.05	0.051	0.032	
Chromosome	4214859	C	T	0.036	0.044	0.042	0.073	0.065	0.045	0.036	0.009	0.041	0.049	0.07	0.058	0.061	0.05	0.085	0.033	0.101	0.052	0.059	0.036	0.042	0.04	0.046	0.059	0.039	0.032	0.057	0.062	0.066	0.051	0.056	0.051	0.066	0.069	0.059	0.023	0.056	0.049	0.025	0.046	0.073	0.077	0.015	0.061	0.039	0.061	0.052	0.043	0.065	0.051	0.049	0.041	0.028	0.071	0.058	0.088	0.05	0.058	0.052	0.05	0.059	0.048	0.051	0.052	0.051	0.05	0.047	0.05	0.028	
Chromosome	4214862	C	G	0.033	0.034	0.043	0.067	0.058	0.041	0.032	0.005	0.036	0.04	0.059	0.05	0.062	0.051	0.076	0.02	0.088	0.042	0.06	0.03	0.035	0.04	0.037	0.056	0.036	0.029	0.051	0.06	0.066	0.047	0.052	0.037	0.06	0.057	0.046	0.023	0.04	0.031	0.025	0.029	0.061	0.066	0.01	0.049	0.034	0.057	0.041	0.034	0.048	0.044	0.029	0.021	0.022	0.056	0.057	0.09	0.046	0.052	0.041	0.038	0.047	0.038	0.047	0.044	0.044	0.04	0.029	0.04	0.014	
Chromosome	4305867	T	G	0.11	0.134	0.192	0.198	0.168	0.039	0.163	0.163	0.09	0.059	0.1	0.075	0.113	0.139	0.22	0.164	0.161	0.175	0.176	0.223	0.236	0.134	0.094	0.114	0.114	0.069	0.082	0.097	0.074	0.157	0.178	0.157	0.076	0.092	0.08	0.006	0.155	0.188	0.125	0.015	0.153	0.0	0.122	0.193	0.19	0.087	0.101	0.159	0.205	0.221	0.198	0.237	0.17	0.239	0.218	0.154	0.169	0.12	0.0	0.088	0.109	0.087	0.115	0.091	0.132	0.064	0.082	0.06	0.0	
Chromosome	4317023	T	G	0.074	0.156	0.245	0.196	0.138	0.015	0.167	0.13	0.155	0.064	0.053	0.074	0.114	0.081	0.161	0.141	0.182	0.201	0.161	0.169	0.131	0.119	0.061	0.108	0.071	0.071	0.054	0.049	0.061	0.118	0.116	0.134	0.09	0.097	0.054	0.004	0.116	0.118	0.142	0.0	0.174	0.0	0.09	0.16	0.077	0.096	0.073	0.172	0.123	0.174	0.158	0.167	0.137	0.136	0.17	0.18	0.123	0.05	0.0	0.079	0.068	0.036	0.061	0.081	0.079	0.075	0.053	0.059	0.0	
Chromosome	4363612	T	G	0.021	0.108	0.029	0.079	0.066	0.026	0.056	0.04	0.05	0.032	0.027	0.027	0.101	0.071	0.107	0.064	0.089	0.05	0.09	0.075	0.108	0.059	0.038	0.035	0.056	0.035	0.031	0.027	0.042	0.104	0.102	0.069	0.038	0.04	0.031	0.0	0.066	0.053	0.041	0.0	0.067	0.0	0.015	0.071	0.029	0.025	0.042	0.075	0.083	0.079	0.108	0.073	0.094	0.06	0.099	0.029	0.052	0.093	0.0	0.028	0.047	0.029	0.065	0.072	0.04	0.042	0.04	0.025	0.008	
Chromosome	4449585	A	C	0.09	0.174	0.189	0.209	0.286	0.083	0.106	0.16	0.162	0.081	0.115	0.118	0.223	0.18	0.175	0.234	0.186	0.238	0.183	0.143	0.221	0.168	0.102	0.133	0.137	0.105	0.109	0.093	0.068	0.153	0.168	0.207	0.122	0.102	0.106	0.011	0.17	0.213	0.157	0.0	0.176	0.0	0.058	0.177	0.17	0.097	0.103	0.146	0.238	0.248	0.23	0.192	0.15	0.226	0.25	0.179	0.165	0.173	0.01	0.111	0.115	0.1	0.146	0.114	0.118	0.128	0.147	0.072	0.0	
Chromosome	4541919	G	C	0.123	0.281	0.144	0.204	0.192	0.088	0.212	0.137	0.144	0.202	0.129	0.139	0.126	0.152	0.14	0.231	0.254	0.22	0.156	0.216	0.25	0.129	0.136	0.123	0.148	0.163	0.129	0.148	0.136	0.195	0.149	0.11	0.14	0.15	0.165	0.01	0.202	0.178	0.283	0.017	0.178	0.022	0.135	0.168	0.159	0.199	0.166	0.247	0.244	0.291	0.269	0.204	0.268	0.204	0.204	0.207	0.16	0.2	0.017	0.161	0.165	0.15	0.163	0.148	0.182	0.163	0.166	0.191	0.021	
Chromosome	4541922	G	C	0.114	0.221	0.153	0.142	0.13	0.067	0.181	0.133	0.15	0.151	0.077	0.079	0.09	0.091	0.15	0.184	0.22	0.195	0.13	0.117	0.185	0.109	0.095	0.133	0.082	0.079	0.071	0.12	0.104	0.1	0.062	0.095	0.123	0.117	0.119	0.026	0.178	0.126	0.17	0.03	0.148	0.017	0.045	0.16	0.165	0.16	0.115	0.198	0.171	0.242	0.194	0.191	0.206	0.216	0.184	0.179	0.123	0.106	0.0	0.14	0.122	0.108	0.152	0.133	0.142	0.109	0.125	0.16	0.0	
Chromosome	4541923	T	G	0.114	0.249	0.176	0.179	0.314	0.074	0.247	0.14	0.16	0.139	0.13	0.189	0.089	0.114	0.178	0.184	0.231	0.297	0.198	0.193	0.222	0.144	0.218	0.157	0.13	0.156	0.134	0.138	0.125	0.152	0.083	0.161	0.187	0.146	0.14	0.005	0.226	0.247	0.291	0.006	0.195	0.006	0.112	0.199	0.172	0.178	0.133	0.283	0.258	0.252	0.238	0.244	0.299	0.261	0.27	0.214	0.148	0.174	0.023	0.15	0.177	0.162	0.194	0.196	0.182	0.136	0.133	0.192	0.035	
Chromosome	4563211	T	G	0.0	0.11	0.0	0.015	0.0	0.0	0.004	0.0	0.005	0.004	0.0	0.047	0.004	0.0	0.009	0.0	0.028	0.007	0.0	0.0	0.0	0.004	0.003	0.007	0.0	0.0	0.003	0.0	0.0	0.004	0.004	0.0	0.0	0.0	0.0	0.0	0.0	0.004	0.0	0.0	0.0	0.009	0.0	0.0	0.003	0.0	0.016	0.0	0.0	0.0	0.0	0.005	0.0	0.0	0.0	0.0	0.0	0.0	0.0	0.0	0.005	0.0	0.0	0.0	0.0	0.002	0.004	0.0	0.0	
Chromosome	4603850	G	GGCCC	0.0	0.0	0.0	0.0	0.0	0.0	0.0	0.0	0.0	0.0	0.0	0.0	0.0	0.0	0.0	0.0	0.0	0.0	0.0	0.0	0.0	0.0	0.0	0.0	0.0	0.0	0.0	0.0	0.0	0.0	0.0	0.0	0.0	0.0	0.0	0.006	0.0	0.0	0.0	0.0	0.0	0.0	0.0	0.0	0.0	0.0	0.0	0.0	0.0	0.0	0.0	0.0	0.0	0.0	0.0	0.0	0.0	0.0	0.0	0.002	0.0	0.0	0.0	0.0	0.0	0.0	0.0	0.0	0.0	
Chromosome	4603855	A	C	0.186	0.13	0.245	0.202	0.185	0.208	0.25	0.185	0.219	0.101	0.137	0.09	0.177	0.067	0.241	0.304	0.248	0.223	0.215	0.281	0.202	0.098	0.104	0.128	0.108	0.124	0.185	0.18	0.085	0.153	0.119	0.243	0.205	0.222	0.214	0.222	0.243	0.22	0.227	0.256	0.276	0.171	0.132	0.226	0.235	0.176	0.219	0.247	0.301	0.224	0.227	0.174	0.294	0.207	0.288	0.108	0.191	0.113	0.24	0.198	0.186	0.229	0.085	0.076	0.199	0.191	0.246	0.207	0.262	
Chromosome	4603861	G	C	0.131	0.152	0.222	0.102	0.204	0.204	0.153	0.131	0.099	0.132	0.138	0.149	0.128	0.075	0.16	0.151	0.177	0.143	0.103	0.182	0.126	0.141	0.135	0.141	0.135	0.133	0.124	0.158	0.142	0.182	0.116	0.134	0.154	0.152	0.143	0.287	0.22	0.164	0.161	0.327	0.142	0.289	0.177	0.167	0.154	0.137	0.119	0.171	0.122	0.175	0.107	0.132	0.201	0.122	0.181	0.184	0.221	0.108	0.354	0.147	0.153	0.173	0.088	0.1	0.191	0.181	0.164	0.172	0.243	
Chromosome	4639740	A	C	0.103	0.24	0.239	0.208	0.314	0.077	0.254	0.246	0.234	0.164	0.141	0.153	0.286	0.268	0.217	0.248	0.173	0.263	0.284	0.177	0.169	0.267	0.132	0.132	0.111	0.145	0.113	0.12	0.108	0.23	0.218	0.254	0.157	0.125	0.111	0.014	0.189	0.18	0.19	0.005	0.218	0.0	0.219	0.233	0.132	0.125	0.115	0.232	0.265	0.212	0.268	0.262	0.243	0.363	0.214	0.16	0.251	0.202	0.005	0.134	0.124	0.127	0.169	0.175	0.171	0.149	0.122	0.122	0.006	
Chromosome	4654601	T	G	0.055	0.109	0.055	0.064	0.076	0.008	0.081	0.083	0.069	0.038	0.029	0.039	0.06	0.057	0.12	0.092	0.147	0.149	0.123	0.098	0.096	0.057	0.021	0.024	0.027	0.049	0.016	0.021	0.02	0.068	0.062	0.1	0.037	0.02	0.02	0.0	0.07	0.077	0.059	0.0	0.074	0.0	0.027	0.044	0.021	0.016	0.025	0.119	0.171	0.074	0.107	0.128	0.148	0.083	0.163	0.152	0.143	0.077	0.011	0.025	0.025	0.023	0.032	0.016	0.062	0.017	0.021	0.027	0.0	
Chromosome	4724246	A	C	0.306	0.243	0.299	0.304	0.243	0.171	0.289	0.344	0.258	0.223	0.244	0.235	0.284	0.262	0.278	0.311	0.315	0.245	0.342	0.275	0.318	0.268	0.261	0.269	0.232	0.23	0.31	0.277	0.203	0.22	0.297	0.348	0.235	0.269	0.275	0.0	0.272	0.29	0.267	0.0	0.327	0.006	0.157	0.354	0.294	0.358	0.288	0.386	0.398	0.367	0.33	0.206	0.277	0.389	0.23	0.233	0.248	0.219	0.0	0.281	0.263	0.26	0.281	0.251	0.312	0.275	0.296	0.192	0.0	
Chromosome	4738593	T	G	0.097	0.214	0.179	0.202	0.241	0.031	0.183	0.142	0.2	0.133	0.139	0.101	0.289	0.269	0.154	0.148	0.238	0.213	0.319	0.172	0.299	0.22	0.115	0.132	0.082	0.122	0.114	0.129	0.088	0.172	0.237	0.268	0.098	0.114	0.091	0.0	0.173	0.165	0.22	0.006	0.173	0.0	0.122	0.183	0.112	0.096	0.109	0.207	0.203	0.242	0.261	0.25	0.243	0.269	0.239	0.227	0.254	0.228	0.0	0.11	0.104	0.095	0.101	0.14	0.197	0.11	0.133	0.072	0.0	
Chromosome	4738601	T	G	0.179	0.184	0.196	0.211	0.261	0.07	0.199	0.215	0.208	0.181	0.141	0.131	0.231	0.247	0.348	0.21	0.277	0.194	0.268	0.255	0.246	0.207	0.138	0.145	0.158	0.209	0.157	0.132	0.082	0.258	0.21	0.297	0.152	0.193	0.133	0.0	0.202	0.177	0.219	0.011	0.212	0.0	0.188	0.241	0.133	0.138	0.187	0.25	0.208	0.254	0.261	0.229	0.239	0.279	0.229	0.2	0.233	0.288	0.0	0.134	0.163	0.163	0.163	0.142	0.234	0.193	0.164	0.15	0.006	
Chromosome	4766305	T	G	0.003	0.12	0.018	0.018	0.064	0.0	0.013	0.0	0.007	0.072	0.0	0.072	0.015	0.017	0.119	0.017	0.05	0.075	0.041	0.043	0.064	0.017	0.0	0.005	0.004	0.008	0.055	0.105	0.003	0.006	0.023	0.031	0.003	0.01	0.0	0.005	0.005	0.005	0.0	0.0	0.0	0.0	0.012	0.016	0.004	0.004	0.027	0.0	0.072	0.061	0.049	0.013	0.016	0.03	0.06	0.0	0.007	0.008	0.0	0.002	0.003	0.006	0.07	0.021	0.088	0.062	0.006	0.005	0.0	
Chromosome	4795816	T	G	0.176	0.159	0.226	0.265	0.184	0.104	0.223	0.239	0.23	0.187	0.138	0.152	0.184	0.179	0.191	0.232	0.262	0.226	0.233	0.22	0.223	0.12	0.107	0.144	0.145	0.146	0.17	0.161	0.131	0.156	0.123	0.223	0.188	0.157	0.158	0.0	0.203	0.203	0.249	0.0	0.231	0.014	0.096	0.267	0.111	0.207	0.164	0.237	0.199	0.344	0.315	0.248	0.242	0.24	0.294	0.147	0.184	0.167	0.0	0.178	0.191	0.202	0.18	0.145	0.236	0.2	0.154	0.196	0.019	
Chromosome	4821799	A	C	0.081	0.119	0.053	0.07	0.072	0.048	0.08	0.084	0.103	0.086	0.089	0.099	0.098	0.089	0.096	0.1	0.113	0.13	0.093	0.098	0.109	0.114	0.074	0.081	0.098	0.1	0.045	0.058	0.044	0.081	0.109	0.161	0.069	0.062	0.067	0.009	0.076	0.132	0.094	0.011	0.141	0.0	0.064	0.148	0.058	0.056	0.094	0.091	0.099	0.118	0.092	0.112	0.103	0.095	0.098	0.0	0.09	0.113	0.0	0.042	0.084	0.065	0.11	0.071	0.128	0.071	0.032	0.059	0.007	
Chromosome	4901741	A	C	0.0	0.113	0.0	0.0	0.015	0.0	0.0	0.01	0.0	0.005	0.006	0.087	0.0	0.0	0.012	0.0	0.054	0.009	0.0	0.0	0.0	0.005	0.003	0.0	0.005	0.009	0.003	0.003	0.0	0.0	0.005	0.005	0.007	0.002	0.003	0.005	0.0	0.0	0.0	0.0	0.0	0.005	0.0	0.011	0.003	0.0	0.004	0.0	0.0	0.008	0.0	0.0	0.0	0.0	0.0	0.0	0.0	0.004	0.0	0.0	0.0	0.0	0.009	0.0	0.0	0.003	0.006	0.003	0.006	
Chromosome	4910340	A	C	0.158	0.127	0.189	0.195	0.207	0.098	0.177	0.157	0.167	0.15	0.091	0.099	0.109	0.147	0.182	0.169	0.174	0.241	0.2	0.199	0.206	0.176	0.122	0.111	0.103	0.117	0.09	0.111	0.126	0.155	0.127	0.175	0.125	0.132	0.126	0.011	0.193	0.183	0.197	0.017	0.203	0.011	0.113	0.155	0.145	0.138	0.113	0.118	0.176	0.219	0.191	0.167	0.23	0.168	0.2	0.175	0.153	0.132	0.006	0.156	0.12	0.1	0.123	0.117	0.133	0.141	0.124	0.123	0.009	
Chromosome	4948859	A	G	0.017	0.075	0.055	0.044	0.086	0.008	0.049	0.056	0.054	0.023	0.023	0.024	0.1	0.061	0.096	0.069	0.068	0.076	0.061	0.008	0.039	0.052	0.021	0.012	0.014	0.022	0.015	0.026	0.004	0.065	0.062	0.058	0.011	0.021	0.01	0.0	0.049	0.037	0.037	0.0	0.029	0.0	0.053	0.041	0.015	0.01	0.027	0.059	0.139	0.067	0.072	0.081	0.042	0.054	0.08	0.087	0.054	0.064	0.007	0.032	0.009	0.031	0.011	0.011	0.022	0.035	0.018	0.03	0.0	
Chromosome	4948863	G	C	0.16	0.289	0.202	0.239	0.254	0.16	0.191	0.154	0.218	0.211	0.189	0.137	0.188	0.152	0.169	0.366	0.267	0.271	0.252	0.272	0.244	0.31	0.128	0.193	0.151	0.184	0.221	0.227	0.164	0.219	0.221	0.276	0.143	0.169	0.2	0.0	0.184	0.175	0.218	0.0	0.184	0.0	0.164	0.195	0.189	0.174	0.172	0.2	0.231	0.202	0.206	0.236	0.186	0.248	0.297	0.233	0.268	0.196	0.0	0.194	0.219	0.21	0.145	0.144	0.178	0.227	0.181	0.19	0.0	
Chromosome	4967091	T	G	0.003	0.081	0.0	0.0	0.016	0.0	0.0	0.0	0.0	0.0	0.005	0.099	0.0	0.0	0.0	0.015	0.073	0.0	0.0	0.007	0.006	0.0	0.0	0.0	0.0	0.01	0.0	0.003	0.0	0.0	0.0	0.0	0.0	0.003	0.006	0.0	0.0	0.0	0.0	0.0	0.016	0.0	0.007	0.01	0.004	0.0	0.012	0.0	0.0	0.007	0.006	0.0	0.0	0.007	0.0	0.0	0.007	0.0	0.0	0.003	0.0	0.003	0.005	0.0	0.0	0.004	0.0	0.003	0.0	
Chromosome	4987024	A	C	0.1	0.208	0.16	0.167	0.115	0.072	0.107	0.093	0.142	0.058	0.081	0.074	0.128	0.148	0.221	0.16	0.151	0.195	0.129	0.154	0.144	0.171	0.067	0.078	0.069	0.056	0.069	0.064	0.065	0.181	0.166	0.155	0.098	0.064	0.068	0.0	0.115	0.076	0.133	0.0	0.113	0.0	0.085	0.136	0.07	0.039	0.068	0.162	0.142	0.168	0.206	0.138	0.103	0.214	0.262	0.125	0.138	0.135	0.0	0.053	0.062	0.051	0.078	0.063	0.106	0.053	0.058	0.052	0.007	
Chromosome	5008599	A	C	0.014	0.072	0.02	0.047	0.035	0.012	0.014	0.037	0.023	0.017	0.024	0.036	0.062	0.04	0.033	0.022	0.057	0.027	0.027	0.026	0.066	0.02	0.016	0.008	0.013	0.021	0.019	0.01	0.012	0.044	0.017	0.019	0.006	0.008	0.015	0.0	0.033	0.017	0.029	0.0	0.024	0.0	0.0	0.021	0.014	0.025	0.004	0.039	0.068	0.014	0.049	0.034	0.042	0.027	0.007	0.022	0.078	0.051	0.0	0.004	0.016	0.013	0.02	0.015	0.023	0.021	0.006	0.013	0.0	
Chromosome	5115098	T	G	0.203	0.122	0.185	0.181	0.17	0.112	0.181	0.177	0.203	0.117	0.157	0.136	0.152	0.12	0.172	0.24	0.193	0.168	0.195	0.252	0.196	0.08	0.124	0.114	0.093	0.149	0.155	0.165	0.104	0.105	0.139	0.166	0.184	0.194	0.162	0.0	0.23	0.202	0.18	0.0	0.162	0.0	0.074	0.164	0.141	0.142	0.205	0.204	0.177	0.174	0.184	0.222	0.17	0.152	0.177	0.15	0.094	0.092	0.0	0.207	0.193	0.156	0.113	0.104	0.193	0.141	0.178	0.228	0.0	
Chromosome	5130928	A	C	0.149	0.157	0.272	0.19	0.239	0.137	0.162	0.141	0.127	0.169	0.114	0.179	0.107	0.17	0.188	0.238	0.191	0.207	0.168	0.165	0.159	0.168	0.162	0.108	0.144	0.153	0.172	0.137	0.148	0.207	0.134	0.146	0.141	0.146	0.138	0.0	0.18	0.141	0.166	0.0	0.143	0.019	0.124	0.135	0.139	0.174	0.132	0.185	0.188	0.135	0.222	0.174	0.245	0.218	0.176	0.208	0.192	0.191	0.012	0.161	0.18	0.147	0.161	0.192	0.158	0.165	0.122	0.13	0.01	
Chromosome	5219799	A	C	0.032	0.114	0.129	0.112	0.109	0.0	0.059	0.05	0.081	0.035	0.032	0.016	0.078	0.143	0.075	0.125	0.117	0.136	0.11	0.095	0.065	0.107	0.053	0.018	0.021	0.024	0.031	0.03	0.007	0.104	0.071	0.125	0.031	0.025	0.014	0.0	0.074	0.067	0.071	0.0	0.05	0.013	0.019	0.045	0.017	0.011	0.03	0.062	0.113	0.146	0.13	0.105	0.111	0.134	0.178	0.192	0.091	0.079	0.005	0.038	0.039	0.033	0.023	0.029	0.056	0.017	0.034	0.042	0.0	
Chromosome	5231357	T	G	0.108	0.134	0.082	0.137	0.089	0.115	0.062	0.074	0.105	0.128	0.136	0.084	0.158	0.187	0.113	0.076	0.074	0.079	0.118	0.112	0.114	0.097	0.104	0.109	0.132	0.108	0.111	0.076	0.109	0.14	0.113	0.1	0.071	0.107	0.089	0.005	0.129	0.111	0.094	0.006	0.115	0.0	0.083	0.113	0.101	0.096	0.076	0.111	0.082	0.145	0.162	0.136	0.065	0.076	0.129	0.161	0.1	0.116	0.0	0.106	0.123	0.085	0.12	0.103	0.121	0.091	0.069	0.091	0.0	
Chromosome	5359665	T	G	0.0	0.09	0.0	0.0	0.0	0.0	0.0	0.0	0.0	0.0	0.0	0.139	0.0	0.0	0.0	0.0	0.145	0.0	0.0	0.0	0.0	0.0	0.0	0.004	0.0	0.0	0.0	0.003	0.0	0.0	0.0	0.0	0.0	0.0	0.0	0.0	0.0	0.005	0.0	0.0	0.0	0.0	0.005	0.0	0.0	0.0	0.143	0.0	0.008	0.0	0.0	0.0	0.0	0.0	0.0	0.0	0.0	0.0	0.0	0.0	0.002	0.0	0.0	0.0	0.0	0.0	0.057	0.0	0.0	
Chromosome	5416510	T	G	0.0	0.056	0.006	0.0	0.0	0.0	0.0	0.0	0.005	0.0	0.0	0.024	0.0	0.0	0.0	0.0	0.045	0.013	0.0	0.0	0.0	0.0	0.0	0.0	0.005	0.0	0.0	0.0	0.0	0.0	0.005	0.006	0.007	0.0	0.0	0.0	0.0	0.0	0.0	0.0	0.0	0.006	0.006	0.0	0.0	0.0	0.019	0.0	0.0	0.0	0.0	0.0	0.0	0.0	0.0	0.0	0.0	0.0	0.0	0.0	0.0	0.0	0.0	0.005	0.0	0.0	0.007	0.0	0.0	
Chromosome	5461789	T	G	0.108	0.412	0.359	0.451	0.46	0.107	0.349	0.333	0.346	0.225	0.197	0.174	0.5	0.404	0.315	0.39	0.494	0.459	0.457	0.602	0.455	0.442	0.239	0.237	0.217	0.231	0.174	0.22	0.145	0.316	0.327	0.353	0.17	0.168	0.167	0.0	0.33	0.357	0.409	0.008	0.326	0.006	0.263	0.33	0.181	0.164	0.215	0.327	0.487	0.46	0.532	0.438	0.352	0.44	0.413	0.6	0.472	0.342	0.011	0.163	0.144	0.082	0.179	0.278	0.232	0.118	0.137	0.175	0.01	
Chromosome	5521106	A	C	0.049	0.146	0.13	0.189	0.122	0.036	0.126	0.139	0.124	0.078	0.068	0.053	0.158	0.144	0.132	0.13	0.162	0.131	0.142	0.173	0.123	0.136	0.086	0.057	0.058	0.071	0.068	0.08	0.056	0.139	0.127	0.163	0.058	0.081	0.051	0.0	0.078	0.071	0.133	0.0	0.138	0.006	0.121	0.11	0.059	0.059	0.072	0.176	0.195	0.212	0.2	0.144	0.163	0.19	0.204	0.057	0.145	0.105	0.004	0.053	0.072	0.077	0.109	0.093	0.082	0.077	0.051	0.078	0.0	
Chromosome	5521109	A	C	0.077	0.146	0.151	0.144	0.111	0.03	0.139	0.135	0.081	0.082	0.05	0.068	0.157	0.189	0.169	0.147	0.154	0.19	0.153	0.109	0.133	0.135	0.095	0.119	0.06	0.066	0.06	0.076	0.053	0.133	0.113	0.109	0.09	0.058	0.05	0.0	0.091	0.134	0.139	0.011	0.178	0.0	0.094	0.114	0.04	0.042	0.075	0.179	0.18	0.167	0.189	0.174	0.131	0.214	0.155	0.121	0.139	0.156	0.0	0.076	0.052	0.096	0.112	0.075	0.087	0.063	0.062	0.057	0.006	
Chromosome	5631185	T	G	0.232	0.421	0.281	0.261	0.269	0.21	0.264	0.265	0.239	0.316	0.266	0.286	0.274	0.297	0.224	0.264	0.229	0.232	0.288	0.267	0.249	0.347	0.261	0.309	0.285	0.313	0.215	0.234	0.33	0.243	0.316	0.168	0.213	0.261	0.19	0.094	0.239	0.335	0.306	0.049	0.268	0.045	0.289	0.244	0.238	0.272	0.239	0.342	0.339	0.239	0.336	0.285	0.278	0.244	0.301	0.338	0.306	0.337	0.064	0.287	0.289	0.225	0.349	0.368	0.238	0.271	0.222	0.239	0.086	
Chromosome	5651226	A	G	0.228	0.212	0.278	0.245	0.261	0.06	0.256	0.243	0.196	0.136	0.168	0.18	0.23	0.183	0.32	0.153	0.194	0.222	0.178	0.219	0.222	0.232	0.167	0.169	0.171	0.112	0.181	0.18	0.093	0.177	0.235	0.229	0.199	0.162	0.141	0.006	0.204	0.284	0.228	0.0	0.198	0.0	0.106	0.174	0.147	0.233	0.131	0.114	0.149	0.187	0.235	0.206	0.218	0.195	0.261	0.056	0.22	0.216	0.0	0.209	0.186	0.209	0.171	0.139	0.22	0.244	0.18	0.222	0.0	
Chromosome	5693404	C	CCTGGGGGG	0.0	0.007	0.0	0.0	0.013	0.0	0.0	0.0	0.0	0.0	0.0	0.0	0.0	0.0	0.023	0.0	0.011	0.0	0.0	0.011	0.021	0.007	0.0	0.0	0.0	0.0	0.0	0.0	0.0	0.0	0.0	0.017	0.005	0.0	0.0	0.0	0.0	0.0	0.006	0.0	0.0	0.0	0.0	0.0	0.0	0.0	0.0	0.015	0.0	0.014	0.0	0.0	0.0	0.0	0.0	0.0	0.0	0.013	0.0	0.0	0.004	0.0	0.0	0.0	0.006	0.0	0.0	0.0	0.0	
Chromosome	5693423	T	C	0.133	0.267	0.224	0.221	0.236	0.0	0.108	0.153	0.196	0.128	0.14	0.081	0.307	0.354	0.237	0.269	0.337	0.2	0.21	0.267	0.271	0.303	0.193	0.142	0.111	0.136	0.146	0.089	0.07	0.2	0.164	0.15	0.103	0.118	0.101	0.0	0.187	0.167	0.151	0.0	0.078	0.006	0.132	0.191	0.075	0.124	0.11	0.164	0.395	0.305	0.21	0.274	0.275	0.26	0.224	0.455	0.263	0.223	0.006	0.127	0.128	0.085	0.099	0.152	0.175	0.146	0.131	0.139	0.0	
Chromosome	5758976	T	G	0.068	0.105	0.109	0.095	0.153	0.024	0.105	0.125	0.098	0.068	0.065	0.069	0.114	0.111	0.148	0.102	0.129	0.119	0.163	0.115	0.094	0.098	0.048	0.066	0.071	0.056	0.045	0.062	0.038	0.077	0.083	0.105	0.077	0.036	0.061	0.011	0.121	0.156	0.102	0.006	0.134	0.0	0.069	0.077	0.056	0.057	0.078	0.135	0.06	0.143	0.12	0.167	0.144	0.111	0.161	0.097	0.099	0.091	0.0	0.057	0.054	0.049	0.041	0.075	0.101	0.054	0.07	0.05	0.015	
Chromosome	5787038	A	G	0.02	0.065	0.134	0.132	0.069	0.015	0.06	0.062	0.029	0.057	0.057	0.032	0.086	0.057	0.057	0.112	0.101	0.082	0.067	0.076	0.067	0.051	0.05	0.049	0.043	0.049	0.011	0.011	0.036	0.086	0.06	0.08	0.04	0.024	0.018	0.005	0.075	0.06	0.056	0.023	0.048	0.006	0.039	0.042	0.034	0.013	0.038	0.034	0.086	0.065	0.116	0.127	0.115	0.101	0.091	0.16	0.101	0.077	0.0	0.028	0.035	0.005	0.05	0.073	0.043	0.013	0.028	0.013	0.0	
Chromosome	5787045	T	G	0.055	0.116	0.195	0.117	0.168	0.031	0.122	0.105	0.076	0.108	0.109	0.06	0.052	0.076	0.167	0.151	0.177	0.17	0.135	0.125	0.189	0.09	0.079	0.066	0.125	0.077	0.069	0.053	0.044	0.073	0.131	0.118	0.052	0.056	0.05	0.0	0.089	0.102	0.116	0.0	0.084	0.0	0.081	0.118	0.047	0.048	0.073	0.135	0.165	0.202	0.204	0.195	0.163	0.128	0.221	0.171	0.135	0.07	0.006	0.077	0.07	0.037	0.087	0.133	0.113	0.06	0.064	0.025	0.0	
Chromosome	5812441	C	CGGGGGGG	0.0	0.0	0.0	0.0	0.0	0.0	0.0	0.0	0.0	0.0	0.0	0.0	0.0	0.0	0.0	0.0	0.0	0.0	0.0	0.0	0.0	0.0	0.0	0.0	0.0	0.0	0.0	0.0	0.0	0.0	0.009	0.0	0.0	0.0	0.0	0.0	0.008	0.0	0.0	0.0	0.0	0.0	0.0	0.0	0.0	0.0	0.0	0.0	0.0	0.0	0.0	0.0	0.0	0.021	0.0	0.042	0.0	0.007	0.0	0.0	0.0	0.0	0.0	0.0	0.0	0.0	0.0	0.0	0.0	
Chromosome	5812443	T	G	0.097	0.056	0.162	0.158	0.062	0.0	0.12	0.118	0.115	0.028	0.034	0.016	0.038	0.051	0.204	0.074	0.197	0.106	0.122	0.211	0.167	0.022	0.03	0.024	0.024	0.008	0.063	0.071	0.006	0.02	0.046	0.161	0.097	0.07	0.062	0.0	0.081	0.115	0.108	0.015	0.097	0.0	0.032	0.118	0.074	0.065	0.072	0.143	0.07	0.104	0.131	0.119	0.175	0.234	0.184	0.12	0.015	0.061	0.0	0.073	0.099	0.031	0.026	0.018	0.102	0.097	0.073	0.075	0.0	
Chromosome	5812445	C	G	0.335	0.553	0.324	0.421	0.34	0.425	0.421	0.429	0.43	0.491	0.487	0.472	0.644	0.607	0.481	0.34	0.448	0.383	0.383	0.491	0.458	0.602	0.504	0.531	0.593	0.504	0.367	0.358	0.452	0.66	0.68	0.407	0.392	0.362	0.337	0.0	0.382	0.446	0.398	0.007	0.391	0.0	0.649	0.396	0.415	0.394	0.402	0.327	0.483	0.413	0.508	0.293	0.429	0.479	0.487	0.583	0.681	0.715	0.0	0.374	0.399	0.323	0.375	0.532	0.444	0.292	0.385	0.383	0.0	
Chromosome	5812482	A	C	0.256	0.433	0.364	0.286	0.176	0.248	0.274	0.256	0.256	0.232	0.276	0.298	0.516	0.469	0.357	0.236	0.3	0.447	0.264	0.375	0.394	0.43	0.339	0.29	0.267	0.379	0.224	0.271	0.217	0.482	0.423	0.312	0.243	0.243	0.247	0.006	0.34	0.26	0.306	0.036	0.263	0.006	0.41	0.374	0.302	0.23	0.234	0.362	0.365	0.422	0.321	0.273	0.357	0.362	0.512	0.263	0.417	0.381	0.0	0.25	0.252	0.225	0.308	0.432	0.394	0.266	0.202	0.209	0.007	
Chromosome	5939331	T	G	0.153	0.126	0.29	0.182	0.317	0.062	0.208	0.176	0.195	0.166	0.168	0.132	0.123	0.042	0.214	0.3	0.291	0.227	0.261	0.259	0.22	0.148	0.133	0.12	0.116	0.168	0.155	0.195	0.073	0.089	0.139	0.177	0.148	0.178	0.174	0.0	0.197	0.209	0.195	0.007	0.239	0.0	0.083	0.215	0.158	0.17	0.189	0.233	0.267	0.262	0.258	0.286	0.255	0.273	0.257	0.125	0.138	0.11	0.013	0.146	0.164	0.131	0.132	0.121	0.19	0.136	0.176	0.134	0.0	
Chromosome	6000844	G	A	0.0	0.169	0.0	0.0	0.0	0.0	0.0	0.004	0.0	0.0	0.0	0.0	0.0	0.0	0.0	0.0	0.0	0.0	0.0	0.0	0.0	0.0	0.0	0.0	0.0	0.0	0.0	0.0	0.0	0.0	0.0	0.0	0.0	0.0	0.0	0.0	0.0	0.0	0.0	0.006	0.0	0.0	0.0	0.0	0.0	0.0	0.0	0.0	0.0	0.0	0.0	0.0	0.006	0.0	0.0	0.0	0.0	0.0	0.0	0.0	0.0	0.0	0.0	0.0	0.0	0.0	0.0	0.0	0.0	
Chromosome	6061476	A	C	0.029	0.142	0.087	0.086	0.046	0.0	0.038	0.096	0.066	0.053	0.028	0.043	0.07	0.138	0.127	0.068	0.103	0.022	0.096	0.1	0.088	0.088	0.032	0.017	0.039	0.031	0.022	0.026	0.024	0.082	0.073	0.064	0.022	0.027	0.023	0.0	0.05	0.11	0.055	0.0	0.102	0.0	0.038	0.061	0.025	0.042	0.019	0.087	0.13	0.105	0.15	0.095	0.122	0.102	0.082	0.083	0.112	0.083	0.004	0.023	0.029	0.016	0.052	0.038	0.074	0.015	0.019	0.021	0.0	
Chromosome	6065279	A	C	0.132	0.165	0.213	0.229	0.288	0.092	0.171	0.211	0.178	0.14	0.127	0.136	0.215	0.134	0.203	0.27	0.198	0.23	0.222	0.204	0.207	0.184	0.102	0.126	0.117	0.118	0.119	0.136	0.049	0.166	0.196	0.177	0.13	0.136	0.117	0.0	0.129	0.199	0.181	0.0	0.173	0.0	0.161	0.157	0.11	0.107	0.121	0.198	0.196	0.284	0.145	0.16	0.215	0.28	0.21	0.2	0.21	0.181	0.0	0.152	0.167	0.17	0.132	0.108	0.122	0.111	0.13	0.125	0.0	
Chromosome	6075172	A	C	0.13	0.3	0.18	0.25	0.229	0.133	0.239	0.237	0.211	0.198	0.181	0.189	0.258	0.344	0.211	0.317	0.211	0.241	0.17	0.197	0.258	0.253	0.241	0.213	0.235	0.195	0.18	0.16	0.2	0.299	0.322	0.286	0.152	0.187	0.184	0.006	0.285	0.252	0.289	0.0	0.254	0.007	0.296	0.24	0.184	0.16	0.143	0.314	0.188	0.24	0.219	0.222	0.26	0.152	0.232	0.341	0.333	0.328	0.006	0.155	0.168	0.176	0.206	0.226	0.167	0.176	0.148	0.163	0.0	
Chromosome	6111316	A	C	0.067	0.15	0.194	0.248	0.182	0.063	0.193	0.109	0.148	0.117	0.094	0.085	0.112	0.106	0.184	0.175	0.222	0.243	0.177	0.208	0.122	0.081	0.075	0.095	0.1	0.097	0.051	0.062	0.045	0.098	0.143	0.14	0.07	0.076	0.077	0.0	0.127	0.132	0.102	0.0	0.126	0.0	0.06	0.109	0.089	0.082	0.095	0.216	0.133	0.205	0.22	0.178	0.214	0.145	0.24	0.146	0.14	0.09	0.0	0.117	0.064	0.062	0.101	0.1	0.11	0.057	0.074	0.094	0.0	
Chromosome	6141592	C	T	0.0	0.111	0.0	0.0	0.0	0.0	0.0	0.0	0.0	0.0	0.0	0.0	0.0	0.0	0.0	0.0	0.0	0.0	0.0	0.0	0.0	0.0	0.0	0.0	0.0	0.0	0.0	0.0	0.0	0.0	0.0	0.0	0.0	0.0	0.0	0.0	0.0	0.0	0.0	0.0	0.0	0.0	0.0	0.005	0.0	0.0	0.0	0.0	0.0	0.0	0.0	0.005	0.0	0.0	0.0	0.0	0.0	0.0	0.0	0.002	0.0	0.0	0.0	0.0	0.0	0.0	0.0	0.0	0.0	
Chromosome	6336515	C	CG	0.008	0.027	0.0	0.0	0.027	0.007	0.016	0.009	0.019	0.009	0.016	0.0	0.007	0.0	0.018	0.0	0.011	0.0	0.024	0.0	0.016	0.012	0.018	0.025	0.008	0.0	0.0	0.0	0.0	0.011	0.024	0.0	0.0	0.007	0.004	0.0	0.015	0.008	0.0	0.0	0.0	0.0	0.008	0.0	0.0	0.0	0.003	0.016	0.023	0.0	0.022	0.0	0.0	0.01	0.029	0.0	0.0	0.019	0.0	0.006	0.01	0.007	0.023	0.008	0.006	0.013	0.0	0.004	0.0	
Chromosome	6336520	T	G	0.244	0.35	0.378	0.288	0.297	0.276	0.317	0.281	0.321	0.312	0.4	0.35	0.315	0.571	0.4	0.316	0.278	0.293	0.39	0.352	0.407	0.392	0.328	0.381	0.292	0.258	0.246	0.307	0.324	0.34	0.286	0.416	0.335	0.325	0.268	0.005	0.323	0.296	0.347	0.013	0.339	0.017	0.256	0.409	0.246	0.397	0.282	0.415	0.356	0.308	0.3	0.413	0.348	0.358	0.269	0.643	0.367	0.391	0.005	0.317	0.296	0.269	0.343	0.368	0.331	0.288	0.281	0.346	0.0	
Chromosome	6336521	T	G	0.181	0.11	0.4	0.324	0.333	0.079	0.215	0.358	0.268	0.239	0.138	0.165	0.422	0.406	0.382	0.258	0.444	0.333	0.41	0.516	0.454	0.298	0.185	0.213	0.183	0.18	0.163	0.172	0.098	0.188	0.174	0.376	0.21	0.201	0.226	0.01	0.25	0.362	0.273	0.0	0.301	0.0	0.139	0.28	0.222	0.211	0.17	0.47	0.444	0.484	0.412	0.41	0.379	0.463	0.275	0.273	0.267	0.209	0.015	0.185	0.2	0.176	0.218	0.159	0.28	0.243	0.172	0.186	0.0	
Chromosome	6336530	A	C	0.311	0.364	0.423	0.479	0.549	0.194	0.373	0.504	0.319	0.339	0.379	0.409	0.457	0.65	0.426	0.444	0.552	0.448	0.57	0.522	0.415	0.514	0.338	0.433	0.349	0.387	0.218	0.247	0.255	0.371	0.433	0.492	0.307	0.271	0.27	0.0	0.387	0.421	0.424	0.006	0.408	0.0	0.385	0.372	0.288	0.293	0.241	0.548	0.438	0.586	0.506	0.373	0.5	0.523	0.534	0.667	0.585	0.403	0.0	0.255	0.285	0.199	0.331	0.267	0.395	0.258	0.247	0.301	0.0	
Chromosome	6336531	C	G	0.135	0.292	0.227	0.137	0.28	0.074	0.171	0.236	0.105	0.142	0.208	0.142	0.229	0.429	0.204	0.202	0.33	0.326	0.291	0.319	0.205	0.368	0.151	0.127	0.111	0.126	0.164	0.139	0.176	0.214	0.217	0.207	0.187	0.137	0.139	0.0	0.202	0.19	0.161	0.0	0.151	0.0	0.167	0.124	0.196	0.172	0.158	0.306	0.239	0.267	0.333	0.274	0.233	0.341	0.293	0.55	0.451	0.316	0.0	0.152	0.115	0.127	0.121	0.154	0.211	0.139	0.129	0.157	0.0	
Chromosome	6410346	A	C	0.147	0.14	0.272	0.259	0.222	0.031	0.13	0.141	0.123	0.071	0.07	0.095	0.133	0.115	0.148	0.189	0.214	0.157	0.252	0.243	0.191	0.137	0.074	0.066	0.071	0.097	0.128	0.124	0.037	0.149	0.178	0.215	0.067	0.12	0.101	0.01	0.152	0.149	0.145	0.0	0.177	0.0	0.038	0.197	0.118	0.108	0.119	0.206	0.202	0.167	0.19	0.215	0.22	0.219	0.23	0.179	0.17	0.124	0.0	0.12	0.103	0.104	0.079	0.074	0.147	0.105	0.128	0.121	0.006	
Chromosome	6418060	A	C	0.0	0.152	0.007	0.007	0.0	0.0	0.004	0.0	0.0	0.0	0.0	0.0	0.0	0.0	0.0	0.006	0.0	0.0	0.006	0.0	0.0	0.0	0.0	0.0	0.0	0.0	0.0	0.0	0.0	0.0	0.0	0.0	0.0	0.0	0.0	0.005	0.0	0.0	0.0	0.005	0.0	0.0	0.0	0.0	0.003	0.0	0.002	0.0	0.0	0.0	0.0	0.0	0.0	0.0	0.0	0.0	0.0	0.0	0.0	0.0	0.0	0.0	0.0	0.0	0.0	0.0	0.0	0.0	0.006	
Chromosome	6458276	T	G	0.134	0.139	0.17	0.152	0.155	0.135	0.152	0.154	0.131	0.119	0.164	0.163	0.152	0.081	0.123	0.133	0.088	0.157	0.154	0.132	0.136	0.123	0.148	0.145	0.118	0.147	0.113	0.143	0.093	0.174	0.168	0.144	0.155	0.125	0.07	0.0	0.131	0.146	0.176	0.005	0.155	0.0	0.107	0.149	0.11	0.117	0.096	0.135	0.134	0.165	0.195	0.145	0.179	0.197	0.138	0.026	0.106	0.125	0.0	0.105	0.119	0.112	0.127	0.101	0.114	0.103	0.122	0.066	0.0	
Chromosome	6478685	A	C	0.196	0.186	0.308	0.234	0.303	0.075	0.19	0.206	0.228	0.095	0.197	0.159	0.216	0.183	0.222	0.247	0.26	0.229	0.223	0.165	0.246	0.237	0.179	0.126	0.126	0.163	0.175	0.199	0.13	0.181	0.195	0.29	0.185	0.137	0.164	0.0	0.264	0.231	0.275	0.006	0.311	0.006	0.112	0.224	0.193	0.151	0.169	0.381	0.328	0.321	0.281	0.305	0.347	0.242	0.275	0.207	0.182	0.156	0.006	0.205	0.121	0.153	0.144	0.107	0.239	0.156	0.177	0.144	0.0	
Chromosome	6478690	A	C	0.176	0.244	0.306	0.242	0.271	0.093	0.223	0.195	0.215	0.174	0.205	0.192	0.207	0.183	0.27	0.239	0.265	0.26	0.193	0.248	0.271	0.253	0.176	0.176	0.124	0.199	0.203	0.196	0.146	0.201	0.206	0.275	0.195	0.176	0.141	0.0	0.27	0.287	0.257	0.006	0.327	0.0	0.112	0.229	0.196	0.202	0.182	0.363	0.285	0.252	0.296	0.308	0.305	0.296	0.255	0.241	0.199	0.18	0.0	0.193	0.166	0.147	0.188	0.162	0.247	0.124	0.19	0.182	0.023	
Chromosome	6478702	A	C	0.165	0.262	0.328	0.224	0.229	0.067	0.273	0.219	0.215	0.16	0.17	0.169	0.228	0.167	0.173	0.264	0.313	0.289	0.181	0.205	0.216	0.255	0.147	0.168	0.198	0.167	0.116	0.158	0.13	0.234	0.237	0.259	0.131	0.136	0.102	0.005	0.226	0.227	0.246	0.0	0.298	0.0	0.123	0.2	0.152	0.139	0.142	0.347	0.32	0.324	0.312	0.315	0.296	0.268	0.261	0.222	0.224	0.273	0.005	0.154	0.117	0.124	0.164	0.186	0.224	0.088	0.134	0.114	0.007	
Chromosome	6501281	A	T	0.179	0.232	0.146	0.209	0.134	0.165	0.221	0.206	0.189	0.215	0.183	0.178	0.248	0.26	0.205	0.195	0.163	0.18	0.183	0.199	0.232	0.223	0.162	0.169	0.188	0.228	0.212	0.201	0.205	0.225	0.247	0.251	0.2	0.171	0.129	0.0	0.197	0.229	0.221	0.006	0.207	0.0	0.189	0.225	0.147	0.188	0.208	0.205	0.159	0.174	0.199	0.23	0.191	0.149	0.237	0.277	0.22	0.172	0.0	0.17	0.218	0.191	0.165	0.161	0.219	0.202	0.165	0.174	0.0	
Chromosome	6501291	C	G	0.217	0.331	0.211	0.201	0.196	0.25	0.28	0.243	0.194	0.263	0.18	0.253	0.272	0.347	0.213	0.212	0.205	0.214	0.209	0.226	0.284	0.329	0.273	0.211	0.262	0.28	0.235	0.218	0.213	0.276	0.274	0.246	0.231	0.164	0.154	0.062	0.277	0.245	0.315	0.076	0.253	0.06	0.246	0.277	0.149	0.199	0.228	0.176	0.252	0.217	0.184	0.267	0.198	0.158	0.284	0.348	0.292	0.286	0.051	0.185	0.241	0.189	0.258	0.275	0.211	0.219	0.183	0.242	0.014	
Chromosome	6641662	T	G	0.0	0.131	0.0	0.0	0.0	0.0	0.0	0.0	0.0	0.0	0.005	0.212	0.0	0.0	0.018	0.013	0.084	0.0	0.0	0.006	0.009	0.0	0.012	0.0	0.005	0.009	0.01	0.003	0.0	0.0	0.0	0.0	0.0	0.005	0.0	0.005	0.01	0.006	0.01	0.0	0.0	0.0	0.0	0.0	0.003	0.0	0.108	0.0	0.006	0.006	0.0	0.012	0.007	0.006	0.014	0.0	0.0	0.0	0.004	0.0	0.0	0.0	0.004	0.005	0.013	0.017	0.023	0.0	0.007	
Chromosome	6687530	C	G	0.199	0.252	0.28	0.265	0.28	0.154	0.137	0.205	0.188	0.16	0.135	0.149	0.176	0.256	0.14	0.258	0.281	0.24	0.173	0.202	0.154	0.26	0.173	0.133	0.162	0.163	0.227	0.17	0.166	0.188	0.226	0.244	0.188	0.165	0.2	0.0	0.169	0.153	0.206	0.0	0.188	0.0	0.14	0.156	0.215	0.188	0.203	0.163	0.181	0.227	0.211	0.22	0.282	0.213	0.202	0.194	0.278	0.187	0.0	0.225	0.208	0.203	0.135	0.177	0.223	0.179	0.202	0.195	0.0	
Chromosome	6689708	G	C	0.153	0.257	0.22	0.274	0.263	0.128	0.22	0.203	0.291	0.27	0.201	0.179	0.297	0.295	0.247	0.271	0.239	0.283	0.271	0.227	0.212	0.295	0.211	0.251	0.222	0.187	0.188	0.138	0.157	0.319	0.322	0.268	0.188	0.169	0.151	0.0	0.184	0.216	0.185	0.005	0.311	0.005	0.183	0.246	0.205	0.16	0.187	0.225	0.274	0.266	0.259	0.246	0.191	0.193	0.235	0.375	0.313	0.265	0.0	0.154	0.19	0.164	0.239	0.231	0.177	0.196	0.143	0.183	0.0	
Chromosome	6769641	T	G	0.023	0.117	0.092	0.132	0.102	0.045	0.126	0.109	0.13	0.083	0.066	0.072	0.141	0.145	0.052	0.066	0.116	0.135	0.106	0.143	0.092	0.103	0.067	0.045	0.086	0.089	0.047	0.044	0.03	0.115	0.143	0.122	0.035	0.054	0.035	0.0	0.068	0.102	0.12	0.0	0.1	0.0	0.073	0.125	0.05	0.041	0.044	0.085	0.115	0.204	0.098	0.122	0.109	0.152	0.192	0.163	0.083	0.104	0.0	0.036	0.04	0.024	0.057	0.061	0.083	0.065	0.04	0.042	0.0	
Chromosome	6778445	A	C	0.117	0.245	0.236	0.159	0.199	0.106	0.182	0.18	0.221	0.224	0.193	0.236	0.3	0.27	0.214	0.214	0.144	0.16	0.269	0.287	0.244	0.26	0.239	0.215	0.223	0.219	0.145	0.135	0.188	0.273	0.271	0.198	0.169	0.141	0.178	0.146	0.205	0.268	0.227	0.218	0.211	0.211	0.19	0.263	0.162	0.211	0.164	0.23	0.25	0.295	0.179	0.209	0.182	0.215	0.148	0.369	0.254	0.265	0.182	0.191	0.181	0.17	0.234	0.23	0.232	0.159	0.145	0.203	0.226	
Chromosome	6869289	T	G	0.16	0.123	0.201	0.159	0.192	0.08	0.185	0.232	0.236	0.115	0.135	0.133	0.136	0.137	0.143	0.227	0.258	0.224	0.19	0.246	0.192	0.199	0.118	0.08	0.133	0.132	0.196	0.178	0.126	0.144	0.107	0.201	0.168	0.158	0.208	0.0	0.235	0.195	0.21	0.0	0.265	0.009	0.096	0.223	0.141	0.135	0.18	0.194	0.211	0.192	0.223	0.245	0.165	0.226	0.279	0.25	0.191	0.14	0.0	0.183	0.155	0.206	0.114	0.111	0.207	0.147	0.142	0.172	0.0	
Chromosome	6913446	T	G	0.158	0.15	0.162	0.122	0.196	0.117	0.167	0.142	0.164	0.122	0.108	0.139	0.112	0.121	0.151	0.16	0.159	0.201	0.175	0.225	0.139	0.122	0.154	0.139	0.151	0.138	0.186	0.143	0.159	0.161	0.16	0.191	0.175	0.162	0.237	0.005	0.154	0.189	0.178	0.005	0.209	0.0	0.089	0.201	0.128	0.146	0.146	0.113	0.233	0.25	0.175	0.205	0.175	0.207	0.275	0.016	0.125	0.145	0.0	0.175	0.186	0.198	0.145	0.158	0.154	0.235	0.183	0.19	0.005	
Chromosome	6923330	T	G	0.29	0.365	0.352	0.347	0.411	0.253	0.397	0.421	0.319	0.333	0.374	0.324	0.472	0.587	0.472	0.467	0.396	0.397	0.383	0.427	0.39	0.423	0.307	0.372	0.351	0.382	0.258	0.264	0.271	0.46	0.412	0.466	0.31	0.292	0.261	0.0	0.392	0.372	0.322	0.0	0.42	0.006	0.265	0.283	0.261	0.294	0.261	0.339	0.411	0.474	0.417	0.493	0.376	0.471	0.507	0.588	0.413	0.437	0.0	0.261	0.3	0.279	0.36	0.294	0.352	0.236	0.273	0.232	0.014	
Chromosome	6923341	A	C	0.214	0.235	0.236	0.254	0.324	0.074	0.237	0.226	0.27	0.153	0.106	0.121	0.229	0.2	0.292	0.325	0.274	0.226	0.287	0.249	0.286	0.158	0.146	0.105	0.158	0.147	0.135	0.148	0.098	0.25	0.206	0.241	0.175	0.178	0.203	0.005	0.244	0.272	0.234	0.016	0.305	0.0	0.129	0.2	0.204	0.193	0.187	0.184	0.259	0.301	0.315	0.324	0.258	0.296	0.358	0.256	0.187	0.196	0.0	0.218	0.216	0.204	0.145	0.146	0.206	0.173	0.194	0.206	0.006	
Chromosome	6966376	T	G	0.285	0.54	0.413	0.413	0.413	0.341	0.416	0.309	0.425	0.448	0.357	0.442	0.483	0.545	0.41	0.383	0.276	0.327	0.306	0.373	0.401	0.476	0.483	0.439	0.405	0.444	0.352	0.329	0.396	0.5	0.486	0.379	0.346	0.312	0.312	0.0	0.355	0.342	0.365	0.0	0.273	0.0	0.41	0.392	0.327	0.396	0.323	0.394	0.346	0.365	0.368	0.378	0.429	0.364	0.301	0.308	0.398	0.47	0.0	0.304	0.335	0.345	0.511	0.354	0.393	0.324	0.346	0.338	0.0	
Chromosome	6966410	A	C	0.172	0.436	0.337	0.389	0.365	0.219	0.36	0.241	0.359	0.336	0.325	0.389	0.48	0.479	0.284	0.419	0.375	0.337	0.34	0.495	0.331	0.413	0.365	0.331	0.378	0.375	0.263	0.27	0.323	0.444	0.432	0.343	0.307	0.257	0.241	0.0	0.362	0.313	0.301	0.0	0.333	0.0	0.261	0.333	0.294	0.248	0.229	0.333	0.528	0.369	0.359	0.455	0.477	0.427	0.417	0.476	0.316	0.481	0.006	0.227	0.275	0.201	0.406	0.393	0.351	0.195	0.199	0.255	0.0	
Chromosome	6966411	G	C	0.226	0.345	0.455	0.324	0.42	0.093	0.297	0.298	0.303	0.289	0.165	0.26	0.397	0.44	0.375	0.434	0.404	0.356	0.355	0.466	0.365	0.355	0.268	0.212	0.231	0.321	0.278	0.259	0.185	0.427	0.435	0.319	0.317	0.265	0.198	0.0	0.309	0.349	0.286	0.0	0.306	0.0	0.301	0.286	0.268	0.264	0.215	0.277	0.591	0.476	0.415	0.41	0.481	0.416	0.452	0.19	0.218	0.422	0.006	0.261	0.257	0.206	0.266	0.256	0.3	0.225	0.223	0.246	0.0	
