chromosome	pos	ref	mut	APAW	CipA	CipB	CipC	Ana1	BedA	BedB	BedC	BedD	CLFA	CLFB	CLFC	CombA2	CombA3	CombA	CombAu1	CombAu3	CombAu5	CombB	CombC	CycloA	CycloB	CycloC	EMBA	EMBB	EMBC	INH1	INH2	INHA	LzdA	LzdB	LzdC	M91	M92	M9B	MA_F1	MA_F2	MA_F3	MA_H1	MA_H2	MA_H3	MA_S1	MA_S2	MA_S3	MMCA	MMCB	MMCC	MockA	MockB	MockC	MockD	MockE	MockF	MockG	MockH	MockI	MockJ	MockK	MockL	NANOA	NANOB	NANOC	RIFA	RIFB	RIFC	UV1	UV2	UV3	WT_Msm
Chromosome	65001	A	C	0.148	0.251	0.247	0.336	0.099	0.358	0.298	0.298	0.303	0.211	0.201	0.171	0.294	0.235	0.371	0.396	0.439	0.471	0.317	0.361	0.23	0.254	0.219	0.232	0.221	0.235	0.163	0.164	0.131	0.226	0.254	0.251	0.248	0.182	0.174	0.0	0.255	0.25	0.265	0.007	0.304	0.0	0.172	0.219	0.208	0.158	0.185	0.345	0.429	0.337	0.325	0.398	0.336	0.387	0.371	0.324	0.272	0.256	0.0	0.119	0.196	0.172	0.242	0.174	0.21	0.17	0.17	0.152	0.0	
Chromosome	308617	T	G	0.199	0.266	0.265	0.358	0.13	0.264	0.255	0.303	0.277	0.227	0.199	0.278	0.276	0.292	0.256	0.291	0.341	0.283	0.248	0.21	0.223	0.287	0.264	0.236	0.255	0.249	0.219	0.244	0.2	0.356	0.254	0.301	0.219	0.238	0.223	0.0	0.316	0.287	0.267	0.006	0.205	0.0	0.194	0.27	0.219	0.26	0.243	0.343	0.205	0.236	0.288	0.404	0.284	0.277	0.238	0.241	0.304	0.259	0.0	0.234	0.261	0.214	0.281	0.211	0.295	0.25	0.227	0.236	0.007	
Chromosome	308623	A	C	0.241	0.25	0.265	0.358	0.173	0.295	0.303	0.326	0.198	0.229	0.199	0.237	0.197	0.207	0.282	0.276	0.331	0.366	0.25	0.254	0.28	0.219	0.241	0.245	0.191	0.253	0.23	0.228	0.206	0.291	0.215	0.38	0.257	0.267	0.287	0.005	0.312	0.331	0.267	0.0	0.265	0.006	0.2	0.296	0.236	0.269	0.291	0.362	0.295	0.273	0.361	0.391	0.3	0.333	0.25	0.091	0.231	0.286	0.0	0.268	0.315	0.213	0.237	0.319	0.34	0.267	0.259	0.251	0.0	
Chromosome	353496	C	T	0.0	0.234	0.0	0.0	0.0	0.0	0.0	0.0	0.0	0.0	0.0	0.0	0.0	0.0	0.0	0.0	0.0	0.0	0.0	0.0	0.0	0.0	0.0	0.0	0.0	0.0	0.0	0.0	0.0	0.0	0.0	0.0	0.0	0.0	0.0	0.0	0.0	0.004	0.0	0.0	0.0	0.0	0.0	0.0	0.0	0.0	0.0	0.0	0.0	0.0	0.0	0.0	0.0	0.0	0.0	0.0	0.0	0.0	0.005	0.0	0.003	0.0	0.0	0.0	0.0	0.0	0.0	0.0	0.0	
Chromosome	418447	A	C	0.081	0.118	0.079	0.054	0.048	0.094	0.096	0.048	0.054	0.13	0.085	0.101	0.092	0.093	0.11	0.099	0.052	0.057	0.091	0.08	0.108	0.088	0.098	0.073	0.083	0.089	0.062	0.058	0.052	0.098	0.111	0.074	0.076	0.069	0.057	0.0	0.044	0.062	0.127	0.005	0.064	0.0	0.095	0.059	0.052	0.076	0.06	0.086	0.073	0.107	0.09	0.042	0.087	0.129	0.082	0.052	0.084	0.104	0.01	0.072	0.059	0.082	0.081	0.089	0.077	0.069	0.069	0.065	0.0	
Chromosome	662491	C	T	0.0	0.26	0.0	0.0	0.0	0.0	0.007	0.0	0.0	0.005	0.0	0.0	0.0	0.0	0.0	0.0	0.0	0.0	0.0	0.012	0.0	0.004	0.0	0.0	0.0	0.0	0.0	0.0	0.0	0.0	0.005	0.0	0.0	0.0	0.0	0.0	0.0	0.0	0.0	0.0	0.0	0.0	0.0	0.005	0.0	0.0	0.0	0.0	0.0	0.0	0.0	0.0	0.0	0.0	0.0	0.0	0.0	0.0	0.0	0.0	0.0	0.0	0.0	0.0	0.0	0.0	0.0	0.0	0.0	
Chromosome	706123	T	G	0.145	0.187	0.222	0.226	0.094	0.195	0.196	0.2	0.155	0.158	0.104	0.112	0.173	0.132	0.2	0.212	0.221	0.237	0.163	0.243	0.209	0.172	0.167	0.155	0.149	0.15	0.167	0.092	0.128	0.159	0.108	0.251	0.16	0.141	0.143	0.0	0.209	0.181	0.209	0.006	0.205	0.005	0.114	0.151	0.106	0.158	0.138	0.219	0.212	0.236	0.263	0.204	0.225	0.25	0.253	0.205	0.168	0.171	0.005	0.139	0.15	0.164	0.11	0.167	0.186	0.162	0.134	0.171	0.007	
Chromosome	708677	A	C	0.24	0.295	0.306	0.324	0.152	0.293	0.262	0.33	0.28	0.221	0.237	0.264	0.288	0.254	0.267	0.351	0.324	0.357	0.303	0.27	0.223	0.333	0.181	0.226	0.205	0.189	0.189	0.168	0.228	0.295	0.335	0.222	0.205	0.216	0.184	0.0	0.265	0.255	0.305	0.008	0.295	0.0	0.26	0.239	0.193	0.235	0.22	0.3	0.28	0.312	0.305	0.31	0.292	0.217	0.292	0.386	0.356	0.267	0.0	0.175	0.24	0.18	0.233	0.25	0.206	0.201	0.187	0.215	0.0	
Chromosome	756272	G	T	0.0	0.236	0.21	0.231	0.0	0.0	0.0	0.0	0.0	0.0	0.0	0.0	0.0	0.0	0.0	0.0	0.0	0.0	0.0	0.008	0.0	0.0	0.0	0.0	0.0	0.0	0.005	0.0	0.0	0.0	0.0	0.0	0.0	0.0	0.0	0.0	0.0	0.007	0.0	0.0	0.0	0.0	0.0	0.0	0.0	0.0	0.003	0.0	0.0	0.0	0.0	0.0	0.0	0.0	0.0	0.0	0.0	0.0	0.0	0.0	0.0	0.005	0.0	0.0	0.0	0.0	0.0	0.0	0.034	
Chromosome	788001	A	C	0.258	0.229	0.282	0.281	0.136	0.252	0.202	0.325	0.092	0.195	0.235	0.206	0.113	0.154	0.267	0.263	0.231	0.264	0.222	0.145	0.264	0.057	0.196	0.176	0.258	0.222	0.25	0.234	0.195	0.131	0.113	0.288	0.253	0.249	0.193	0.005	0.275	0.309	0.269	0.008	0.266	0.0	0.16	0.243	0.263	0.269	0.268	0.238	0.21	0.25	0.28	0.206	0.255	0.148	0.183	0.024	0.072	0.098	0.005	0.244	0.241	0.231	0.142	0.157	0.268	0.263	0.257	0.277	0.007	
Chromosome	1280797	G	GC	0.0	0.233	0.198	0.005	0.0	0.0	0.0	0.006	0.0	0.0	0.0	0.0	0.0	0.0	0.0	0.0	0.0	0.0	0.0	0.0	0.0	0.0	0.0	0.0	0.0	0.0	0.0	0.0	0.0	0.0	0.0	0.0	0.0	0.0	0.0	0.016	0.033	0.02	0.016	0.011	0.03	0.241	0.017	0.031	0.0	0.0	0.0	0.0	0.0	0.0	0.0	0.0	0.0	0.0	0.007	0.0	0.0	0.0	0.022	0.0	0.0	0.0	0.0	0.0	0.0	0.0	0.004	0.0	0.015	
Chromosome	1327108	T	C	0.0	0.188	0.205	0.0	0.0	0.0	0.0	0.0	0.0	0.0	0.0	0.0	0.0	0.0	0.0	0.0	0.0	0.0	0.0	0.0	0.0	0.0	0.0	0.0	0.0	0.0	0.0	0.0	0.0	0.0	0.0	0.0	0.0	0.0	0.0	0.0	0.0	0.0	0.0	0.005	0.0	0.0	0.0	0.0	0.0	0.0	0.0	0.0	0.0	0.0	0.0	0.0	0.0	0.0	0.0	0.0	0.0	0.0	0.005	0.0	0.0	0.0	0.0	0.0	0.0	0.0	0.0	0.0	0.0	
Chromosome	1339411	T	TG	0.0	0.042	0.0	0.0	0.0	0.0	0.0	0.0	0.0	0.0	0.0	0.0	0.0	0.0	0.0	0.0	0.0	0.0	0.0	0.0	0.0	0.0	0.0	0.0	0.0	0.0	0.0	0.0	0.0	0.0	0.0	0.0	0.0	0.0	0.0	0.0	0.0	0.0	0.0	0.0	0.0	0.0	0.0	0.0	0.0	0.0	0.0	0.0	0.0	0.0	0.0	0.0	0.0	0.0	0.0	0.0	0.0	0.0	0.0	0.0	0.0	0.0	0.0	0.0	0.0	0.0	0.0	0.0	0.0	
Chromosome	1341535	T	TGGCTCTTCGCACTTGACGGTGTAGAGA	0.0	0.0	0.0	0.0	0.0	0.0	0.0	0.0	0.0	0.0	0.0	0.0	0.0	0.0	0.0	0.0	0.0	0.0	0.0	0.0	0.0	0.0	0.0	0.0	0.0	0.0	0.0	0.0	0.0	0.0	0.0	0.0	0.0	0.0	0.0	0.0	0.0	0.0	0.0	0.0	0.0	0.0	0.0	0.0	0.0	0.0	0.0	0.0	0.0	0.0	0.0	0.0	0.0	0.0	0.0	0.0	0.0	0.0	0.0	0.0	0.0	0.0	0.0	0.0	0.0	0.0	0.0	0.0	0.0	
Chromosome	1341539	C	T	0.265	0.241	0.046	0.096	0.286	0.222	0.132	0.114	0.164	0.198	0.197	0.256	0.426	0.413	0.229	0.239	0.231	0.269	0.231	0.273	0.23	0.162	0.33	0.274	0.301	0.25	0.329	0.26	0.25	0.281	0.143	0.238	0.241	0.237	0.194	0.245	0.239	0.286	0.333	0.091	0.235	0.17	0.364	0.18	0.309	0.226	0.261	0.286	0.314	0.278	0.129	0.179	0.393	0.132	0.323	0.308	0.5	0.196	0.205	0.324	0.21	0.25	0.227	0.297	0.226	0.301	0.277	0.344	0.109	
Chromosome	1385245	A	C	0.089	0.179	0.161	0.137	0.083	0.153	0.126	0.137	0.108	0.184	0.178	0.179	0.172	0.167	0.203	0.158	0.089	0.115	0.1	0.134	0.105	0.096	0.155	0.121	0.189	0.165	0.103	0.121	0.082	0.158	0.167	0.164	0.091	0.126	0.105	0.006	0.14	0.172	0.144	0.012	0.157	0.0	0.124	0.121	0.125	0.124	0.099	0.154	0.137	0.14	0.131	0.114	0.135	0.198	0.075	0.186	0.132	0.158	0.0	0.117	0.139	0.103	0.197	0.17	0.174	0.1	0.09	0.115	0.007	
Chromosome	1395244	T	G	0.097	0.221	0.128	0.15	0.023	0.247	0.194	0.195	0.062	0.11	0.147	0.094	0.069	0.123	0.26	0.181	0.21	0.225	0.289	0.185	0.233	0.06	0.121	0.086	0.083	0.136	0.097	0.08	0.053	0.131	0.145	0.253	0.074	0.091	0.085	0.006	0.131	0.191	0.132	0.0	0.135	0.0	0.037	0.166	0.1	0.065	0.085	0.224	0.317	0.259	0.232	0.235	0.171	0.226	0.302	0.125	0.122	0.108	0.0	0.095	0.125	0.083	0.099	0.078	0.139	0.064	0.106	0.094	0.006	
Chromosome	1437641	T	C	0.0	0.559	0.253	0.0	0.0	0.0	0.0	0.0	0.0	0.0	0.0	0.0	0.0	0.0	0.0	0.0	0.0	0.007	0.0	0.0	0.004	0.0	0.0	0.0	0.0	0.0	0.0	0.0	0.0	0.0	0.0	0.0	0.003	0.0	0.0	0.0	0.0	0.0	0.0	0.0	0.0	0.0	0.0	0.0	0.0	0.0	0.0	0.0	0.0	0.0	0.0	0.0	0.0	0.0	0.0	0.0	0.0	0.0	0.0	0.0	0.0	0.0	0.0	0.0	0.0	0.0	0.0	0.0	0.0	
Chromosome	1574114	T	G	0.158	0.177	0.218	0.18	0.177	0.245	0.262	0.197	0.219	0.146	0.167	0.224	0.26	0.312	0.263	0.298	0.318	0.274	0.299	0.268	0.211	0.16	0.177	0.204	0.179	0.144	0.135	0.095	0.16	0.214	0.232	0.183	0.194	0.142	0.113	0.005	0.135	0.168	0.213	0.012	0.128	0.006	0.156	0.213	0.154	0.128	0.178	0.29	0.281	0.365	0.298	0.309	0.315	0.302	0.293	0.125	0.192	0.237	0.011	0.142	0.13	0.149	0.171	0.201	0.155	0.132	0.118	0.134	0.007	
Chromosome	1777808	T	G	0.136	0.17	0.172	0.188	0.099	0.308	0.231	0.302	0.225	0.197	0.152	0.117	0.255	0.298	0.209	0.274	0.294	0.347	0.333	0.294	0.256	0.269	0.151	0.161	0.188	0.14	0.151	0.125	0.154	0.254	0.219	0.216	0.156	0.201	0.117	0.0	0.273	0.225	0.242	0.0	0.231	0.0	0.195	0.275	0.143	0.2	0.164	0.257	0.379	0.277	0.347	0.309	0.355	0.407	0.326	0.425	0.321	0.291	0.014	0.162	0.16	0.126	0.166	0.14	0.204	0.128	0.145	0.141	0.0	
Chromosome	1777813	T	G	0.226	0.259	0.266	0.28	0.168	0.269	0.253	0.331	0.182	0.226	0.243	0.179	0.185	0.263	0.25	0.276	0.271	0.349	0.337	0.257	0.249	0.19	0.225	0.237	0.221	0.19	0.269	0.273	0.161	0.161	0.168	0.281	0.23	0.259	0.193	0.004	0.286	0.299	0.278	0.0	0.328	0.005	0.206	0.35	0.223	0.335	0.237	0.299	0.314	0.305	0.335	0.327	0.391	0.387	0.38	0.273	0.235	0.207	0.0	0.232	0.204	0.2	0.237	0.182	0.32	0.224	0.23	0.221	0.006	
Chromosome	1979870	T	G	0.143	0.258	0.212	0.302	0.072	0.285	0.246	0.26	0.197	0.121	0.169	0.157	0.207	0.135	0.276	0.297	0.294	0.187	0.25	0.197	0.299	0.167	0.102	0.126	0.168	0.2	0.139	0.142	0.088	0.19	0.188	0.18	0.173	0.143	0.118	0.005	0.249	0.198	0.159	0.0	0.201	0.0	0.121	0.218	0.143	0.177	0.15	0.285	0.248	0.372	0.386	0.282	0.264	0.338	0.255	0.167	0.24	0.283	0.0	0.127	0.144	0.093	0.131	0.142	0.188	0.125	0.134	0.141	0.011	
Chromosome	2195100	T	G	0.089	0.192	0.205	0.162	0.085	0.124	0.186	0.12	0.178	0.186	0.129	0.143	0.174	0.151	0.198	0.141	0.22	0.198	0.168	0.155	0.199	0.129	0.151	0.145	0.137	0.179	0.112	0.094	0.09	0.15	0.143	0.184	0.114	0.142	0.121	0.0	0.156	0.119	0.225	0.0	0.156	0.005	0.149	0.074	0.142	0.103	0.093	0.132	0.184	0.188	0.225	0.17	0.144	0.201	0.16	0.14	0.164	0.128	0.0	0.119	0.12	0.141	0.158	0.131	0.204	0.109	0.116	0.088	0.007	
Chromosome	2195144	T	G	0.142	0.226	0.268	0.225	0.092	0.217	0.177	0.189	0.099	0.162	0.072	0.084	0.129	0.1	0.244	0.254	0.201	0.19	0.203	0.194	0.234	0.093	0.124	0.058	0.129	0.163	0.164	0.174	0.063	0.107	0.083	0.205	0.161	0.17	0.181	0.0	0.202	0.254	0.218	0.006	0.251	0.006	0.068	0.187	0.164	0.145	0.177	0.233	0.247	0.229	0.25	0.221	0.208	0.22	0.191	0.147	0.07	0.083	0.0	0.171	0.199	0.159	0.15	0.156	0.186	0.196	0.16	0.124	0.0	
Chromosome	2567191	A	C	0.054	0.123	0.088	0.11	0.026	0.093	0.108	0.127	0.096	0.078	0.063	0.068	0.064	0.07	0.095	0.162	0.167	0.158	0.12	0.102	0.069	0.078	0.105	0.053	0.045	0.061	0.043	0.061	0.034	0.118	0.096	0.124	0.05	0.042	0.068	0.0	0.099	0.098	0.106	0.006	0.099	0.0	0.068	0.092	0.072	0.039	0.039	0.15	0.142	0.07	0.14	0.107	0.167	0.132	0.1	0.037	0.063	0.063	0.006	0.069	0.036	0.031	0.06	0.064	0.068	0.026	0.038	0.043	0.023	
Chromosome	2579189	A	C	0.173	0.271	0.222	0.31	0.134	0.268	0.276	0.242	0.322	0.219	0.219	0.213	0.261	0.246	0.282	0.237	0.297	0.183	0.206	0.319	0.253	0.25	0.187	0.23	0.232	0.224	0.248	0.226	0.202	0.275	0.243	0.239	0.21	0.225	0.223	0.006	0.273	0.263	0.274	0.0	0.395	0.0	0.226	0.303	0.277	0.259	0.226	0.283	0.34	0.287	0.219	0.263	0.281	0.333	0.308	0.238	0.256	0.256	0.0	0.225	0.219	0.226	0.154	0.254	0.234	0.26	0.238	0.244	0.013	
Chromosome	2615621	CTTGT	C	0.003	0.242	0.0	0.0	0.008	0.0	0.009	0.0	0.004	0.005	0.0	0.008	0.0	0.0	0.0	0.0	0.0	0.008	0.0	0.0	0.0	0.005	0.004	0.0	0.0	0.0	0.0	0.003	0.0	0.0	0.0	0.0	0.0	0.008	0.006	0.005	0.0	0.006	0.0	0.0	0.0	0.0	0.006	0.0	0.0	0.0	0.0	0.0	0.0	0.0	0.0	0.007	0.0	0.0	0.0	0.0	0.0	0.0	0.0	0.004	0.0	0.003	0.0	0.0	0.0	0.003	0.0	0.0	0.0	
Chromosome	2697692	GTGGTAGGCCCAGCA	G	0.005	0.135	0.101	0.118	0.007	0.015	0.0	0.0	0.011	0.004	0.004	0.004	0.005	0.0	0.018	0.0	0.0	0.0	0.006	0.0	0.006	0.0	0.0	0.004	0.009	0.013	0.0	0.0	0.01	0.016	0.004	0.0	0.003	0.005	0.0	0.0	0.005	0.009	0.0	0.0	0.012	0.0	0.007	0.0	0.014	0.003	0.004	0.011	0.0	0.0	0.0	0.006	0.0	0.0	0.016	0.0	0.0	0.011	0.0	0.0	0.002	0.002	0.0	0.0	0.004	0.0	0.002	0.0	0.0	
Chromosome	2794622	A	C	0.105	0.172	0.177	0.178	0.072	0.139	0.187	0.188	0.168	0.088	0.08	0.105	0.192	0.193	0.205	0.198	0.168	0.164	0.145	0.173	0.197	0.249	0.132	0.128	0.111	0.126	0.089	0.105	0.088	0.131	0.144	0.177	0.102	0.077	0.077	0.006	0.188	0.135	0.164	0.0	0.156	0.012	0.123	0.155	0.057	0.105	0.106	0.162	0.188	0.185	0.234	0.217	0.209	0.219	0.172	0.319	0.214	0.16	0.0	0.08	0.072	0.092	0.126	0.114	0.117	0.072	0.086	0.084	0.014	
Chromosome	2986129	C	A	0.0	0.16	0.261	0.0	0.0	0.007	0.0	0.007	0.0	0.0	0.0	0.0	0.0	0.0	0.01	0.0	0.007	0.0	0.006	0.007	0.005	0.0	0.003	0.0	0.0	0.0	0.0	0.0	0.0	0.0	0.0	0.0	0.0	0.0	0.003	0.0	0.0	0.0	0.0	0.0	0.0	0.0	0.0	0.0	0.0	0.0	0.0	0.0	0.0	0.008	0.0	0.007	0.0	0.0	0.0	0.0	0.0	0.0	0.0	0.0	0.0	0.0	0.0	0.0	0.0	0.0	0.0	0.0	0.0	
Chromosome	3030967	A	C	0.347	0.396	0.345	0.489	0.255	0.5	0.368	0.451	0.587	0.437	0.421	0.388	0.566	0.676	0.512	0.409	0.514	0.563	0.43	0.37	0.488	0.567	0.506	0.368	0.451	0.35	0.307	0.314	0.456	0.586	0.61	0.54	0.34	0.377	0.383	0.0	0.375	0.446	0.483	0.007	0.438	0.0	0.456	0.394	0.337	0.331	0.378	0.623	0.525	0.565	0.522	0.614	0.5	0.455	0.6	0.634	0.724	0.594	0.0	0.359	0.361	0.402	0.407	0.389	0.368	0.286	0.403	0.299	0.0	
Chromosome	3083682	C	T	0.003	0.215	0.004	0.0	0.0	0.0	0.0	0.0	0.0	0.0	0.0	0.0	0.0	0.0	0.0	0.0	0.0	0.0	0.0	0.0	0.0	0.0	0.0	0.0	0.0	0.0	0.0	0.0	0.0	0.0	0.0	0.0	0.0	0.0	0.0	0.0	0.0	0.0	0.0	0.0	0.0	0.0	0.0	0.0	0.0	0.0	0.0	0.0	0.007	0.0	0.0	0.0	0.0	0.0	0.0	0.0	0.0	0.0	0.0	0.0	0.0	0.0	0.0	0.0	0.0	0.0	0.0	0.0	0.009	
Chromosome	3123426	T	G	0.146	0.228	0.21	0.237	0.126	0.244	0.243	0.258	0.263	0.243	0.218	0.161	0.27	0.245	0.343	0.197	0.273	0.209	0.254	0.204	0.286	0.241	0.283	0.173	0.237	0.205	0.135	0.095	0.131	0.256	0.257	0.206	0.154	0.163	0.142	0.006	0.287	0.24	0.205	0.0	0.195	0.007	0.176	0.237	0.155	0.113	0.163	0.248	0.169	0.377	0.25	0.245	0.33	0.227	0.246	0.348	0.246	0.188	0.0	0.189	0.178	0.115	0.226	0.19	0.214	0.123	0.119	0.135	0.0	
Chromosome	3388298	GA	G	0.007	0.211	0.004	0.01	0.011	0.0	0.008	0.008	0.012	0.0	0.008	0.011	0.005	0.008	0.01	0.012	0.0	0.007	0.0	0.0	0.004	0.01	0.0	0.014	0.0	0.016	0.007	0.006	0.004	0.005	0.008	0.0	0.006	0.005	0.003	0.007	0.0	0.0	0.0	0.006	0.0	0.011	0.0	0.005	0.0	0.003	0.009	0.009	0.0	0.008	0.0	0.007	0.0	0.006	0.0	0.028	0.0	0.004	0.019	0.004	0.002	0.003	0.008	0.005	0.008	0.006	0.007	0.0	0.008	
Chromosome	3392012	T	C	0.0	0.163	0.172	0.226	0.0	0.0	0.0	0.0	0.0	0.0	0.0	0.0	0.0	0.0	0.0	0.0	0.0	0.0	0.0	0.0	0.0	0.0	0.0	0.0	0.0	0.0	0.0	0.0	0.0	0.0	0.0	0.0	0.0	0.0	0.0	0.006	0.0	0.0	0.0	0.0	0.0	0.005	0.0	0.0	0.0	0.0	0.0	0.0	0.0	0.0	0.0	0.0	0.0	0.0	0.0	0.0	0.0	0.009	0.0	0.0	0.0	0.0	0.0	0.0	0.0	0.0	0.0	0.0	0.007	
Chromosome	3404770	G	C	0.0	0.038	0.0	0.051	0.0	0.0	0.0	0.0	0.0	0.0	0.0	0.0	0.0	0.0	0.0	0.0	0.0	0.0	0.0	0.0	0.0	0.0	0.0	0.0	0.0	0.0	0.0	0.003	0.0	0.0	0.0	0.0	0.003	0.0	0.0	0.0	0.1	0.0	0.0	0.0	0.0	0.0	0.0	0.0	0.0	0.0	0.0	0.0	0.0	0.0	0.0	0.0	0.008	0.007	0.0	0.0	0.0	0.0	0.0	0.0	0.0	0.0	0.0	0.0	0.0	0.0	0.0	0.0	0.019	
Chromosome	3404774	A	C	0.0	0.043	0.006	0.039	0.0	0.007	0.0	0.0	0.0	0.0	0.0	0.003	0.0	0.012	0.009	0.005	0.0	0.0	0.0	0.006	0.004	0.0	0.0	0.015	0.0	0.003	0.0	0.0	0.0	0.011	0.004	0.004	0.003	0.005	0.0	0.0	0.09	0.011	0.005	0.0	0.0	0.0	0.004	0.0	0.0	0.006	0.005	0.0	0.006	0.007	0.0	0.015	0.0	0.0	0.0	0.0	0.0	0.004	0.0	0.0	0.003	0.004	0.0	0.0	0.01	0.0	0.002	0.002	0.019	
Chromosome	3404776	C	T	0.0	0.032	0.0	0.034	0.0	0.0	0.0	0.0	0.0	0.0	0.0	0.0	0.0	0.0	0.0	0.0	0.0	0.0	0.0	0.0	0.0	0.0	0.0	0.0	0.0	0.0	0.0	0.0	0.0	0.0	0.0	0.0	0.0	0.0	0.0	0.0	0.084	0.0	0.0	0.0	0.0	0.0	0.0	0.0	0.0	0.0	0.0	0.0	0.0	0.0	0.0	0.0	0.0	0.0	0.0	0.0	0.0	0.0	0.006	0.004	0.0	0.0	0.0	0.0	0.0	0.0	0.0	0.002	0.019	
Chromosome	3404780	C	T	0.0	0.016	0.0	0.028	0.0	0.0	0.0	0.0	0.0	0.0	0.0	0.0	0.0	0.0	0.0	0.0	0.0	0.0	0.0	0.0	0.0	0.0	0.0	0.0	0.0	0.0	0.0	0.0	0.0	0.0	0.0	0.0	0.0	0.0	0.0	0.0	0.072	0.0	0.0	0.0	0.0	0.0	0.0	0.0	0.0	0.0	0.0	0.0	0.0	0.0	0.0	0.0	0.008	0.0	0.0	0.0	0.0	0.0	0.0	0.0	0.0	0.0	0.0	0.0	0.0	0.0	0.0	0.0	0.013	
Chromosome	3404782	G	A	0.0	0.016	0.011	0.027	0.0	0.0	0.0	0.0	0.0	0.0	0.0	0.0	0.0	0.0	0.0	0.0	0.0	0.0	0.0	0.0	0.0	0.0	0.0	0.0	0.0	0.0	0.0	0.0	0.0	0.0	0.0	0.0	0.0	0.0	0.0	0.0	0.06	0.0	0.0	0.0	0.0	0.0	0.0	0.0	0.0	0.0	0.0	0.0	0.0	0.0	0.0	0.0	0.0	0.0	0.0	0.0	0.0	0.0	0.0	0.0	0.0	0.0	0.0	0.0	0.0	0.003	0.0	0.0	0.013	
Chromosome	3404784	A	ATTAG	0.0	0.005	0.0	0.011	0.0	0.0	0.0	0.0	0.0	0.0	0.0	0.0	0.0	0.0	0.0	0.0	0.0	0.0	0.0	0.0	0.0	0.0	0.0	0.0	0.0	0.0	0.0	0.0	0.0	0.0	0.0	0.0	0.0	0.0	0.0	0.0	0.018	0.0	0.0	0.0	0.0	0.0	0.0	0.0	0.0	0.0	0.0	0.0	0.0	0.0	0.0	0.0	0.0	0.0	0.0	0.0	0.0	0.0	0.0	0.0	0.0	0.0	0.0	0.0	0.0	0.0	0.0	0.0	0.006	
Chromosome	3580019	G	GC	0.915	0.199	0.016	0.006	0.92	0.702	0.925	0.856	0.921	0.921	0.94	0.892	0.759	0.877	0.89	0.905	0.899	0.866	0.9	0.746	0.62	0.928	0.931	0.949	0.942	0.888	0.901	0.9	0.918	0.899	0.93	0.893	0.762	0.911	0.893	0.027	0.006	0.013	0.136	0.006	0.0	0.17	0.0	0.007	0.934	0.914	0.925	0.871	0.866	0.881	0.88	0.883	0.927	0.931	0.904	0.914	0.945	0.903	0.0	0.903	0.878	0.896	0.912	0.942	0.909	0.901	0.728	0.886	0.096	
Chromosome	3672720	ACGC	A	0.007	0.24	0.182	0.0	0.0	0.0	0.015	0.008	0.0	0.006	0.0	0.0	0.0	0.0	0.0	0.0	0.007	0.0	0.014	0.007	0.0	0.0	0.004	0.008	0.0	0.0	0.007	0.003	0.023	0.0	0.0	0.0	0.009	0.002	0.003	0.01	0.005	0.006	0.005	0.011	0.0	0.006	0.006	0.006	0.0	0.0	0.01	0.0	0.007	0.008	0.007	0.0	0.028	0.0	0.008	0.0	0.005	0.0	0.013	0.004	0.008	0.006	0.0	0.006	0.004	0.003	0.007	0.006	0.007	
Chromosome	3690294	T	G	0.128	0.191	0.177	0.195	0.057	0.211	0.194	0.214	0.207	0.057	0.135	0.101	0.129	0.154	0.216	0.245	0.205	0.2	0.182	0.197	0.196	0.18	0.119	0.158	0.123	0.112	0.116	0.139	0.083	0.113	0.156	0.195	0.105	0.16	0.099	0.0	0.147	0.17	0.189	0.0	0.107	0.0	0.073	0.156	0.11	0.109	0.117	0.256	0.206	0.211	0.261	0.198	0.21	0.304	0.232	0.111	0.141	0.106	0.0	0.126	0.088	0.072	0.127	0.095	0.174	0.115	0.114	0.096	0.0	
Chromosome	3847886	T	A	0.206	0.279	0.2	0.241	0.167	0.214	0.246	0.165	0.36	0.186	0.171	0.147	0.297	0.26	0.225	0.3	0.203	0.205	0.235	0.234	0.259	0.333	0.253	0.227	0.134	0.206	0.159	0.258	0.204	0.267	0.251	0.258	0.24	0.2	0.207	0.0	0.243	0.263	0.259	0.0	0.274	0.0	0.238	0.245	0.229	0.269	0.219	0.236	0.183	0.256	0.22	0.195	0.187	0.223	0.237	0.408	0.286	0.291	0.0	0.274	0.253	0.219	0.169	0.238	0.27	0.242	0.245	0.224	0.0	
Chromosome	3862940	A	C	0.051	0.142	0.053	0.131	0.065	0.212	0.213	0.23	0.109	0.045	0.109	0.068	0.082	0.104	0.129	0.195	0.154	0.248	0.154	0.2	0.108	0.096	0.055	0.074	0.091	0.098	0.056	0.065	0.042	0.104	0.087	0.134	0.06	0.056	0.067	0.0	0.094	0.054	0.076	0.0	0.135	0.0	0.054	0.092	0.095	0.051	0.065	0.12	0.202	0.156	0.122	0.185	0.153	0.151	0.255	0.156	0.036	0.064	0.0	0.057	0.043	0.046	0.069	0.045	0.097	0.048	0.047	0.034	0.0	
Chromosome	3994405	A	C	0.0	0.192	0.204	0.0	0.0	0.0	0.0	0.0	0.0	0.0	0.004	0.0	0.0	0.0	0.0	0.0	0.0	0.0	0.0	0.006	0.0	0.0	0.0	0.004	0.0	0.0	0.0	0.0	0.0	0.0	0.0	0.0	0.0	0.0	0.0	0.0	0.0	0.0	0.0	0.006	0.0	0.0	0.0	0.0	0.0	0.0	0.0	0.0	0.0	0.0	0.0	0.007	0.0	0.0	0.007	0.0	0.0	0.0	0.0	0.0	0.0	0.0	0.0	0.0	0.0	0.0	0.0	0.0	0.007	
Chromosome	4214321	G	T	0.529	0.49	0.508	0.522	0.434	0.504	0.535	0.506	0.488	0.467	0.508	0.486	0.461	0.44	0.5	0.562	0.546	0.516	0.506	0.475	0.489	0.518	0.512	0.491	0.538	0.498	0.505	0.515	0.537	0.542	0.471	0.535	0.499	0.522	0.532	0.48	0.489	0.498	0.535	0.55	0.536	0.497	0.522	0.512	0.509	0.501	0.518	0.532	0.496	0.437	0.482	0.494	0.488	0.547	0.609	0.667	0.516	0.494	0.327	0.527	0.502	0.5	0.52	0.555	0.518	0.497	0.481	0.394	0.498	
Chromosome	4214326	C	A	0.527	0.501	0.496	0.524	0.448	0.506	0.551	0.508	0.494	0.477	0.511	0.498	0.472	0.443	0.506	0.555	0.525	0.537	0.51	0.476	0.49	0.5	0.517	0.491	0.534	0.5	0.506	0.524	0.531	0.543	0.486	0.537	0.498	0.516	0.526	0.482	0.477	0.503	0.535	0.554	0.536	0.501	0.527	0.52	0.513	0.503	0.516	0.544	0.495	0.458	0.492	0.5	0.477	0.562	0.611	0.663	0.526	0.493	0.332	0.53	0.503	0.497	0.512	0.551	0.514	0.503	0.483	0.401	0.495	
Chromosome	4214347	A	C	0.51	0.494	0.484	0.535	0.466	0.518	0.532	0.519	0.506	0.484	0.495	0.491	0.475	0.473	0.508	0.556	0.527	0.529	0.528	0.512	0.494	0.5	0.506	0.496	0.54	0.508	0.494	0.504	0.538	0.542	0.482	0.535	0.503	0.512	0.533	0.468	0.473	0.529	0.541	0.544	0.526	0.512	0.532	0.532	0.514	0.48	0.518	0.546	0.514	0.481	0.492	0.522	0.485	0.571	0.582	0.647	0.551	0.508	0.343	0.538	0.495	0.504	0.507	0.542	0.519	0.492	0.466	0.412	0.475	
Chromosome	4214560	C	A	0.452	0.477	0.478	0.474	0.533	0.441	0.444	0.525	0.503	0.465	0.518	0.466	0.465	0.544	0.5	0.53	0.506	0.48	0.485	0.401	0.533	0.478	0.449	0.475	0.494	0.517	0.494	0.476	0.515	0.485	0.48	0.481	0.502	0.45	0.481	0.463	0.458	0.491	0.505	0.538	0.511	0.524	0.498	0.496	0.478	0.497	0.486	0.431	0.453	0.479	0.42	0.509	0.468	0.49	0.472	0.509	0.462	0.494	0.408	0.494	0.506	0.43	0.49	0.489	0.515	0.442	0.432	0.326	0.498	
Chromosome	4214572	C	A	0.459	0.471	0.486	0.465	0.519	0.416	0.429	0.502	0.494	0.464	0.508	0.467	0.451	0.538	0.486	0.514	0.496	0.482	0.498	0.408	0.527	0.469	0.444	0.472	0.473	0.501	0.481	0.454	0.519	0.485	0.465	0.478	0.489	0.451	0.479	0.47	0.462	0.489	0.509	0.53	0.513	0.548	0.488	0.5	0.477	0.504	0.485	0.459	0.452	0.473	0.412	0.48	0.455	0.479	0.473	0.522	0.462	0.486	0.406	0.493	0.489	0.426	0.493	0.501	0.512	0.44	0.42	0.324	0.495	
Chromosome	4214624	G	T	0.448	0.45	0.447	0.459	0.487	0.407	0.436	0.455	0.444	0.435	0.469	0.439	0.447	0.524	0.416	0.5	0.464	0.442	0.441	0.378	0.51	0.412	0.391	0.45	0.471	0.45	0.439	0.427	0.477	0.418	0.416	0.428	0.461	0.421	0.448	0.407	0.434	0.451	0.476	0.503	0.453	0.507	0.467	0.444	0.435	0.464	0.448	0.438	0.421	0.397	0.385	0.465	0.392	0.463	0.462	0.491	0.472	0.401	0.378	0.451	0.436	0.409	0.476	0.485	0.462	0.409	0.377	0.333	0.511	
Chromosome	4214739	G	GT	0.34	0.364	0.304	0.32	0.395	0.304	0.332	0.352	0.324	0.338	0.351	0.336	0.368	0.472	0.392	0.342	0.38	0.312	0.339	0.353	0.34	0.358	0.313	0.303	0.316	0.331	0.332	0.321	0.353	0.327	0.388	0.339	0.358	0.305	0.333	0.327	0.332	0.362	0.287	0.317	0.332	0.357	0.306	0.309	0.32	0.334	0.355	0.331	0.371	0.301	0.321	0.371	0.324	0.352	0.367	0.535	0.391	0.331	0.26	0.338	0.314	0.329	0.36	0.327	0.316	0.303	0.304	0.266	0.329	
Chromosome	4266103	A	C	0.119	0.183	0.159	0.116	0.088	0.114	0.208	0.099	0.086	0.111	0.107	0.118	0.116	0.033	0.113	0.14	0.172	0.127	0.126	0.121	0.118	0.082	0.117	0.165	0.15	0.083	0.103	0.149	0.088	0.103	0.104	0.156	0.13	0.125	0.09	0.0	0.108	0.149	0.184	0.0	0.156	0.0	0.081	0.17	0.125	0.084	0.084	0.15	0.095	0.105	0.167	0.174	0.189	0.132	0.113	0.106	0.107	0.081	0.0	0.108	0.091	0.114	0.133	0.133	0.107	0.094	0.097	0.085	0.006	
Chromosome	4639740	A	C	0.103	0.254	0.246	0.234	0.077	0.239	0.208	0.314	0.24	0.164	0.141	0.153	0.286	0.268	0.217	0.248	0.173	0.263	0.284	0.177	0.169	0.267	0.132	0.132	0.111	0.145	0.113	0.12	0.108	0.23	0.218	0.254	0.157	0.125	0.111	0.014	0.189	0.18	0.19	0.005	0.218	0.0	0.219	0.233	0.132	0.125	0.115	0.232	0.265	0.212	0.268	0.262	0.243	0.363	0.214	0.16	0.251	0.202	0.005	0.134	0.124	0.127	0.169	0.175	0.171	0.149	0.122	0.122	0.006	
Chromosome	4644244	C	T	0.0	0.246	0.193	0.0	0.015	0.0	0.0	0.007	0.0	0.0	0.0	0.0	0.0	0.0	0.0	0.0	0.0	0.0	0.0	0.0	0.0	0.0	0.0	0.0	0.0	0.0	0.0	0.0	0.005	0.005	0.0	0.0	0.0	0.0	0.0	0.0	0.0	0.006	0.0	0.0	0.0	0.0	0.0	0.005	0.0	0.0	0.0	0.0	0.0	0.0	0.0	0.0	0.0	0.0	0.0	0.0	0.0	0.0	0.0	0.0	0.003	0.0	0.0	0.0	0.003	0.007	0.0	0.0	0.0	
Chromosome	4782670	A	C	0.04	0.146	0.085	0.091	0.058	0.069	0.087	0.095	0.06	0.065	0.048	0.044	0.063	0.094	0.087	0.083	0.082	0.076	0.144	0.096	0.103	0.043	0.064	0.057	0.032	0.048	0.08	0.067	0.04	0.07	0.083	0.075	0.069	0.054	0.056	0.0	0.089	0.07	0.064	0.0	0.045	0.005	0.057	0.061	0.037	0.095	0.049	0.027	0.071	0.087	0.069	0.057	0.062	0.105	0.075	0.062	0.105	0.066	0.0	0.034	0.046	0.027	0.073	0.065	0.064	0.043	0.023	0.033	0.0	
Chromosome	4948868	T	G	0.188	0.254	0.245	0.267	0.117	0.217	0.29	0.282	0.193	0.157	0.175	0.134	0.16	0.123	0.244	0.353	0.357	0.28	0.333	0.274	0.236	0.203	0.187	0.165	0.176	0.198	0.181	0.21	0.129	0.194	0.16	0.263	0.154	0.203	0.19	0.0	0.259	0.212	0.23	0.006	0.221	0.0	0.109	0.271	0.223	0.159	0.172	0.242	0.248	0.311	0.252	0.239	0.192	0.26	0.333	0.231	0.221	0.169	0.0	0.211	0.226	0.247	0.12	0.186	0.174	0.221	0.226	0.217	0.0	
Chromosome	4987057	T	G	0.165	0.256	0.282	0.191	0.098	0.217	0.228	0.198	0.064	0.1	0.103	0.063	0.047	0.057	0.247	0.228	0.183	0.182	0.224	0.222	0.272	0.071	0.087	0.108	0.083	0.121	0.15	0.162	0.086	0.05	0.045	0.253	0.169	0.207	0.158	0.0	0.216	0.243	0.228	0.0	0.19	0.005	0.091	0.188	0.186	0.164	0.155	0.202	0.196	0.233	0.184	0.189	0.218	0.197	0.214	0.077	0.121	0.037	0.0	0.151	0.177	0.185	0.111	0.093	0.196	0.185	0.152	0.198	0.0	
Chromosome	5007127	G	GC	0.0	0.261	0.296	0.0	0.0	0.0	0.0	0.0	0.0	0.0	0.0	0.0	0.0	0.0	0.0	0.0	0.0	0.0	0.0	0.0	0.0	0.0	0.0	0.0	0.0	0.0	0.0	0.0	0.0	0.0	0.0	0.0	0.0	0.0	0.0	0.0	0.0	0.0	0.0	0.0	0.0	0.0	0.0	0.0	0.0	0.0	0.0	0.0	0.0	0.0	0.0	0.0	0.0	0.0	0.0	0.0	0.0	0.0	0.006	0.0	0.0	0.0	0.0	0.0	0.0	0.0	0.0	0.0	0.0	
Chromosome	5053586	T	G	0.003	0.105	0.01	0.0	0.02	0.008	0.008	0.06	0.02	0.0	0.005	0.005	0.006	0.0	0.0	0.0	0.007	0.016	0.0	0.0	0.014	0.004	0.004	0.005	0.0	0.009	0.003	0.025	0.004	0.0	0.0	0.005	0.0	0.012	0.003	0.006	0.016	0.011	0.015	0.0	0.061	0.0	0.018	0.045	0.0	0.0	0.004	0.0	0.007	0.007	0.014	0.007	0.136	0.006	0.084	0.022	0.0	0.0	0.006	0.0	0.003	0.0	0.0	0.0	0.008	0.01	0.007	0.0	0.016	
Chromosome	5283069	TCGCGCGCGATCGG	T	0.006	0.254	0.011	0.005	0.0	0.005	0.0	0.0	0.014	0.009	0.005	0.004	0.004	0.006	0.0	0.008	0.0	0.006	0.0	0.005	0.004	0.004	0.0	0.009	0.004	0.012	0.009	0.006	0.01	0.005	0.01	0.005	0.003	0.008	0.008	0.009	0.013	0.007	0.0	0.0	0.01	0.0	0.011	0.014	0.013	0.006	0.008	0.007	0.0	0.013	0.016	0.011	0.006	0.011	0.007	0.0	0.005	0.004	0.01	0.005	0.005	0.004	0.013	0.005	0.004	0.005	0.006	0.0	0.006	
Chromosome	5365779	GT	G	0.009	0.234	0.223	0.006	0.023	0.0	0.0	0.014	0.008	0.029	0.004	0.004	0.03	0.024	0.009	0.0	0.013	0.0	0.007	0.007	0.017	0.01	0.004	0.005	0.015	0.014	0.007	0.007	0.022	0.016	0.009	0.026	0.009	0.009	0.003	0.0	0.0	0.011	0.0	0.006	0.005	0.0	0.0	0.0	0.011	0.003	0.007	0.0	0.0	0.0	0.008	0.0	0.0	0.006	0.0	0.0	0.045	0.012	0.011	0.007	0.008	0.007	0.02	0.016	0.012	0.011	0.005	0.009	0.006	
Chromosome	5461789	T	G	0.108	0.349	0.333	0.346	0.107	0.359	0.451	0.46	0.412	0.225	0.197	0.174	0.5	0.404	0.315	0.39	0.494	0.459	0.457	0.602	0.455	0.442	0.239	0.237	0.217	0.231	0.174	0.22	0.145	0.316	0.327	0.353	0.17	0.168	0.167	0.0	0.33	0.357	0.409	0.008	0.326	0.006	0.263	0.33	0.181	0.164	0.215	0.327	0.487	0.46	0.532	0.438	0.352	0.44	0.413	0.6	0.472	0.342	0.011	0.163	0.144	0.082	0.179	0.278	0.232	0.118	0.137	0.175	0.01	
Chromosome	5461843	T	G	0.137	0.226	0.156	0.148	0.076	0.111	0.227	0.148	0.031	0.049	0.075	0.092	0.054	0.049	0.25	0.237	0.137	0.235	0.178	0.165	0.195	0.036	0.114	0.115	0.064	0.106	0.127	0.157	0.046	0.057	0.037	0.202	0.159	0.147	0.114	0.024	0.144	0.169	0.179	0.0	0.218	0.018	0.028	0.163	0.162	0.143	0.117	0.154	0.206	0.137	0.129	0.184	0.114	0.105	0.171	0.0	0.033	0.108	0.019	0.148	0.135	0.137	0.072	0.071	0.149	0.155	0.155	0.133	0.011	
Chromosome	5699160	T	G	0.0	0.154	0.031	0.04	0.0	0.006	0.0	0.0	0.007	0.0	0.0	0.004	0.0	0.0	0.021	0.006	0.005	0.0	0.0	0.0	0.0	0.0	0.0	0.0	0.0	0.0	0.0	0.009	0.004	0.004	0.0	0.009	0.0	0.012	0.0	0.0	0.063	0.044	0.082	0.006	0.0	0.0	0.0	0.022	0.003	0.0	0.0	0.0	0.0	0.007	0.0	0.005	0.0	0.0	0.0	0.019	0.0	0.0	0.0	0.005	0.0	0.003	0.0	0.0	0.003	0.0	0.002	0.0	0.021	
Chromosome	5877342	G	A	0.0	0.295	0.0	0.0	0.0	0.0	0.0	0.0	0.0	0.0	0.0	0.0	0.0	0.0	0.0	0.0	0.0	0.0	0.0	0.0	0.0	0.0	0.0	0.0	0.0	0.0	0.0	0.0	0.0	0.0	0.0	0.0	0.0	0.0	0.0	0.0	0.0	0.0	0.0	0.0	0.0	0.005	0.0	0.0	0.0	0.0	0.0	0.0	0.0	0.0	0.0	0.0	0.0	0.0	0.0	0.0	0.0	0.0	0.0	0.0	0.0	0.0	0.0	0.0	0.0	0.0	0.0	0.0	0.0	
Chromosome	6075172	A	C	0.13	0.239	0.237	0.211	0.133	0.18	0.25	0.229	0.3	0.198	0.181	0.189	0.258	0.344	0.211	0.317	0.211	0.241	0.17	0.197	0.258	0.253	0.241	0.213	0.235	0.195	0.18	0.16	0.2	0.299	0.322	0.286	0.152	0.187	0.184	0.006	0.285	0.252	0.289	0.0	0.254	0.007	0.296	0.24	0.184	0.16	0.143	0.314	0.188	0.24	0.219	0.222	0.26	0.152	0.232	0.341	0.333	0.328	0.006	0.155	0.168	0.176	0.206	0.226	0.167	0.176	0.148	0.163	0.0	
Chromosome	6105285	A	G	0.0	0.243	0.231	0.0	0.0	0.0	0.0	0.0	0.0	0.0	0.0	0.0	0.0	0.0	0.0	0.0	0.006	0.0	0.0	0.0	0.0	0.0	0.0	0.0	0.004	0.0	0.0	0.0	0.0	0.0	0.0	0.0	0.003	0.0	0.0	0.0	0.0	0.005	0.0	0.005	0.0	0.006	0.0	0.0	0.0	0.0	0.0	0.0	0.0	0.0	0.006	0.0	0.0	0.0	0.009	0.0	0.0	0.0	0.0	0.0	0.0	0.0	0.0	0.0	0.0	0.0	0.0	0.0	0.006	
Chromosome	6111316	A	C	0.067	0.193	0.109	0.148	0.063	0.194	0.248	0.182	0.15	0.117	0.094	0.085	0.112	0.106	0.184	0.175	0.222	0.243	0.177	0.208	0.122	0.081	0.075	0.095	0.1	0.097	0.051	0.062	0.045	0.098	0.143	0.14	0.07	0.076	0.077	0.0	0.127	0.132	0.102	0.0	0.126	0.0	0.06	0.109	0.089	0.082	0.095	0.216	0.133	0.205	0.22	0.178	0.214	0.145	0.24	0.146	0.14	0.09	0.0	0.117	0.064	0.062	0.101	0.1	0.11	0.057	0.074	0.094	0.0	
Chromosome	6135889	T	G	0.068	0.14	0.163	0.132	0.045	0.228	0.201	0.267	0.148	0.118	0.12	0.104	0.127	0.141	0.179	0.236	0.245	0.292	0.219	0.175	0.139	0.158	0.108	0.13	0.168	0.131	0.068	0.057	0.079	0.151	0.15	0.174	0.062	0.082	0.079	0.0	0.162	0.145	0.147	0.016	0.134	0.0	0.105	0.157	0.098	0.069	0.092	0.274	0.24	0.203	0.239	0.27	0.183	0.2	0.227	0.194	0.173	0.166	0.006	0.066	0.11	0.081	0.136	0.144	0.178	0.095	0.071	0.067	0.007	
Chromosome	6135898	A	C	0.048	0.132	0.151	0.101	0.038	0.276	0.254	0.287	0.133	0.114	0.079	0.117	0.14	0.126	0.133	0.25	0.295	0.341	0.252	0.239	0.123	0.168	0.084	0.066	0.092	0.075	0.048	0.046	0.042	0.154	0.12	0.109	0.054	0.073	0.048	0.0	0.145	0.132	0.119	0.0	0.119	0.0	0.044	0.122	0.078	0.059	0.039	0.24	0.247	0.262	0.245	0.261	0.254	0.178	0.265	0.162	0.138	0.148	0.006	0.047	0.044	0.054	0.101	0.084	0.135	0.045	0.065	0.061	0.0	
Chromosome	6274567	A	G	0.0	0.249	0.0	0.283	0.004	0.0	0.0	0.0	0.0	0.0	0.0	0.0	0.0	0.0	0.0	0.0	0.0	0.0	0.0	0.006	0.0	0.0	0.0	0.0	0.0	0.0	0.0	0.0	0.0	0.0	0.0	0.0	0.0	0.0	0.0	0.0	0.627	0.0	0.0	0.0	0.004	0.0	0.0	0.0	0.0	0.0	0.0	0.0	0.0	0.0	0.0	0.0	0.0	0.0	0.0	0.0	0.0	0.0	0.0	0.0	0.002	0.0	0.0	0.0	0.0	0.0	0.0	0.0	0.047	
Chromosome	6324306	T	C	0.0	0.252	0.186	0.005	0.0	0.0	0.0	0.0	0.0	0.0	0.0	0.0	0.0	0.0	0.0	0.0	0.006	0.0	0.0	0.0	0.0	0.0	0.0	0.0	0.0	0.0	0.0	0.0	0.0	0.0	0.0	0.0	0.0	0.0	0.0	0.006	0.0	0.006	0.0	0.0	0.0	0.0	0.0	0.0	0.0	0.0	0.0	0.0	0.0	0.0	0.0	0.0	0.0	0.0	0.0	0.0	0.0	0.0	0.005	0.0	0.0	0.0	0.0	0.0	0.0	0.0	0.0	0.0	0.0	
Chromosome	6383609	T	TGCGGCCGCGGCGGCCGCCCAGACCAGCGATCCG	0.0	0.029	0.0	0.0	0.0	0.0	0.0	0.0	0.0	0.0	0.0	0.0	0.0	0.0	0.0	0.0	0.0	0.0	0.0	0.0	0.003	0.0	0.0	0.0	0.0	0.0	0.0	0.0	0.0	0.0	0.0	0.0	0.0	0.0	0.0	0.0	0.0	0.0	0.0	0.0	0.0	0.0	0.0	0.0	0.0	0.0	0.0	0.0	0.0	0.0	0.0	0.0	0.0	0.0	0.0	0.0	0.0	0.0	0.0	0.0	0.0	0.0	0.0	0.0	0.0	0.0	0.0	0.0	0.0	
Chromosome	6409919	A	C	0.053	0.146	0.064	0.099	0.047	0.099	0.095	0.095	0.104	0.108	0.093	0.105	0.085	0.09	0.09	0.066	0.053	0.075	0.076	0.073	0.064	0.099	0.126	0.103	0.061	0.075	0.022	0.069	0.07	0.079	0.089	0.035	0.057	0.07	0.074	0.005	0.091	0.129	0.117	0.006	0.082	0.0	0.072	0.09	0.079	0.079	0.075	0.064	0.094	0.097	0.101	0.103	0.093	0.101	0.146	0.0	0.055	0.043	0.005	0.046	0.057	0.057	0.104	0.094	0.049	0.034	0.065	0.062	0.0	
Chromosome	6414166	T	G	0.0	0.037	0.0	0.038	0.0	0.0	0.0	0.0	0.0	0.004	0.0	0.004	0.0	0.0	0.0	0.0	0.013	0.0	0.0	0.006	0.0	0.0	0.0	0.0	0.0	0.0	0.0	0.0	0.0	0.0	0.0	0.0	0.0	0.0	0.0	0.0	0.0	0.0	0.0	0.0	0.0	0.012	0.0	0.0	0.0	0.0	0.0	0.0	0.0	0.007	0.0	0.0	0.0	0.0	0.0	0.0	0.004	0.006	0.0	0.0	0.002	0.0	0.0	0.0	0.0	0.0	0.0	0.003	0.0	
Chromosome	6414168	C	CTCTTCGCACTTGACGGTGTA	0.0	0.0	0.0	0.0	0.0	0.0	0.0	0.0	0.0	0.0	0.0	0.0	0.0	0.0	0.0	0.0	0.0	0.0	0.0	0.0	0.0	0.0	0.0	0.0	0.0	0.0	0.0	0.0	0.0	0.0	0.0	0.0	0.0	0.0	0.0	0.0	0.0	0.0	0.0	0.0	0.0	0.0	0.0	0.0	0.0	0.0	0.0	0.0	0.0	0.0	0.0	0.0	0.0	0.0	0.0	0.0	0.0	0.0	0.0	0.0	0.0	0.0	0.0	0.0	0.0	0.0	0.0	0.0	0.0	
Chromosome	6478702	A	C	0.165	0.273	0.219	0.215	0.067	0.328	0.224	0.229	0.262	0.16	0.17	0.169	0.228	0.167	0.173	0.264	0.313	0.289	0.181	0.205	0.216	0.255	0.147	0.168	0.198	0.167	0.116	0.158	0.13	0.234	0.237	0.259	0.131	0.136	0.102	0.005	0.226	0.227	0.246	0.0	0.298	0.0	0.123	0.2	0.152	0.139	0.142	0.347	0.32	0.324	0.312	0.315	0.296	0.268	0.261	0.222	0.224	0.273	0.005	0.154	0.117	0.124	0.164	0.186	0.224	0.088	0.134	0.114	0.007	
Chromosome	6541994	AG	A	0.006	0.054	0.005	0.0	0.0	0.0	0.0	0.02	0.004	0.0	0.005	0.0	0.0	0.0	0.0	0.0	0.0	0.008	0.013	0.0	0.005	0.009	0.0	0.0	0.0	0.004	0.015	0.009	0.003	0.006	0.0	0.005	0.0	0.002	0.01	0.005	0.013	0.015	0.0	0.0	0.0	0.0	0.01	0.0	0.003	0.006	0.006	0.009	0.006	0.0	0.006	0.0	0.007	0.011	0.007	0.0	0.011	0.0	0.014	0.0	0.006	0.0	0.0	0.0	0.004	0.007	0.003	0.007	0.0	
Chromosome	6625721	G	GC	0.0	0.215	0.0	0.0	0.0	0.0	0.0	0.0	0.0	0.0	0.0	0.0	0.0	0.0	0.0	0.0	0.0	0.0	0.0	0.0	0.0	0.0	0.0	0.0	0.0	0.0	0.0	0.0	0.0	0.0	0.0	0.005	0.0	0.0	0.0	0.0	0.0	0.0	0.0	0.0	0.0	0.0	0.0	0.0	0.0	0.0	0.0	0.0	0.0	0.0	0.0	0.0	0.0	0.0	0.0	0.0	0.0	0.0	0.0	0.0	0.0	0.0	0.0	0.0	0.0	0.0	0.0	0.0	0.0	
Chromosome	6687524	T	G	0.332	0.342	0.451	0.34	0.115	0.434	0.459	0.475	0.46	0.288	0.226	0.232	0.425	0.429	0.333	0.458	0.512	0.505	0.57	0.53	0.45	0.446	0.277	0.215	0.257	0.276	0.27	0.319	0.195	0.291	0.372	0.348	0.285	0.314	0.265	0.0	0.447	0.368	0.432	0.0	0.394	0.012	0.245	0.444	0.299	0.311	0.257	0.525	0.611	0.5	0.592	0.5	0.578	0.471	0.426	0.429	0.311	0.333	0.004	0.296	0.303	0.247	0.204	0.318	0.328	0.289	0.293	0.267	0.005	
Chromosome	6923330	T	G	0.29	0.397	0.421	0.319	0.253	0.352	0.347	0.411	0.365	0.333	0.374	0.324	0.472	0.587	0.472	0.467	0.396	0.397	0.383	0.427	0.39	0.423	0.307	0.372	0.351	0.382	0.258	0.264	0.271	0.46	0.412	0.466	0.31	0.292	0.261	0.0	0.392	0.372	0.322	0.0	0.42	0.006	0.265	0.283	0.261	0.294	0.261	0.339	0.411	0.474	0.417	0.493	0.376	0.471	0.507	0.588	0.413	0.437	0.0	0.261	0.3	0.279	0.36	0.294	0.352	0.236	0.273	0.232	0.014	
Chromosome	6966024	G	T	0.0	0.207	0.196	0.0	0.0	0.006	0.0	0.0	0.0	0.0	0.0	0.0	0.0	0.0	0.0	0.0	0.0	0.006	0.005	0.006	0.0	0.0	0.0	0.0	0.0	0.0	0.0	0.0	0.0	0.0	0.0	0.0	0.0	0.0	0.0	0.0	0.0	0.0	0.0	0.0	0.01	0.0	0.0	0.0	0.0	0.0	0.0	0.0	0.0	0.0	0.0	0.0	0.0	0.0	0.0	0.0	0.0	0.0	0.0	0.0	0.0	0.0	0.0	0.0	0.0	0.0	0.0	0.0	0.0	
