chromosome	pos	ref	mut	APAW	CipC	CipA	CipB	Ana1	BedA	BedB	BedC	BedD	CLFA	CLFB	CLFC	CombA2	CombA3	CombA	CombAu1	CombAu3	CombAu5	CombB	CombC	CycloA	CycloB	CycloC	EMBA	EMBB	EMBC	INH1	INH2	INHA	LzdA	LzdB	LzdC	M91	M92	M9B	MA_F1	MA_F2	MA_F3	MA_H1	MA_H2	MA_H3	MA_S1	MA_S2	MA_S3	MMCA	MMCB	MMCC	MockA	MockB	MockC	MockD	MockE	MockF	MockG	MockH	MockI	MockJ	MockK	MockL	NANOA	NANOB	NANOC	RIFA	RIFB	RIFC	UV1	UV2	UV3	WT_Msm
Chromosome	57124	A	C	0.278	0.326	0.286	0.326	0.188	0.272	0.292	0.272	0.13	0.207	0.178	0.188	0.142	0.111	0.284	0.296	0.372	0.336	0.313	0.306	0.364	0.086	0.15	0.198	0.19	0.168	0.254	0.263	0.127	0.104	0.11	0.361	0.246	0.231	0.224	0.005	0.284	0.254	0.308	0.0	0.302	0.012	0.159	0.257	0.269	0.273	0.262	0.344	0.284	0.302	0.256	0.25	0.289	0.295	0.325	0.111	0.07	0.107	0.004	0.224	0.254	0.235	0.173	0.207	0.311	0.307	0.275	0.272	0.012	
Chromosome	64992	T	G	0.148	0.23	0.171	0.238	0.15	0.294	0.305	0.25	0.251	0.174	0.157	0.208	0.27	0.26	0.276	0.337	0.376	0.369	0.325	0.306	0.257	0.188	0.17	0.184	0.168	0.178	0.136	0.128	0.12	0.298	0.246	0.302	0.176	0.125	0.14	0.028	0.22	0.283	0.287	0.022	0.29	0.015	0.195	0.228	0.193	0.177	0.154	0.349	0.34	0.421	0.366	0.394	0.373	0.364	0.368	0.222	0.261	0.27	0.006	0.189	0.15	0.113	0.23	0.221	0.22	0.121	0.148	0.162	0.067	
Chromosome	65001	A	C	0.148	0.336	0.251	0.247	0.099	0.358	0.298	0.298	0.303	0.211	0.201	0.171	0.294	0.235	0.371	0.396	0.439	0.471	0.317	0.361	0.23	0.254	0.219	0.232	0.221	0.235	0.163	0.164	0.131	0.226	0.254	0.251	0.248	0.182	0.174	0.0	0.255	0.25	0.265	0.007	0.304	0.0	0.172	0.219	0.208	0.158	0.185	0.345	0.429	0.337	0.325	0.398	0.336	0.387	0.371	0.324	0.272	0.256	0.0	0.119	0.196	0.172	0.242	0.174	0.21	0.17	0.17	0.152	0.0	
Chromosome	158428	G	T	0.0	0.312	0.0	0.0	0.0	0.0	0.0	0.0	0.0	0.0	0.0	0.0	0.0	0.0	0.0	0.007	0.0	0.0	0.0	0.0	0.0	0.0	0.003	0.0	0.0	0.0	0.0	0.0	0.0	0.0	0.0	0.0	0.0	0.0	0.0	0.0	0.0	0.0	0.0	0.0	0.0	0.0	0.0	0.0	0.003	0.0	0.0	0.0	0.0	0.0	0.0	0.0	0.0	0.0	0.0	0.0	0.0	0.0	0.0	0.0	0.0	0.0	0.0	0.0	0.0	0.0	0.0	0.0	0.0	
Chromosome	202859	T	G	0.083	0.157	0.119	0.11	0.051	0.274	0.259	0.214	0.199	0.151	0.094	0.058	0.216	0.256	0.359	0.195	0.268	0.15	0.217	0.226	0.162	0.214	0.104	0.1	0.095	0.139	0.104	0.087	0.097	0.212	0.208	0.194	0.071	0.081	0.095	0.0	0.177	0.09	0.147	0.006	0.184	0.0	0.16	0.145	0.11	0.102	0.108	0.26	0.241	0.241	0.266	0.281	0.199	0.275	0.281	0.2	0.196	0.23	0.005	0.089	0.13	0.089	0.103	0.143	0.131	0.089	0.077	0.063	0.013	
Chromosome	308617	T	G	0.199	0.358	0.266	0.265	0.13	0.264	0.255	0.303	0.277	0.227	0.199	0.278	0.276	0.292	0.256	0.291	0.341	0.283	0.248	0.21	0.223	0.287	0.264	0.236	0.255	0.249	0.219	0.244	0.2	0.356	0.254	0.301	0.219	0.238	0.223	0.0	0.316	0.287	0.267	0.006	0.205	0.0	0.194	0.27	0.219	0.26	0.243	0.343	0.205	0.236	0.288	0.404	0.284	0.277	0.238	0.241	0.304	0.259	0.0	0.234	0.261	0.214	0.281	0.211	0.295	0.25	0.227	0.236	0.007	
Chromosome	308623	A	C	0.241	0.358	0.25	0.265	0.173	0.295	0.303	0.326	0.198	0.229	0.199	0.237	0.197	0.207	0.282	0.276	0.331	0.366	0.25	0.254	0.28	0.219	0.241	0.245	0.191	0.253	0.23	0.228	0.206	0.291	0.215	0.38	0.257	0.267	0.287	0.005	0.312	0.331	0.267	0.0	0.265	0.006	0.2	0.296	0.236	0.269	0.291	0.362	0.295	0.273	0.361	0.391	0.3	0.333	0.25	0.091	0.231	0.286	0.0	0.268	0.315	0.213	0.237	0.319	0.34	0.267	0.259	0.251	0.0	
Chromosome	308638	T	G	0.209	0.273	0.23	0.255	0.164	0.153	0.102	0.155	0.103	0.143	0.199	0.134	0.098	0.054	0.185	0.106	0.195	0.214	0.109	0.175	0.16	0.09	0.157	0.162	0.136	0.181	0.17	0.229	0.121	0.155	0.126	0.268	0.178	0.214	0.217	0.0	0.297	0.22	0.212	0.0	0.227	0.0	0.089	0.224	0.213	0.234	0.214	0.228	0.155	0.15	0.231	0.145	0.152	0.193	0.212	0.042	0.095	0.131	0.0	0.216	0.244	0.173	0.152	0.223	0.27	0.193	0.233	0.231	0.0	
Chromosome	479882	T	G	0.079	0.153	0.108	0.13	0.024	0.027	0.016	0.052	0.026	0.029	0.0	0.008	0.05	0.0	0.061	0.041	0.031	0.021	0.034	0.018	0.063	0.021	0.047	0.06	0.029	0.01	0.033	0.034	0.025	0.009	0.013	0.053	0.01	0.046	0.017	0.0	0.143	0.08	0.124	0.006	0.014	0.006	0.089	0.051	0.023	0.033	0.024	0.02	0.022	0.033	0.03	0.028	0.075	0.044	0.0	0.0	0.011	0.029	0.005	0.016	0.003	0.045	0.061	0.046	0.12	0.025	0.023	0.012	0.0	
Chromosome	505500	C	A	0.0	0.0	0.0	0.005	0.0	0.0	0.0	0.0	0.0	0.0	0.0	0.0	0.0	0.0	0.0	0.006	0.007	0.007	0.0	0.0	0.0	0.0	0.0	0.0	0.0	0.0	0.0	0.0	0.0	0.0	0.0	0.0	0.0	0.0	0.0	0.0	0.0	0.0	0.005	0.0	0.0	0.0	0.005	0.0	0.003	0.003	0.0	0.0	0.0	0.0	0.0	0.0	0.0	0.0	0.0	0.0	0.0	0.0	0.0	0.0	0.0	0.0	0.0	0.0	0.0	0.0	0.0	0.0	0.0	
Chromosome	560472	T	G	0.128	0.274	0.24	0.261	0.048	0.259	0.304	0.276	0.242	0.128	0.103	0.093	0.193	0.213	0.289	0.248	0.238	0.259	0.295	0.26	0.206	0.245	0.12	0.118	0.091	0.082	0.085	0.097	0.112	0.174	0.241	0.24	0.102	0.129	0.116	0.006	0.176	0.186	0.155	0.0	0.272	0.005	0.148	0.209	0.144	0.133	0.14	0.208	0.225	0.238	0.165	0.278	0.239	0.226	0.229	0.277	0.228	0.207	0.004	0.144	0.131	0.085	0.092	0.113	0.164	0.087	0.128	0.102	0.006	
Chromosome	579280	T	G	0.0	0.143	0.043	0.051	0.0	0.0	0.0	0.0	0.0	0.004	0.004	0.0	0.01	0.0	0.0	0.0	0.0	0.0	0.0	0.0	0.0	0.0	0.003	0.004	0.007	0.02	0.0	0.003	0.0	0.0	0.0	0.0	0.003	0.014	0.003	0.009	0.087	0.124	0.087	0.011	0.0	0.004	0.004	0.02	0.002	0.034	0.0	0.0	0.0	0.0	0.0	0.01	0.007	0.0	0.0	0.0	0.0	0.0	0.0	0.0	0.0	0.0	0.0	0.004	0.0	0.0	0.0	0.0	0.0	
Chromosome	614991	T	G	0.0	0.206	0.0	0.33	0.0	0.0	0.0	0.005	0.003	0.0	0.0	0.0	0.0	0.0	0.0	0.0	0.0	0.0	0.0	0.0	0.0	0.0	0.004	0.0	0.0	0.0	0.0	0.0	0.0	0.0	0.0	0.004	0.0	0.0	0.0	0.004	0.005	0.0	0.0	0.015	0.0	0.004	0.0	0.0	0.0	0.0	0.0	0.0	0.0	0.0	0.005	0.0	0.0	0.0	0.0	0.0	0.0	0.0	0.005	0.0	0.0	0.0	0.0	0.0	0.0	0.0	0.0	0.0	0.024	
Chromosome	680789	A	G	0.0	0.241	0.0	0.0	0.0	0.0	0.0	0.0	0.0	0.0	0.0	0.004	0.0	0.0	0.0	0.0	0.0	0.0	0.0	0.0	0.0	0.0	0.0	0.0	0.0	0.0	0.0	0.0	0.0	0.0	0.0	0.0	0.0	0.0	0.0	0.0	0.0	0.0	0.0	0.0	0.0	0.0	0.0	0.0	0.0	0.0	0.0	0.0	0.006	0.0	0.0	0.0	0.0	0.0	0.0	0.0	0.0	0.0	0.0	0.0	0.002	0.0	0.0	0.0	0.0	0.0	0.0	0.0	0.007	
Chromosome	706123	T	G	0.145	0.226	0.187	0.222	0.094	0.195	0.196	0.2	0.155	0.158	0.104	0.112	0.173	0.132	0.2	0.212	0.221	0.237	0.163	0.243	0.209	0.172	0.167	0.155	0.149	0.15	0.167	0.092	0.128	0.159	0.108	0.251	0.16	0.141	0.143	0.0	0.209	0.181	0.209	0.006	0.205	0.005	0.114	0.151	0.106	0.158	0.138	0.219	0.212	0.236	0.263	0.204	0.225	0.25	0.253	0.205	0.168	0.171	0.005	0.139	0.15	0.164	0.11	0.167	0.186	0.162	0.134	0.171	0.007	
Chromosome	756272	G	T	0.0	0.231	0.236	0.21	0.0	0.0	0.0	0.0	0.0	0.0	0.0	0.0	0.0	0.0	0.0	0.0	0.0	0.0	0.0	0.008	0.0	0.0	0.0	0.0	0.0	0.0	0.005	0.0	0.0	0.0	0.0	0.0	0.0	0.0	0.0	0.0	0.0	0.007	0.0	0.0	0.0	0.0	0.0	0.0	0.0	0.0	0.003	0.0	0.0	0.0	0.0	0.0	0.0	0.0	0.0	0.0	0.0	0.0	0.0	0.0	0.0	0.005	0.0	0.0	0.0	0.0	0.0	0.0	0.034	
Chromosome	781261	A	C	0.151	0.181	0.164	0.228	0.034	0.294	0.265	0.252	0.09	0.147	0.089	0.116	0.066	0.074	0.273	0.24	0.229	0.288	0.25	0.352	0.25	0.093	0.113	0.117	0.082	0.146	0.122	0.161	0.089	0.109	0.072	0.171	0.15	0.186	0.12	0.0	0.198	0.188	0.237	0.013	0.212	0.0	0.099	0.174	0.147	0.147	0.145	0.324	0.273	0.209	0.303	0.31	0.207	0.313	0.25	0.176	0.096	0.059	0.0	0.194	0.227	0.123	0.118	0.103	0.176	0.14	0.163	0.145	0.0	
Chromosome	801634	C	G	0.0	0.205	0.0	0.0	0.0	0.0	0.0	0.0	0.0	0.0	0.0	0.0	0.0	0.0	0.0	0.0	0.0	0.0	0.0	0.0	0.0	0.0	0.0	0.0	0.0	0.0	0.0	0.0	0.0	0.0	0.0	0.0	0.0	0.0	0.0	0.0	0.0	0.0	0.0	0.0	0.0	0.0	0.0	0.0	0.0	0.0	0.0	0.0	0.0	0.0	0.0	0.0	0.0	0.0	0.007	0.0	0.0	0.0	0.0	0.0	0.0	0.0	0.0	0.0	0.0	0.0	0.0	0.0	0.0	
Chromosome	924596	T	TCCTGAGTTTGGACATGTCGGCCGGTTTTG	0.0	0.0	0.0	0.0	0.0	0.0	0.0	0.0	0.0	0.0	0.0	0.0	0.0	0.0	0.0	0.0	0.0	0.0	0.0	0.0	0.0	0.0	0.0	0.0	0.0	0.0	0.0	0.0	0.0	0.0	0.0	0.0	0.0	0.0	0.0	0.0	0.0	0.0	0.0	0.0	0.0	0.0	0.0	0.0	0.0	0.0	0.0	0.0	0.0	0.0	0.0	0.0	0.0	0.0	0.0	0.0	0.0	0.0	0.0	0.0	0.0	0.0	0.0	0.0	0.0	0.0	0.0	0.0	0.0	
Chromosome	1039609	A	G	0.0	0.302	0.0	0.0	0.0	0.0	0.0	0.0	0.0	0.004	0.0	0.0	0.0	0.0	0.0	0.0	0.0	0.0	0.0	0.0	0.0	0.0	0.0	0.0	0.0	0.0	0.0	0.0	0.0	0.0	0.0	0.0	0.0	0.0	0.0	0.0	0.0	0.0	0.004	0.0	0.0	0.0	0.0	0.0	0.0	0.0	0.0	0.0	0.0	0.0	0.0	0.0	0.0	0.0	0.0	0.0	0.0	0.0	0.0	0.0	0.0	0.0	0.0	0.0	0.0	0.0	0.0	0.0	0.0	
Chromosome	1048434	A	C	0.168	0.27	0.268	0.175	0.047	0.252	0.234	0.24	0.096	0.055	0.083	0.052	0.049	0.06	0.193	0.193	0.186	0.296	0.319	0.252	0.207	0.141	0.076	0.078	0.084	0.081	0.147	0.176	0.04	0.058	0.114	0.184	0.14	0.124	0.143	0.005	0.153	0.211	0.202	0.0	0.15	0.006	0.13	0.172	0.116	0.161	0.138	0.191	0.317	0.288	0.227	0.22	0.196	0.203	0.277	0.067	0.06	0.063	0.0	0.152	0.152	0.139	0.055	0.073	0.25	0.15	0.151	0.141	0.0	
Chromosome	1341535	T	TGGCTCTTCGCACTTGACGGTGTAGAGA	0.0	0.0	0.0	0.0	0.0	0.0	0.0	0.0	0.0	0.0	0.0	0.0	0.0	0.0	0.0	0.0	0.0	0.0	0.0	0.0	0.0	0.0	0.0	0.0	0.0	0.0	0.0	0.0	0.0	0.0	0.0	0.0	0.0	0.0	0.0	0.0	0.0	0.0	0.0	0.0	0.0	0.0	0.0	0.0	0.0	0.0	0.0	0.0	0.0	0.0	0.0	0.0	0.0	0.0	0.0	0.0	0.0	0.0	0.0	0.0	0.0	0.0	0.0	0.0	0.0	0.0	0.0	0.0	0.0	
Chromosome	1341539	C	T	0.265	0.096	0.241	0.046	0.286	0.222	0.132	0.114	0.164	0.198	0.197	0.256	0.426	0.413	0.229	0.239	0.231	0.269	0.231	0.273	0.23	0.162	0.33	0.274	0.301	0.25	0.329	0.26	0.25	0.281	0.143	0.238	0.241	0.237	0.194	0.245	0.239	0.286	0.333	0.091	0.235	0.17	0.364	0.18	0.309	0.226	0.261	0.286	0.314	0.278	0.129	0.179	0.393	0.132	0.323	0.308	0.5	0.196	0.205	0.324	0.21	0.25	0.227	0.297	0.226	0.301	0.277	0.344	0.109	
Chromosome	1385245	A	C	0.089	0.137	0.179	0.161	0.083	0.153	0.126	0.137	0.108	0.184	0.178	0.179	0.172	0.167	0.203	0.158	0.089	0.115	0.1	0.134	0.105	0.096	0.155	0.121	0.189	0.165	0.103	0.121	0.082	0.158	0.167	0.164	0.091	0.126	0.105	0.006	0.14	0.172	0.144	0.012	0.157	0.0	0.124	0.121	0.125	0.124	0.099	0.154	0.137	0.14	0.131	0.114	0.135	0.198	0.075	0.186	0.132	0.158	0.0	0.117	0.139	0.103	0.197	0.17	0.174	0.1	0.09	0.115	0.007	
Chromosome	1392515	T	G	0.0	0.119	0.0	0.0	0.0	0.0	0.0	0.0	0.008	0.0	0.0	0.0	0.0	0.0	0.0	0.0	0.0	0.0	0.0	0.0	0.0	0.0	0.0	0.004	0.0	0.0	0.0	0.003	0.0	0.0	0.0	0.0	0.0	0.0	0.0	0.005	0.011	0.027	0.0	0.0	0.0	0.005	0.0	0.0	0.0	0.0	0.0	0.0	0.0	0.0	0.007	0.0	0.0	0.008	0.0	0.0	0.0	0.0	0.005	0.0	0.0	0.0	0.0	0.0	0.0	0.007	0.0	0.003	0.0	
Chromosome	1469111	T	G	0.006	0.098	0.077	0.0	0.0	0.0	0.008	0.0	0.0	0.0	0.005	0.0	0.005	0.0	0.0	0.0	0.0	0.011	0.0	0.0	0.015	0.006	0.004	0.0	0.005	0.005	0.0	0.012	0.004	0.0	0.005	0.024	0.0	0.0	0.0	0.005	0.0	0.0	0.017	0.012	0.0	0.0	0.0	0.006	0.0	0.004	0.0	0.0	0.0	0.0	0.0	0.0	0.0	0.0	0.0	0.0	0.007	0.0	0.0	0.0	0.0	0.0	0.0	0.011	0.0	0.0	0.002	0.0	0.0	
Chromosome	1574114	T	G	0.158	0.18	0.177	0.218	0.177	0.245	0.262	0.197	0.219	0.146	0.167	0.224	0.26	0.312	0.263	0.298	0.318	0.274	0.299	0.268	0.211	0.16	0.177	0.204	0.179	0.144	0.135	0.095	0.16	0.214	0.232	0.183	0.194	0.142	0.113	0.005	0.135	0.168	0.213	0.012	0.128	0.006	0.156	0.213	0.154	0.128	0.178	0.29	0.281	0.365	0.298	0.309	0.315	0.302	0.293	0.125	0.192	0.237	0.011	0.142	0.13	0.149	0.171	0.201	0.155	0.132	0.118	0.134	0.007	
Chromosome	1736550	T	G	0.053	0.111	0.101	0.097	0.034	0.096	0.094	0.044	0.034	0.064	0.027	0.043	0.034	0.064	0.152	0.116	0.101	0.113	0.074	0.076	0.071	0.038	0.051	0.052	0.052	0.041	0.046	0.077	0.023	0.039	0.046	0.107	0.041	0.062	0.033	0.0	0.1	0.116	0.064	0.0	0.085	0.005	0.021	0.095	0.078	0.025	0.071	0.085	0.089	0.097	0.117	0.083	0.093	0.077	0.102	0.07	0.036	0.045	0.0	0.064	0.031	0.044	0.039	0.043	0.092	0.051	0.049	0.051	0.006	
Chromosome	1787487	T	G	0.139	0.225	0.223	0.221	0.062	0.315	0.247	0.187	0.22	0.131	0.193	0.117	0.223	0.176	0.24	0.181	0.238	0.304	0.275	0.243	0.234	0.261	0.157	0.106	0.13	0.146	0.14	0.115	0.136	0.212	0.187	0.249	0.162	0.14	0.196	0.0	0.194	0.233	0.197	0.006	0.223	0.006	0.18	0.216	0.156	0.156	0.167	0.191	0.237	0.241	0.227	0.211	0.196	0.221	0.255	0.212	0.259	0.203	0.006	0.154	0.16	0.174	0.179	0.128	0.239	0.144	0.158	0.127	0.007	
Chromosome	1864360	A	C	0.0	0.361	0.0	0.0	0.0	0.0	0.0	0.0	0.0	0.0	0.0	0.0	0.0	0.0	0.0	0.0	0.0	0.0	0.0	0.0	0.0	0.0	0.0	0.0	0.0	0.004	0.0	0.0	0.0	0.0	0.0	0.0	0.0	0.0	0.0	0.0	0.0	0.0	0.0	0.0	0.0	0.0	0.0	0.0	0.0	0.0	0.0	0.0	0.0	0.007	0.0	0.0	0.0	0.0	0.0	0.0	0.0	0.0	0.0	0.0	0.0	0.002	0.0	0.0	0.0	0.0	0.0	0.0	0.005	
Chromosome	1979870	T	G	0.143	0.302	0.258	0.212	0.072	0.285	0.246	0.26	0.197	0.121	0.169	0.157	0.207	0.135	0.276	0.297	0.294	0.187	0.25	0.197	0.299	0.167	0.102	0.126	0.168	0.2	0.139	0.142	0.088	0.19	0.188	0.18	0.173	0.143	0.118	0.005	0.249	0.198	0.159	0.0	0.201	0.0	0.121	0.218	0.143	0.177	0.15	0.285	0.248	0.372	0.386	0.282	0.264	0.338	0.255	0.167	0.24	0.283	0.0	0.127	0.144	0.093	0.131	0.142	0.188	0.125	0.134	0.141	0.011	
Chromosome	1988098	A	AG	0.0	0.204	0.0	0.0	0.0	0.0	0.0	0.0	0.0	0.0	0.0	0.0	0.0	0.0	0.0	0.0	0.0	0.0	0.0	0.0	0.0	0.0	0.0	0.0	0.0	0.0	0.0	0.0	0.0	0.0	0.0	0.0	0.0	0.0	0.0	0.0	0.0	0.0	0.0	0.0	0.0	0.0	0.0	0.0	0.0	0.0	0.0	0.0	0.0	0.0	0.0	0.0	0.0	0.0	0.0	0.0	0.0	0.0	0.0	0.0	0.0	0.0	0.0	0.0	0.0	0.0	0.0	0.0	0.0	
Chromosome	2033295	A	AG	0.0	0.225	0.0	0.0	0.0	0.0	0.0	0.0	0.0	0.0	0.0	0.0	0.0	0.0	0.0	0.0	0.0	0.0	0.0	0.0	0.0	0.0	0.0	0.0	0.0	0.0	0.0	0.0	0.0	0.0	0.0	0.0	0.0	0.0	0.0	0.0	0.0	0.0	0.0	0.0	0.0	0.0	0.0	0.0	0.0	0.0	0.0	0.0	0.0	0.0	0.0	0.0	0.0	0.0	0.0	0.0	0.0	0.0	0.0	0.0	0.0	0.0	0.0	0.0	0.0	0.0	0.0	0.0	0.0	
Chromosome	2086952	T	G	0.0	0.345	0.0	0.0	0.0	0.0	0.008	0.0	0.0	0.0	0.0	0.0	0.0	0.0	0.0	0.0	0.0	0.0	0.0	0.0	0.0	0.0	0.0	0.0	0.0	0.0	0.0	0.0	0.0	0.0	0.0	0.0	0.0	0.0	0.0	0.0	0.0	0.006	0.0	0.0	0.0	0.0	0.0	0.0	0.0	0.0	0.0	0.0	0.0	0.0	0.0	0.0	0.0	0.0	0.0	0.0	0.0	0.0	0.0	0.0	0.0	0.0	0.0	0.0	0.0	0.0	0.0	0.0	0.0	
Chromosome	2117924	A	C	0.205	0.303	0.224	0.288	0.18	0.273	0.344	0.321	0.286	0.168	0.246	0.244	0.289	0.32	0.318	0.223	0.281	0.287	0.295	0.349	0.273	0.26	0.238	0.19	0.291	0.266	0.239	0.219	0.177	0.258	0.278	0.322	0.206	0.207	0.231	0.006	0.242	0.219	0.219	0.0	0.212	0.0	0.195	0.215	0.215	0.211	0.225	0.3	0.19	0.266	0.309	0.267	0.296	0.25	0.351	0.37	0.352	0.259	0.0	0.222	0.231	0.19	0.192	0.138	0.247	0.157	0.152	0.228	0.0	
Chromosome	2195144	T	G	0.142	0.225	0.226	0.268	0.092	0.217	0.177	0.189	0.099	0.162	0.072	0.084	0.129	0.1	0.244	0.254	0.201	0.19	0.203	0.194	0.234	0.093	0.124	0.058	0.129	0.163	0.164	0.174	0.063	0.107	0.083	0.205	0.161	0.17	0.181	0.0	0.202	0.254	0.218	0.006	0.251	0.006	0.068	0.187	0.164	0.145	0.177	0.233	0.247	0.229	0.25	0.221	0.208	0.22	0.191	0.147	0.07	0.083	0.0	0.171	0.199	0.159	0.15	0.156	0.186	0.196	0.16	0.124	0.0	
Chromosome	2214692	T	C	0.0	0.193	0.0	0.006	0.0	0.0	0.0	0.0	0.0	0.0	0.0	0.0	0.0	0.0	0.0	0.0	0.0	0.0	0.0	0.0	0.0	0.0	0.0	0.0	0.0	0.0	0.0	0.0	0.0	0.0	0.0	0.0	0.0	0.0	0.0	0.0	0.0	0.0	0.0	0.0	0.0	0.0	0.0	0.0	0.0	0.0	0.0	0.0	0.0	0.0	0.0	0.0	0.0	0.0	0.0	0.0	0.0	0.0	0.0	0.0	0.0	0.0	0.004	0.0	0.0	0.0	0.0	0.0	0.0	
Chromosome	2422296	A	C	0.013	0.149	0.103	0.006	0.0	0.008	0.0	0.008	0.004	0.0	0.0	0.0	0.0	0.007	0.009	0.006	0.006	0.007	0.006	0.0	0.005	0.0	0.0	0.0	0.004	0.0	0.004	0.0	0.004	0.0	0.0	0.006	0.0	0.0	0.008	0.006	0.014	0.023	0.041	0.0	0.005	0.017	0.006	0.036	0.0	0.0	0.0	0.0	0.007	0.008	0.014	0.007	0.052	0.013	0.0	0.0	0.0	0.004	0.0	0.0	0.002	0.005	0.0	0.0	0.0	0.0	0.0	0.0	0.006	
Chromosome	2579189	A	C	0.173	0.31	0.271	0.222	0.134	0.268	0.276	0.242	0.322	0.219	0.219	0.213	0.261	0.246	0.282	0.237	0.297	0.183	0.206	0.319	0.253	0.25	0.187	0.23	0.232	0.224	0.248	0.226	0.202	0.275	0.243	0.239	0.21	0.225	0.223	0.006	0.273	0.263	0.274	0.0	0.395	0.0	0.226	0.303	0.277	0.259	0.226	0.283	0.34	0.287	0.219	0.263	0.281	0.333	0.308	0.238	0.256	0.256	0.0	0.225	0.219	0.226	0.154	0.254	0.234	0.26	0.238	0.244	0.013	
Chromosome	2579192	T	G	0.107	0.28	0.187	0.17	0.06	0.159	0.18	0.16	0.157	0.126	0.119	0.105	0.096	0.071	0.119	0.179	0.172	0.108	0.134	0.197	0.16	0.117	0.09	0.132	0.11	0.222	0.141	0.143	0.079	0.125	0.112	0.129	0.099	0.097	0.119	0.006	0.187	0.159	0.172	0.006	0.26	0.005	0.093	0.161	0.135	0.165	0.156	0.158	0.17	0.15	0.136	0.15	0.163	0.194	0.164	0.087	0.135	0.125	0.006	0.134	0.111	0.089	0.096	0.164	0.174	0.111	0.142	0.084	0.0	
Chromosome	2697692	GTGGTAGGCCCAGCA	G	0.005	0.118	0.135	0.101	0.007	0.015	0.0	0.0	0.011	0.004	0.004	0.004	0.005	0.0	0.018	0.0	0.0	0.0	0.006	0.0	0.006	0.0	0.0	0.004	0.009	0.013	0.0	0.0	0.01	0.016	0.004	0.0	0.003	0.005	0.0	0.0	0.005	0.009	0.0	0.0	0.012	0.0	0.007	0.0	0.014	0.003	0.004	0.011	0.0	0.0	0.0	0.006	0.0	0.0	0.016	0.0	0.0	0.011	0.0	0.0	0.002	0.002	0.0	0.0	0.004	0.0	0.002	0.0	0.0	
Chromosome	2946508	A	C	0.246	0.283	0.214	0.243	0.101	0.217	0.231	0.185	0.093	0.125	0.082	0.143	0.089	0.048	0.182	0.213	0.25	0.216	0.198	0.211	0.218	0.103	0.136	0.094	0.074	0.169	0.226	0.268	0.122	0.069	0.05	0.24	0.201	0.204	0.213	0.007	0.327	0.318	0.269	0.007	0.321	0.013	0.123	0.293	0.197	0.281	0.231	0.284	0.258	0.273	0.293	0.171	0.168	0.185	0.333	0.056	0.071	0.058	0.0	0.227	0.227	0.227	0.159	0.182	0.219	0.23	0.269	0.168	0.01	
Chromosome	3030967	A	C	0.347	0.489	0.396	0.345	0.255	0.5	0.368	0.451	0.587	0.437	0.421	0.388	0.566	0.676	0.512	0.409	0.514	0.563	0.43	0.37	0.488	0.567	0.506	0.368	0.451	0.35	0.307	0.314	0.456	0.586	0.61	0.54	0.34	0.377	0.383	0.0	0.375	0.446	0.483	0.007	0.438	0.0	0.456	0.394	0.337	0.331	0.378	0.623	0.525	0.565	0.522	0.614	0.5	0.455	0.6	0.634	0.724	0.594	0.0	0.359	0.361	0.402	0.407	0.389	0.368	0.286	0.403	0.299	0.0	
Chromosome	3123426	T	G	0.146	0.237	0.228	0.21	0.126	0.244	0.243	0.258	0.263	0.243	0.218	0.161	0.27	0.245	0.343	0.197	0.273	0.209	0.254	0.204	0.286	0.241	0.283	0.173	0.237	0.205	0.135	0.095	0.131	0.256	0.257	0.206	0.154	0.163	0.142	0.006	0.287	0.24	0.205	0.0	0.195	0.007	0.176	0.237	0.155	0.113	0.163	0.248	0.169	0.377	0.25	0.245	0.33	0.227	0.246	0.348	0.246	0.188	0.0	0.189	0.178	0.115	0.226	0.19	0.214	0.123	0.119	0.135	0.0	
Chromosome	3230529	A	C	0.136	0.251	0.194	0.241	0.128	0.236	0.188	0.238	0.13	0.129	0.158	0.188	0.238	0.155	0.239	0.259	0.267	0.23	0.215	0.205	0.188	0.168	0.138	0.143	0.134	0.127	0.124	0.128	0.083	0.173	0.143	0.203	0.132	0.128	0.117	0.011	0.221	0.172	0.23	0.0	0.182	0.0	0.144	0.193	0.125	0.133	0.155	0.192	0.284	0.202	0.279	0.261	0.21	0.28	0.265	0.22	0.266	0.197	0.0	0.137	0.129	0.13	0.21	0.131	0.177	0.121	0.124	0.133	0.007	
Chromosome	3278750	A	C	0.195	0.234	0.182	0.231	0.123	0.16	0.238	0.298	0.071	0.11	0.096	0.111	0.043	0.092	0.169	0.267	0.224	0.148	0.254	0.182	0.245	0.033	0.102	0.081	0.114	0.138	0.171	0.196	0.058	0.038	0.04	0.221	0.191	0.18	0.181	0.0	0.207	0.215	0.223	0.0	0.23	0.0	0.045	0.203	0.227	0.205	0.179	0.19	0.245	0.22	0.242	0.127	0.171	0.101	0.214	0.152	0.088	0.044	0.0	0.209	0.224	0.188	0.085	0.094	0.2	0.193	0.235	0.218	0.0	
Chromosome	3392012	T	C	0.0	0.226	0.163	0.172	0.0	0.0	0.0	0.0	0.0	0.0	0.0	0.0	0.0	0.0	0.0	0.0	0.0	0.0	0.0	0.0	0.0	0.0	0.0	0.0	0.0	0.0	0.0	0.0	0.0	0.0	0.0	0.0	0.0	0.0	0.0	0.006	0.0	0.0	0.0	0.0	0.0	0.005	0.0	0.0	0.0	0.0	0.0	0.0	0.0	0.0	0.0	0.0	0.0	0.0	0.0	0.0	0.0	0.009	0.0	0.0	0.0	0.0	0.0	0.0	0.0	0.0	0.0	0.0	0.007	
Chromosome	3404770	G	C	0.0	0.051	0.038	0.0	0.0	0.0	0.0	0.0	0.0	0.0	0.0	0.0	0.0	0.0	0.0	0.0	0.0	0.0	0.0	0.0	0.0	0.0	0.0	0.0	0.0	0.0	0.0	0.003	0.0	0.0	0.0	0.0	0.003	0.0	0.0	0.0	0.1	0.0	0.0	0.0	0.0	0.0	0.0	0.0	0.0	0.0	0.0	0.0	0.0	0.0	0.0	0.0	0.008	0.007	0.0	0.0	0.0	0.0	0.0	0.0	0.0	0.0	0.0	0.0	0.0	0.0	0.0	0.0	0.019	
Chromosome	3404774	A	C	0.0	0.039	0.043	0.006	0.0	0.007	0.0	0.0	0.0	0.0	0.0	0.003	0.0	0.012	0.009	0.005	0.0	0.0	0.0	0.006	0.004	0.0	0.0	0.015	0.0	0.003	0.0	0.0	0.0	0.011	0.004	0.004	0.003	0.005	0.0	0.0	0.09	0.011	0.005	0.0	0.0	0.0	0.004	0.0	0.0	0.006	0.005	0.0	0.006	0.007	0.0	0.015	0.0	0.0	0.0	0.0	0.0	0.004	0.0	0.0	0.003	0.004	0.0	0.0	0.01	0.0	0.002	0.002	0.019	
Chromosome	3404776	C	T	0.0	0.034	0.032	0.0	0.0	0.0	0.0	0.0	0.0	0.0	0.0	0.0	0.0	0.0	0.0	0.0	0.0	0.0	0.0	0.0	0.0	0.0	0.0	0.0	0.0	0.0	0.0	0.0	0.0	0.0	0.0	0.0	0.0	0.0	0.0	0.0	0.084	0.0	0.0	0.0	0.0	0.0	0.0	0.0	0.0	0.0	0.0	0.0	0.0	0.0	0.0	0.0	0.0	0.0	0.0	0.0	0.0	0.0	0.006	0.004	0.0	0.0	0.0	0.0	0.0	0.0	0.0	0.002	0.019	
Chromosome	3404780	C	T	0.0	0.028	0.016	0.0	0.0	0.0	0.0	0.0	0.0	0.0	0.0	0.0	0.0	0.0	0.0	0.0	0.0	0.0	0.0	0.0	0.0	0.0	0.0	0.0	0.0	0.0	0.0	0.0	0.0	0.0	0.0	0.0	0.0	0.0	0.0	0.0	0.072	0.0	0.0	0.0	0.0	0.0	0.0	0.0	0.0	0.0	0.0	0.0	0.0	0.0	0.0	0.0	0.008	0.0	0.0	0.0	0.0	0.0	0.0	0.0	0.0	0.0	0.0	0.0	0.0	0.0	0.0	0.0	0.013	
Chromosome	3404782	G	A	0.0	0.027	0.016	0.011	0.0	0.0	0.0	0.0	0.0	0.0	0.0	0.0	0.0	0.0	0.0	0.0	0.0	0.0	0.0	0.0	0.0	0.0	0.0	0.0	0.0	0.0	0.0	0.0	0.0	0.0	0.0	0.0	0.0	0.0	0.0	0.0	0.06	0.0	0.0	0.0	0.0	0.0	0.0	0.0	0.0	0.0	0.0	0.0	0.0	0.0	0.0	0.0	0.0	0.0	0.0	0.0	0.0	0.0	0.0	0.0	0.0	0.0	0.0	0.0	0.0	0.003	0.0	0.0	0.013	
Chromosome	3404784	A	ATTAGTG	0.0	0.011	0.005	0.0	0.0	0.0	0.0	0.0	0.0	0.0	0.0	0.0	0.0	0.0	0.0	0.0	0.0	0.0	0.0	0.0	0.0	0.0	0.0	0.0	0.0	0.0	0.0	0.0	0.0	0.0	0.0	0.0	0.0	0.0	0.0	0.0	0.018	0.0	0.0	0.0	0.0	0.0	0.0	0.0	0.0	0.0	0.0	0.0	0.0	0.0	0.0	0.0	0.0	0.0	0.0	0.0	0.0	0.0	0.0	0.0	0.0	0.0	0.0	0.0	0.0	0.0	0.0	0.0	0.006	
Chromosome	3415264	T	TC	0.0	0.217	0.0	0.0	0.0	0.0	0.0	0.0	0.0	0.0	0.0	0.0	0.0	0.0	0.0	0.0	0.0	0.0	0.0	0.0	0.0	0.0	0.0	0.0	0.0	0.0	0.0	0.0	0.0	0.0	0.0	0.0	0.0	0.0	0.0	0.0	0.0	0.0	0.0	0.0	0.0	0.0	0.0	0.0	0.0	0.0	0.0	0.0	0.0	0.0	0.0	0.0	0.0	0.0	0.0	0.0	0.0	0.0	0.0	0.0	0.0	0.0	0.0	0.0	0.0	0.0	0.0	0.0	0.0	
Chromosome	3495715	A	C	0.0	0.211	0.01	0.0	0.0	0.007	0.0	0.022	0.0	0.0	0.0	0.0	0.005	0.006	0.02	0.0	0.006	0.007	0.0	0.0	0.01	0.005	0.0	0.005	0.009	0.0	0.0	0.007	0.0	0.011	0.004	0.01	0.0	0.002	0.0	0.0	0.005	0.028	0.0	0.013	0.0	0.005	0.0	0.01	0.0	0.014	0.007	0.011	0.021	0.0	0.006	0.006	0.007	0.0	0.0	0.0	0.0	0.0	0.0	0.002	0.003	0.0	0.004	0.005	0.0	0.0	0.002	0.003	0.024	
Chromosome	3690255	T	C	0.0	0.254	0.0	0.0	0.0	0.0	0.0	0.0	0.0	0.0	0.0	0.0	0.0	0.0	0.0	0.0	0.0	0.0	0.0	0.0	0.01	0.0	0.0	0.0	0.0	0.0	0.0	0.003	0.0	0.0	0.0	0.0	0.003	0.0	0.0	0.0	0.0	0.0	0.0	0.0	0.0	0.0	0.0	0.0	0.0	0.0	0.0	0.0	0.0	0.0	0.0	0.0	0.0	0.0	0.0	0.0	0.0	0.0	0.0	0.0	0.0	0.0	0.0	0.0	0.005	0.0	0.0	0.0	0.0	
Chromosome	3735006	G	GC	0.0	0.186	0.0	0.0	0.0	0.0	0.0	0.0	0.0	0.0	0.0	0.0	0.0	0.0	0.0	0.0	0.0	0.006	0.0	0.0	0.0	0.0	0.0	0.0	0.0	0.0	0.0	0.004	0.0	0.0	0.0	0.0	0.0	0.0	0.0	0.0	0.0	0.0	0.0	0.0	0.0	0.0	0.0	0.0	0.0	0.0	0.0	0.0	0.0	0.0	0.0	0.0	0.0	0.0	0.0	0.0	0.0	0.0	0.0	0.0	0.0	0.0	0.0	0.0	0.0	0.0	0.0	0.0	0.0	
Chromosome	3777630	T	G	0.182	0.26	0.305	0.299	0.163	0.227	0.304	0.34	0.231	0.225	0.299	0.214	0.366	0.344	0.338	0.275	0.308	0.26	0.316	0.314	0.263	0.302	0.192	0.223	0.204	0.2	0.164	0.176	0.149	0.194	0.224	0.254	0.145	0.216	0.158	0.0	0.301	0.251	0.22	0.007	0.331	0.0	0.255	0.244	0.182	0.133	0.184	0.213	0.27	0.277	0.305	0.24	0.355	0.257	0.267	0.411	0.275	0.349	0.0	0.175	0.212	0.227	0.161	0.252	0.196	0.217	0.176	0.188	0.0	
Chromosome	3777637	A	C	0.147	0.265	0.283	0.261	0.108	0.253	0.286	0.32	0.217	0.153	0.228	0.209	0.331	0.224	0.237	0.292	0.281	0.223	0.308	0.21	0.256	0.254	0.293	0.188	0.189	0.138	0.196	0.201	0.169	0.219	0.211	0.23	0.161	0.185	0.179	0.0	0.31	0.262	0.275	0.0	0.264	0.007	0.218	0.222	0.146	0.205	0.184	0.233	0.378	0.218	0.275	0.316	0.418	0.315	0.24	0.51	0.287	0.219	0.0	0.188	0.154	0.143	0.242	0.248	0.215	0.151	0.174	0.155	0.006	
Chromosome	3920035	G	C	0.0	0.247	0.0	0.221	0.0	0.0	0.0	0.0	0.0	0.0	0.0	0.0	0.0	0.0	0.0	0.0	0.0	0.0	0.0	0.0	0.0	0.0	0.0	0.0	0.0	0.0	0.0	0.0	0.0	0.0	0.0	0.0	0.0	0.0	0.0	0.0	0.0	0.0	0.0	0.0	0.0	0.0	0.0	0.0	0.0	0.0	0.0	0.0	0.0	0.0	0.0	0.0	0.0	0.0	0.0	0.0	0.0	0.0	0.0	0.0	0.0	0.0	0.0	0.0	0.0	0.0	0.0	0.0	0.031	
Chromosome	4214321	G	T	0.529	0.522	0.49	0.508	0.434	0.504	0.535	0.506	0.488	0.467	0.508	0.486	0.461	0.44	0.5	0.562	0.546	0.516	0.506	0.475	0.489	0.518	0.512	0.491	0.538	0.498	0.505	0.515	0.537	0.542	0.471	0.535	0.499	0.522	0.532	0.48	0.489	0.498	0.535	0.55	0.536	0.497	0.522	0.512	0.509	0.501	0.518	0.532	0.496	0.437	0.482	0.494	0.488	0.547	0.609	0.667	0.516	0.494	0.327	0.527	0.502	0.5	0.52	0.555	0.518	0.497	0.481	0.394	0.498	
Chromosome	4214326	C	A	0.527	0.524	0.501	0.496	0.448	0.506	0.551	0.508	0.494	0.477	0.511	0.498	0.472	0.443	0.506	0.555	0.525	0.537	0.51	0.476	0.49	0.5	0.517	0.491	0.534	0.5	0.506	0.524	0.531	0.543	0.486	0.537	0.498	0.516	0.526	0.482	0.477	0.503	0.535	0.554	0.536	0.501	0.527	0.52	0.513	0.503	0.516	0.544	0.495	0.458	0.492	0.5	0.477	0.562	0.611	0.663	0.526	0.493	0.332	0.53	0.503	0.497	0.512	0.551	0.514	0.503	0.483	0.401	0.495	
Chromosome	4214347	A	C	0.51	0.535	0.494	0.484	0.466	0.518	0.532	0.519	0.506	0.484	0.495	0.491	0.475	0.473	0.508	0.556	0.527	0.529	0.528	0.512	0.494	0.5	0.506	0.496	0.54	0.508	0.494	0.504	0.538	0.542	0.482	0.535	0.503	0.512	0.533	0.468	0.473	0.529	0.541	0.544	0.526	0.512	0.532	0.532	0.514	0.48	0.518	0.546	0.514	0.481	0.492	0.522	0.485	0.571	0.582	0.647	0.551	0.508	0.343	0.538	0.495	0.504	0.507	0.542	0.519	0.492	0.466	0.412	0.475	
Chromosome	4214560	C	A	0.452	0.474	0.477	0.478	0.533	0.441	0.444	0.525	0.503	0.465	0.518	0.466	0.465	0.544	0.5	0.53	0.506	0.48	0.485	0.401	0.533	0.478	0.449	0.475	0.494	0.517	0.494	0.476	0.515	0.485	0.48	0.481	0.502	0.45	0.481	0.463	0.458	0.491	0.505	0.538	0.511	0.524	0.498	0.496	0.478	0.497	0.486	0.431	0.453	0.479	0.42	0.509	0.468	0.49	0.472	0.509	0.462	0.494	0.408	0.494	0.506	0.43	0.49	0.489	0.515	0.442	0.432	0.326	0.498	
Chromosome	4214572	C	A	0.459	0.465	0.471	0.486	0.519	0.416	0.429	0.502	0.494	0.464	0.508	0.467	0.451	0.538	0.486	0.514	0.496	0.482	0.498	0.408	0.527	0.469	0.444	0.472	0.473	0.501	0.481	0.454	0.519	0.485	0.465	0.478	0.489	0.451	0.479	0.47	0.462	0.489	0.509	0.53	0.513	0.548	0.488	0.5	0.477	0.504	0.485	0.459	0.452	0.473	0.412	0.48	0.455	0.479	0.473	0.522	0.462	0.486	0.406	0.493	0.489	0.426	0.493	0.501	0.512	0.44	0.42	0.324	0.495	
Chromosome	4214624	G	T	0.448	0.459	0.45	0.447	0.487	0.407	0.436	0.455	0.444	0.435	0.469	0.439	0.447	0.524	0.416	0.5	0.464	0.442	0.441	0.378	0.51	0.412	0.391	0.45	0.471	0.45	0.439	0.427	0.477	0.418	0.416	0.428	0.461	0.421	0.448	0.407	0.434	0.451	0.476	0.503	0.453	0.507	0.467	0.444	0.435	0.464	0.448	0.438	0.421	0.397	0.385	0.465	0.392	0.463	0.462	0.491	0.472	0.401	0.378	0.451	0.436	0.409	0.476	0.485	0.462	0.409	0.377	0.333	0.511	
Chromosome	4214739	G	GT	0.34	0.32	0.364	0.304	0.395	0.304	0.332	0.352	0.324	0.338	0.351	0.336	0.368	0.472	0.392	0.342	0.38	0.312	0.339	0.353	0.34	0.358	0.313	0.303	0.316	0.331	0.332	0.321	0.353	0.327	0.388	0.339	0.358	0.305	0.333	0.327	0.332	0.362	0.287	0.317	0.332	0.357	0.306	0.309	0.32	0.334	0.355	0.331	0.371	0.301	0.321	0.371	0.324	0.352	0.367	0.535	0.391	0.331	0.26	0.338	0.314	0.329	0.36	0.327	0.316	0.303	0.304	0.266	0.329	
Chromosome	4214852	A	AG	0.06	0.048	0.058	0.023	0.074	0.043	0.078	0.072	0.05	0.056	0.076	0.083	0.069	0.07	0.099	0.049	0.107	0.048	0.074	0.046	0.047	0.057	0.059	0.07	0.045	0.05	0.069	0.061	0.07	0.066	0.067	0.066	0.062	0.073	0.066	0.022	0.065	0.047	0.037	0.051	0.087	0.097	0.015	0.066	0.044	0.084	0.064	0.024	0.074	0.088	0.054	0.039	0.026	0.069	0.048	0.065	0.06	0.058	0.082	0.057	0.058	0.053	0.058	0.067	0.049	0.073	0.054	0.058	0.045	
Chromosome	4214853	C	CAAT	0.0	0.0	0.004	0.0	0.0	0.0	0.0	0.008	0.0	0.0	0.013	0.003	0.0	0.0	0.0	0.006	0.0	0.0	0.006	0.0	0.0	0.004	0.0	0.008	0.003	0.0	0.0	0.003	0.004	0.0	0.004	0.0	0.0	0.0	0.003	0.011	0.0	0.006	0.0	0.034	0.0	0.067	0.0	0.004	0.0	0.0	0.004	0.0	0.0	0.0	0.0	0.007	0.0	0.006	0.008	0.0	0.004	0.006	0.06	0.0	0.0	0.0	0.008	0.009	0.0	0.0	0.0	0.0	0.019	
Chromosome	4214855	A	ATCAAT	0.045	0.039	0.05	0.009	0.048	0.05	0.07	0.072	0.049	0.042	0.082	0.072	0.07	0.066	0.096	0.044	0.102	0.049	0.067	0.041	0.045	0.046	0.048	0.066	0.041	0.039	0.058	0.066	0.071	0.065	0.071	0.058	0.069	0.069	0.071	0.022	0.059	0.048	0.036	0.045	0.078	0.078	0.015	0.062	0.044	0.067	0.06	0.04	0.07	0.081	0.048	0.052	0.027	0.07	0.056	0.107	0.055	0.061	0.05	0.052	0.072	0.057	0.058	0.058	0.057	0.062	0.05	0.051	0.032	
Chromosome	4214859	C	T	0.036	0.041	0.036	0.009	0.045	0.042	0.073	0.065	0.044	0.049	0.07	0.058	0.061	0.05	0.085	0.033	0.101	0.052	0.059	0.036	0.042	0.04	0.046	0.059	0.039	0.032	0.057	0.062	0.066	0.051	0.056	0.051	0.066	0.069	0.059	0.023	0.056	0.049	0.025	0.046	0.073	0.077	0.015	0.061	0.039	0.061	0.052	0.043	0.065	0.051	0.049	0.041	0.028	0.071	0.058	0.088	0.05	0.058	0.052	0.05	0.059	0.048	0.051	0.052	0.051	0.05	0.047	0.05	0.028	
Chromosome	4214862	C	G	0.033	0.036	0.032	0.005	0.041	0.043	0.067	0.058	0.034	0.04	0.059	0.05	0.062	0.051	0.076	0.02	0.088	0.042	0.06	0.03	0.035	0.04	0.037	0.056	0.036	0.029	0.051	0.06	0.066	0.047	0.052	0.037	0.06	0.057	0.046	0.023	0.04	0.031	0.025	0.029	0.061	0.066	0.01	0.049	0.034	0.057	0.041	0.034	0.048	0.044	0.029	0.021	0.022	0.056	0.057	0.09	0.046	0.052	0.041	0.038	0.047	0.038	0.047	0.044	0.044	0.04	0.029	0.04	0.014	
Chromosome	4214864	C	A	0.031	0.045	0.032	0.01	0.03	0.034	0.057	0.057	0.03	0.04	0.042	0.044	0.055	0.051	0.066	0.021	0.084	0.034	0.048	0.045	0.031	0.032	0.03	0.049	0.036	0.022	0.051	0.043	0.055	0.033	0.045	0.024	0.052	0.049	0.04	0.018	0.034	0.019	0.024	0.024	0.037	0.066	0.01	0.041	0.03	0.051	0.035	0.034	0.034	0.038	0.028	0.021	0.022	0.042	0.048	0.078	0.034	0.041	0.03	0.033	0.038	0.038	0.035	0.04	0.044	0.04	0.035	0.037	0.014	
Chromosome	4442211	A	C	0.116	0.151	0.2	0.14	0.062	0.214	0.218	0.197	0.072	0.088	0.026	0.066	0.03	0.044	0.232	0.207	0.198	0.248	0.199	0.181	0.173	0.024	0.079	0.077	0.07	0.127	0.141	0.133	0.063	0.077	0.073	0.215	0.127	0.137	0.123	0.005	0.213	0.197	0.145	0.006	0.15	0.0	0.081	0.163	0.187	0.117	0.132	0.237	0.247	0.223	0.257	0.214	0.146	0.272	0.224	0.0	0.032	0.057	0.0	0.18	0.166	0.094	0.062	0.031	0.151	0.132	0.127	0.109	0.0	
Chromosome	4442222	A	T	0.18	0.221	0.221	0.2	0.063	0.255	0.214	0.217	0.135	0.087	0.078	0.091	0.08	0.102	0.208	0.182	0.263	0.264	0.223	0.248	0.216	0.092	0.094	0.086	0.064	0.096	0.193	0.207	0.099	0.103	0.085	0.269	0.204	0.145	0.235	0.0	0.24	0.255	0.154	0.0	0.163	0.0	0.117	0.132	0.239	0.189	0.196	0.295	0.261	0.208	0.274	0.241	0.156	0.231	0.286	0.042	0.073	0.078	0.0	0.219	0.166	0.166	0.113	0.077	0.206	0.192	0.198	0.159	0.0	
Chromosome	4615414	G	GC	0.0	0.271	0.0	0.0	0.0	0.0	0.0	0.0	0.004	0.0	0.0	0.0	0.0	0.0	0.0	0.006	0.0	0.01	0.0	0.0	0.0	0.0	0.0	0.0	0.0	0.0	0.0	0.0	0.0	0.0	0.004	0.0	0.0	0.0	0.0	0.0	0.0	0.0	0.0	0.0	0.0	0.0	0.0	0.0	0.0	0.003	0.0	0.0	0.0	0.0	0.0	0.0	0.0	0.0	0.0	0.0	0.0	0.0	0.0	0.0	0.0	0.0	0.0	0.0	0.0	0.0	0.0	0.0	0.0	
Chromosome	4676676	A	C	0.015	0.361	0.058	0.065	0.011	0.096	0.136	0.142	0.019	0.023	0.02	0.009	0.01	0.011	0.09	0.107	0.116	0.095	0.112	0.082	0.078	0.012	0.042	0.01	0.005	0.023	0.015	0.022	0.026	0.043	0.0	0.083	0.012	0.023	0.01	0.0	0.064	0.057	0.058	0.0	0.059	0.0	0.031	0.035	0.019	0.019	0.017	0.098	0.096	0.108	0.161	0.104	0.126	0.102	0.089	0.028	0.047	0.004	0.0	0.024	0.042	0.021	0.027	0.037	0.06	0.008	0.018	0.007	0.007	
Chromosome	4693363	T	G	0.113	0.201	0.19	0.166	0.065	0.167	0.188	0.257	0.086	0.084	0.109	0.12	0.122	0.101	0.171	0.099	0.2	0.143	0.187	0.205	0.232	0.072	0.107	0.108	0.145	0.128	0.154	0.088	0.07	0.105	0.106	0.127	0.131	0.119	0.098	0.006	0.195	0.204	0.12	0.0	0.207	0.0	0.031	0.171	0.123	0.113	0.113	0.17	0.221	0.112	0.147	0.164	0.223	0.18	0.191	0.085	0.066	0.065	0.006	0.095	0.16	0.139	0.072	0.137	0.134	0.13	0.111	0.086	0.0	
Chromosome	4693367	T	G	0.089	0.22	0.175	0.142	0.029	0.172	0.138	0.215	0.071	0.089	0.079	0.06	0.109	0.075	0.159	0.099	0.206	0.175	0.13	0.175	0.207	0.084	0.081	0.07	0.077	0.097	0.079	0.072	0.042	0.085	0.085	0.128	0.093	0.094	0.086	0.0	0.13	0.194	0.155	0.019	0.193	0.006	0.032	0.189	0.086	0.081	0.111	0.148	0.186	0.141	0.152	0.189	0.198	0.188	0.213	0.106	0.065	0.1	0.0	0.093	0.127	0.091	0.055	0.108	0.131	0.09	0.11	0.056	0.0	
Chromosome	4693369	C	G	0.054	0.119	0.101	0.103	0.019	0.089	0.13	0.143	0.071	0.027	0.041	0.02	0.051	0.055	0.072	0.092	0.12	0.116	0.117	0.147	0.128	0.076	0.06	0.052	0.04	0.037	0.076	0.064	0.018	0.085	0.045	0.128	0.054	0.047	0.021	0.006	0.095	0.082	0.101	0.0	0.097	0.0	0.052	0.102	0.092	0.06	0.053	0.118	0.17	0.162	0.117	0.104	0.142	0.158	0.196	0.085	0.093	0.046	0.0	0.059	0.075	0.066	0.02	0.043	0.079	0.058	0.065	0.04	0.0	
Chromosome	4693374	A	C	0.094	0.147	0.119	0.112	0.065	0.095	0.033	0.067	0.035	0.073	0.106	0.063	0.074	0.076	0.114	0.024	0.055	0.045	0.059	0.044	0.133	0.037	0.089	0.088	0.066	0.117	0.072	0.099	0.053	0.067	0.072	0.119	0.051	0.095	0.104	0.0	0.135	0.144	0.103	0.0	0.108	0.0	0.02	0.14	0.078	0.094	0.062	0.012	0.071	0.062	0.09	0.042	0.055	0.019	0.028	0.058	0.043	0.059	0.006	0.074	0.056	0.066	0.065	0.086	0.112	0.086	0.1	0.054	0.0	
Chromosome	4693375	T	G	0.206	0.347	0.259	0.235	0.12	0.25	0.237	0.314	0.119	0.22	0.214	0.249	0.238	0.195	0.281	0.189	0.238	0.227	0.248	0.277	0.376	0.145	0.205	0.203	0.246	0.221	0.221	0.223	0.145	0.166	0.212	0.216	0.241	0.221	0.215	0.006	0.284	0.335	0.264	0.006	0.264	0.0	0.137	0.268	0.249	0.169	0.212	0.193	0.239	0.214	0.25	0.213	0.264	0.204	0.284	0.176	0.184	0.148	0.012	0.225	0.223	0.21	0.186	0.219	0.243	0.189	0.256	0.15	0.0	
Chromosome	4709847	G	GC	0.017	0.242	0.014	0.01	0.125	0.014	0.0	0.0	0.005	0.005	0.022	0.019	0.188	0.0	0.276	0.932	0.022	0.0	0.014	0.008	0.005	0.119	0.014	0.012	0.036	0.01	0.007	0.011	0.23	0.234	0.157	0.0	0.007	0.0	0.007	0.017	0.189	0.011	0.008	0.0	0.023	0.006	0.014	0.021	0.018	0.004	0.002	0.0	0.006	0.008	0.007	0.007	0.19	0.02	0.018	0.0	0.007	0.009	0.006	0.011	0.02	0.008	0.015	0.018	0.005	0.027	0.012	0.08	0.018	
Chromosome	4738601	T	G	0.179	0.208	0.199	0.215	0.07	0.196	0.211	0.261	0.184	0.181	0.141	0.131	0.231	0.247	0.348	0.21	0.277	0.194	0.268	0.255	0.246	0.207	0.138	0.145	0.158	0.209	0.157	0.132	0.082	0.258	0.21	0.297	0.152	0.193	0.133	0.0	0.202	0.177	0.219	0.011	0.212	0.0	0.188	0.241	0.133	0.138	0.187	0.25	0.208	0.254	0.261	0.229	0.239	0.279	0.229	0.2	0.233	0.288	0.0	0.134	0.163	0.163	0.163	0.142	0.234	0.193	0.164	0.15	0.006	
Chromosome	5115098	T	G	0.203	0.203	0.181	0.177	0.112	0.185	0.181	0.17	0.122	0.117	0.157	0.136	0.152	0.12	0.172	0.24	0.193	0.168	0.195	0.252	0.196	0.08	0.124	0.114	0.093	0.149	0.155	0.165	0.104	0.105	0.139	0.166	0.184	0.194	0.162	0.0	0.23	0.202	0.18	0.0	0.162	0.0	0.074	0.164	0.141	0.142	0.205	0.204	0.177	0.174	0.184	0.222	0.17	0.152	0.177	0.15	0.094	0.092	0.0	0.207	0.193	0.156	0.113	0.104	0.193	0.141	0.178	0.228	0.0	
Chromosome	5130928	A	C	0.149	0.127	0.162	0.141	0.137	0.272	0.19	0.239	0.157	0.169	0.114	0.179	0.107	0.17	0.188	0.238	0.191	0.207	0.168	0.165	0.159	0.168	0.162	0.108	0.144	0.153	0.172	0.137	0.148	0.207	0.134	0.146	0.141	0.146	0.138	0.0	0.18	0.141	0.166	0.0	0.143	0.019	0.124	0.135	0.139	0.174	0.132	0.185	0.188	0.135	0.222	0.174	0.245	0.218	0.176	0.208	0.192	0.191	0.012	0.161	0.18	0.147	0.161	0.192	0.158	0.165	0.122	0.13	0.01	
Chromosome	5461789	T	G	0.108	0.346	0.349	0.333	0.107	0.359	0.451	0.46	0.412	0.225	0.197	0.174	0.5	0.404	0.315	0.39	0.494	0.459	0.457	0.602	0.455	0.442	0.239	0.237	0.217	0.231	0.174	0.22	0.145	0.316	0.327	0.353	0.17	0.168	0.167	0.0	0.33	0.357	0.409	0.008	0.326	0.006	0.263	0.33	0.181	0.164	0.215	0.327	0.487	0.46	0.532	0.438	0.352	0.44	0.413	0.6	0.472	0.342	0.011	0.163	0.144	0.082	0.179	0.278	0.232	0.118	0.137	0.175	0.01	
Chromosome	5461833	T	G	0.088	0.129	0.152	0.101	0.059	0.027	0.205	0.127	0.057	0.042	0.04	0.116	0.061	0.05	0.154	0.169	0.131	0.105	0.209	0.089	0.152	0.02	0.054	0.076	0.053	0.072	0.074	0.079	0.035	0.037	0.053	0.16	0.1	0.094	0.054	0.0	0.127	0.156	0.136	0.0	0.098	0.0	0.019	0.116	0.116	0.081	0.098	0.111	0.157	0.128	0.127	0.122	0.106	0.105	0.143	0.0	0.041	0.041	0.0	0.089	0.087	0.079	0.081	0.052	0.114	0.07	0.078	0.119	0.0	
Chromosome	5512267	A	C	0.136	0.204	0.247	0.181	0.136	0.148	0.275	0.185	0.193	0.122	0.205	0.17	0.194	0.214	0.205	0.27	0.237	0.228	0.226	0.227	0.195	0.233	0.173	0.184	0.201	0.177	0.138	0.15	0.116	0.181	0.239	0.144	0.131	0.143	0.133	0.0	0.181	0.201	0.176	0.006	0.208	0.005	0.164	0.26	0.116	0.126	0.154	0.179	0.237	0.242	0.247	0.222	0.264	0.202	0.262	0.289	0.301	0.2	0.005	0.129	0.12	0.087	0.192	0.169	0.136	0.123	0.111	0.126	0.0	
Chromosome	5861538	G	GC	0.0	0.208	0.0	0.0	0.0	0.0	0.0	0.0	0.0	0.0	0.0	0.0	0.0	0.0	0.0	0.0	0.0	0.0	0.0	0.0	0.0	0.0	0.0	0.0	0.0	0.0	0.0	0.0	0.0	0.0	0.0	0.0	0.0	0.0	0.0	0.0	0.0	0.0	0.0	0.0	0.0	0.0	0.0	0.0	0.0	0.0	0.0	0.0	0.0	0.0	0.0	0.0	0.0	0.0	0.0	0.0	0.0	0.0	0.0	0.0	0.0	0.0	0.0	0.0	0.0	0.0	0.0	0.0	0.0	
Chromosome	5921672	C	A	0.201	0.212	0.171	0.183	0.066	0.184	0.178	0.21	0.015	0.1	0.096	0.067	0.052	0.034	0.177	0.152	0.22	0.152	0.189	0.267	0.186	0.022	0.051	0.067	0.066	0.088	0.172	0.22	0.067	0.025	0.078	0.212	0.19	0.185	0.16	0.0	0.19	0.134	0.21	0.0	0.124	0.0	0.056	0.125	0.18	0.211	0.186	0.141	0.193	0.15	0.231	0.272	0.173	0.14	0.205	0.0	0.081	0.058	0.0	0.154	0.131	0.205	0.098	0.049	0.21	0.166	0.161	0.156	0.0	
Chromosome	5939320	T	G	0.13	0.187	0.178	0.21	0.047	0.221	0.192	0.246	0.157	0.179	0.155	0.148	0.159	0.106	0.252	0.262	0.273	0.221	0.245	0.23	0.234	0.155	0.134	0.145	0.122	0.11	0.137	0.132	0.077	0.106	0.153	0.19	0.148	0.139	0.122	0.0	0.177	0.216	0.167	0.0	0.216	0.0	0.156	0.201	0.121	0.145	0.154	0.258	0.238	0.256	0.282	0.267	0.221	0.256	0.246	0.163	0.137	0.139	0.0	0.108	0.177	0.119	0.104	0.112	0.158	0.131	0.159	0.092	0.0	
Chromosome	6058585	G	T	0.0	0.153	0.0	0.0	0.0	0.0	0.0	0.0	0.0	0.0	0.0	0.0	0.005	0.0	0.0	0.0	0.0	0.0	0.0	0.0	0.0	0.0	0.0	0.004	0.0	0.004	0.0	0.0	0.0	0.0	0.0	0.0	0.0	0.002	0.0	0.0	0.0	0.0	0.0	0.0	0.0	0.0	0.0	0.004	0.0	0.0	0.0	0.008	0.0	0.0	0.0	0.0	0.008	0.0	0.0	0.0	0.0	0.0	0.004	0.0	0.003	0.0	0.0	0.005	0.003	0.0	0.0	0.0	0.0	
Chromosome	6135889	T	G	0.068	0.132	0.14	0.163	0.045	0.228	0.201	0.267	0.148	0.118	0.12	0.104	0.127	0.141	0.179	0.236	0.245	0.292	0.219	0.175	0.139	0.158	0.108	0.13	0.168	0.131	0.068	0.057	0.079	0.151	0.15	0.174	0.062	0.082	0.079	0.0	0.162	0.145	0.147	0.016	0.134	0.0	0.105	0.157	0.098	0.069	0.092	0.274	0.24	0.203	0.239	0.27	0.183	0.2	0.227	0.194	0.173	0.166	0.006	0.066	0.11	0.081	0.136	0.144	0.178	0.095	0.071	0.067	0.007	
Chromosome	6216065	G	GGCTCTTCGCAGTTGAGGGTGT	0.0	0.028	0.0	0.018	0.0	0.0	0.0	0.0	0.0	0.0	0.0	0.0	0.0	0.0	0.0	0.0	0.0	0.0	0.0	0.0	0.0	0.0	0.0	0.0	0.0	0.0	0.0	0.0	0.0	0.0	0.0	0.0	0.0	0.0	0.0	0.0	0.0	0.0	0.0	0.0	0.0	0.0	0.0	0.0	0.0	0.0	0.0	0.0	0.0	0.0	0.0	0.0	0.0	0.0	0.0	0.0	0.0	0.0	0.0	0.0	0.0	0.0	0.0	0.0	0.0	0.0	0.0	0.0	0.005	
Chromosome	6267166	T	C	0.0	0.321	0.0	0.0	0.0	0.0	0.0	0.0	0.0	0.0	0.0	0.0	0.0	0.0	0.0	0.0	0.0	0.0	0.0	0.006	0.0	0.0	0.0	0.0	0.0	0.0	0.0	0.003	0.0	0.0	0.0	0.0	0.0	0.0	0.0	0.004	0.0	0.0	0.0	0.0	0.0	0.0	0.0	0.0	0.0	0.0	0.002	0.0	0.0	0.0	0.0	0.0	0.0	0.0	0.0	0.0	0.0	0.0	0.0	0.0	0.0	0.0	0.0	0.0	0.0	0.0	0.0	0.0	0.0	
Chromosome	6274567	A	G	0.0	0.283	0.249	0.0	0.004	0.0	0.0	0.0	0.0	0.0	0.0	0.0	0.0	0.0	0.0	0.0	0.0	0.0	0.0	0.006	0.0	0.0	0.0	0.0	0.0	0.0	0.0	0.0	0.0	0.0	0.0	0.0	0.0	0.0	0.0	0.0	0.627	0.0	0.0	0.0	0.004	0.0	0.0	0.0	0.0	0.0	0.0	0.0	0.0	0.0	0.0	0.0	0.0	0.0	0.0	0.0	0.0	0.0	0.0	0.0	0.002	0.0	0.0	0.0	0.0	0.0	0.0	0.0	0.047	
Chromosome	6336530	A	C	0.311	0.319	0.373	0.504	0.194	0.423	0.479	0.549	0.364	0.339	0.379	0.409	0.457	0.65	0.426	0.444	0.552	0.448	0.57	0.522	0.415	0.514	0.338	0.433	0.349	0.387	0.218	0.247	0.255	0.371	0.433	0.492	0.307	0.271	0.27	0.0	0.387	0.421	0.424	0.006	0.408	0.0	0.385	0.372	0.288	0.293	0.241	0.548	0.438	0.586	0.506	0.373	0.5	0.523	0.534	0.667	0.585	0.403	0.0	0.255	0.285	0.199	0.331	0.267	0.395	0.258	0.247	0.301	0.0	
Chromosome	6414165	G	GGGCTC	0.0	0.006	0.0	0.007	0.0	0.0	0.0	0.0	0.0	0.0	0.0	0.0	0.0	0.0	0.0	0.0	0.0	0.0	0.0	0.0	0.0	0.0	0.0	0.0	0.0	0.0	0.0	0.0	0.0	0.0	0.0	0.0	0.0	0.0	0.0	0.0	0.0	0.0	0.0	0.0	0.0	0.0	0.0	0.0	0.0	0.0	0.0	0.0	0.0	0.0	0.0	0.0	0.0	0.0	0.0	0.0	0.0	0.0	0.0	0.0	0.0	0.0	0.0	0.0	0.0	0.0	0.0	0.0	0.0	
Chromosome	6414167	G	T	0.0	0.0	0.0	0.0	0.0	0.0	0.0	0.0	0.0	0.004	0.0	0.0	0.0	0.0	0.0	0.0	0.0	0.0	0.0	0.0	0.0	0.0	0.0	0.0	0.0	0.003	0.0	0.0	0.004	0.0	0.0	0.0	0.0	0.0	0.006	0.0	0.0	0.0	0.005	0.0	0.01	0.0	0.0	0.0	0.0	0.0	0.0	0.0	0.0	0.0	0.0	0.0	0.0	0.007	0.0	0.0	0.0	0.0	0.0	0.0	0.0	0.0	0.0	0.0	0.0	0.0	0.0	0.0	0.0	
Chromosome	6414170	C	CA	0.0	0.013	0.021	0.0	0.0	0.0	0.0	0.0	0.0	0.0	0.0	0.0	0.0	0.0	0.0	0.0	0.0	0.0	0.0	0.0	0.0	0.0	0.0	0.0	0.0	0.0	0.0	0.0	0.0	0.0	0.0	0.0	0.0	0.0	0.0	0.0	0.0	0.0	0.0	0.0	0.0	0.0	0.0	0.0	0.0	0.0	0.0	0.0	0.0	0.0	0.0	0.0	0.0	0.0	0.0	0.0	0.0	0.0	0.0	0.0	0.0	0.0	0.0	0.0	0.0	0.0	0.0	0.0	0.0	
Chromosome	6414171	C	CTTGACGGT	0.0	0.0	0.0	0.0	0.0	0.0	0.0	0.0	0.0	0.0	0.0	0.0	0.0	0.0	0.0	0.0	0.0	0.0	0.0	0.0	0.0	0.0	0.0	0.0	0.0	0.0	0.0	0.0	0.0	0.0	0.0	0.0	0.0	0.0	0.0	0.0	0.0	0.0	0.0	0.0	0.0	0.0	0.0	0.0	0.0	0.0	0.0	0.0	0.0	0.0	0.0	0.0	0.0	0.0	0.0	0.0	0.0	0.0	0.0	0.0	0.0	0.0	0.0	0.0	0.0	0.0	0.0	0.0	0.0	
Chromosome	6478690	A	C	0.176	0.215	0.223	0.195	0.093	0.306	0.242	0.271	0.244	0.174	0.205	0.192	0.207	0.183	0.27	0.239	0.265	0.26	0.193	0.248	0.271	0.253	0.176	0.176	0.124	0.199	0.203	0.196	0.146	0.201	0.206	0.275	0.195	0.176	0.141	0.0	0.27	0.287	0.257	0.006	0.327	0.0	0.112	0.229	0.196	0.202	0.182	0.363	0.285	0.252	0.296	0.308	0.305	0.296	0.255	0.241	0.199	0.18	0.0	0.193	0.166	0.147	0.188	0.162	0.247	0.124	0.19	0.182	0.023	
Chromosome	6478702	A	C	0.165	0.215	0.273	0.219	0.067	0.328	0.224	0.229	0.262	0.16	0.17	0.169	0.228	0.167	0.173	0.264	0.313	0.289	0.181	0.205	0.216	0.255	0.147	0.168	0.198	0.167	0.116	0.158	0.13	0.234	0.237	0.259	0.131	0.136	0.102	0.005	0.226	0.227	0.246	0.0	0.298	0.0	0.123	0.2	0.152	0.139	0.142	0.347	0.32	0.324	0.312	0.315	0.296	0.268	0.261	0.222	0.224	0.273	0.005	0.154	0.117	0.124	0.164	0.186	0.224	0.088	0.134	0.114	0.007	
Chromosome	6529188	GC	G	0.003	0.117	0.0	0.004	0.0	0.012	0.014	0.0	0.003	0.004	0.0	0.0	0.0	0.0	0.009	0.0	0.006	0.0	0.006	0.0	0.004	0.012	0.003	0.007	0.0	0.003	0.003	0.017	0.007	0.004	0.0	0.004	0.0	0.007	0.008	0.007	0.0	0.0	0.007	0.004	0.004	0.014	0.0	0.008	0.006	0.003	0.005	0.0	0.0	0.008	0.01	0.012	0.007	0.012	0.007	0.057	0.008	0.003	0.0	0.004	0.007	0.002	0.0	0.01	0.012	0.003	0.007	0.003	0.005	
Chromosome	6715540	A	C	0.003	0.116	0.032	0.0	0.006	0.014	0.007	0.007	0.003	0.019	0.014	0.015	0.007	0.006	0.01	0.012	0.0	0.007	0.0	0.025	0.012	0.008	0.003	0.014	0.004	0.017	0.006	0.007	0.0	0.01	0.009	0.016	0.006	0.002	0.003	0.0	0.01	0.014	0.09	0.0	0.006	0.005	0.007	0.005	0.009	0.013	0.009	0.0	0.006	0.007	0.006	0.0	0.006	0.02	0.0	0.0	0.0	0.015	0.0	0.003	0.006	0.007	0.004	0.005	0.007	0.0	0.008	0.0	0.0	
Chromosome	6923330	T	G	0.29	0.319	0.397	0.421	0.253	0.352	0.347	0.411	0.365	0.333	0.374	0.324	0.472	0.587	0.472	0.467	0.396	0.397	0.383	0.427	0.39	0.423	0.307	0.372	0.351	0.382	0.258	0.264	0.271	0.46	0.412	0.466	0.31	0.292	0.261	0.0	0.392	0.372	0.322	0.0	0.42	0.006	0.265	0.283	0.261	0.294	0.261	0.339	0.411	0.474	0.417	0.493	0.376	0.471	0.507	0.588	0.413	0.437	0.0	0.261	0.3	0.279	0.36	0.294	0.352	0.236	0.273	0.232	0.014	
