chromosome	pos	ref	mut	APAW	CLFB	CLFA	CLFC	Ana1	BedA	BedB	BedC	BedD	CipA	CipB	CipC	CombA2	CombA3	CombA	CombAu1	CombAu3	CombAu5	CombB	CombC	CycloA	CycloB	CycloC	EMBA	EMBB	EMBC	INH1	INH2	INHA	LzdA	LzdB	LzdC	M91	M92	M9B	MA_F1	MA_F2	MA_F3	MA_H1	MA_H2	MA_H3	MA_S1	MA_S2	MA_S3	MMCA	MMCB	MMCC	MockA	MockB	MockC	MockD	MockE	MockF	MockG	MockH	MockI	MockJ	MockK	MockL	NANOA	NANOB	NANOC	RIFA	RIFB	RIFC	UV1	UV2	UV3	WT_Msm
Chromosome	143	C	A	0.0	0.171	0.0	0.0	0.0	0.012	0.0	0.0	0.0	0.0	0.0	0.0	0.0	0.0	0.0	0.0	0.014	0.0	0.0	0.0	0.008	0.0	0.0	0.0	0.0	0.0	0.0	0.0	0.0	0.0	0.0	0.0	0.0	0.0	0.0	0.0	0.0	0.0	0.0	0.0	0.0	0.0	0.0	0.0	0.007	0.0	0.217	0.0	0.0	0.0	0.0	0.0	0.0	0.0	0.0	0.0	0.0	0.007	0.006	0.0	0.005	0.0	0.0	0.0	0.0	0.0	0.0	0.0	0.0	
Chromosome	5934	G	T	0.0	0.071	0.0	0.0	0.0	0.0	0.0	0.0	0.0	0.0	0.0	0.0	0.0	0.0	0.0	0.006	0.01	0.0	0.0	0.0	0.0	0.0	0.0	0.004	0.0	0.0	0.003	0.0	0.0	0.0	0.0	0.0	0.003	0.0	0.0	0.0	0.0	0.0	0.0	0.0	0.0	0.0	0.0	0.0	0.0	0.0	0.004	0.0	0.0	0.006	0.006	0.0	0.006	0.0	0.0	0.0	0.0	0.0	0.0	0.002	0.0	0.003	0.0	0.0	0.003	0.0	0.002	0.0	0.0	
Chromosome	57124	A	C	0.278	0.178	0.207	0.188	0.188	0.272	0.292	0.272	0.13	0.286	0.326	0.326	0.142	0.111	0.284	0.296	0.372	0.336	0.313	0.306	0.364	0.086	0.15	0.198	0.19	0.168	0.254	0.263	0.127	0.104	0.11	0.361	0.246	0.231	0.224	0.005	0.284	0.254	0.308	0.0	0.302	0.012	0.159	0.257	0.269	0.273	0.262	0.344	0.284	0.302	0.256	0.25	0.289	0.295	0.325	0.111	0.07	0.107	0.004	0.224	0.254	0.235	0.173	0.207	0.311	0.307	0.275	0.272	0.012	
Chromosome	63143	C	A	0.0	0.157	0.0	0.0	0.0	0.0	0.006	0.0	0.0	0.0	0.0	0.005	0.0	0.0	0.0	0.0	0.0	0.0	0.0	0.0	0.0	0.0	0.0	0.005	0.0	0.0	0.0	0.0	0.0	0.005	0.0	0.0	0.0	0.0	0.0	0.0	0.0	0.0	0.0	0.0	0.0	0.0	0.0	0.0	0.0	0.003	0.237	0.0	0.0	0.0	0.0	0.0	0.0	0.0	0.0	0.0	0.0	0.0	0.0	0.0	0.0	0.0	0.0	0.0	0.0	0.003	0.0	0.003	0.0	
Chromosome	64992	T	G	0.148	0.157	0.174	0.208	0.15	0.294	0.305	0.25	0.251	0.171	0.238	0.23	0.27	0.26	0.276	0.337	0.376	0.369	0.325	0.306	0.257	0.188	0.17	0.184	0.168	0.178	0.136	0.128	0.12	0.298	0.246	0.302	0.176	0.125	0.14	0.028	0.22	0.283	0.287	0.022	0.29	0.015	0.195	0.228	0.193	0.177	0.154	0.349	0.34	0.421	0.366	0.394	0.373	0.364	0.368	0.222	0.261	0.27	0.006	0.189	0.15	0.113	0.23	0.221	0.22	0.121	0.148	0.162	0.067	
Chromosome	65001	A	C	0.148	0.201	0.211	0.171	0.099	0.358	0.298	0.298	0.303	0.251	0.247	0.336	0.294	0.235	0.371	0.396	0.439	0.471	0.317	0.361	0.23	0.254	0.219	0.232	0.221	0.235	0.163	0.164	0.131	0.226	0.254	0.251	0.248	0.182	0.174	0.0	0.255	0.25	0.265	0.007	0.304	0.0	0.172	0.219	0.208	0.158	0.185	0.345	0.429	0.337	0.325	0.398	0.336	0.387	0.371	0.324	0.272	0.256	0.0	0.119	0.196	0.172	0.242	0.174	0.21	0.17	0.17	0.152	0.0	
Chromosome	127151	C	T	0.0	0.036	0.0	0.0	0.0	0.0	0.0	0.0	0.0	0.0	0.0	0.005	0.0	0.0	0.0	0.0	0.0	0.0	0.0	0.0	0.0	0.0	0.0	0.0	0.0	0.0	0.0	0.0	0.0	0.0	0.0	0.0	0.0	0.002	0.0	0.0	0.0	0.0	0.0	0.0	0.0	0.0	0.0	0.0	0.0	0.0	0.0	0.0	0.0	0.0	0.0	0.0	0.0	0.0	0.0	0.0	0.0	0.0	0.004	0.0	0.0	0.0	0.0	0.0	0.0	0.0	0.002	0.0	0.0	
Chromosome	204071	T	C	0.271	0.357	0.34	0.372	0.225	0.34	0.267	0.364	0.36	0.395	0.312	0.375	0.414	0.485	0.304	0.313	0.303	0.28	0.291	0.309	0.344	0.392	0.354	0.399	0.346	0.326	0.292	0.278	0.271	0.447	0.405	0.348	0.305	0.307	0.293	0.0	0.29	0.299	0.361	0.0	0.327	0.0	0.346	0.318	0.284	0.289	0.294	0.222	0.221	0.281	0.227	0.295	0.282	0.273	0.268	0.446	0.381	0.385	0.0	0.288	0.271	0.281	0.274	0.332	0.337	0.257	0.347	0.312	0.0	
Chromosome	249685	T	G	0.142	0.19	0.188	0.165	0.141	0.373	0.327	0.294	0.225	0.256	0.203	0.226	0.264	0.302	0.259	0.252	0.416	0.333	0.319	0.35	0.219	0.204	0.211	0.199	0.234	0.165	0.121	0.144	0.089	0.276	0.245	0.207	0.155	0.146	0.125	0.0	0.23	0.227	0.235	0.0	0.19	0.029	0.196	0.23	0.139	0.123	0.12	0.357	0.331	0.375	0.236	0.362	0.324	0.324	0.435	0.344	0.255	0.217	0.0	0.137	0.141	0.121	0.219	0.157	0.229	0.175	0.132	0.127	0.0	
Chromosome	374690	G	T	0.0	0.034	0.0	0.0	0.0	0.0	0.0	0.0	0.0	0.0	0.005	0.004	0.0	0.0	0.0	0.0	0.006	0.009	0.0	0.005	0.0	0.0	0.0	0.0	0.0	0.0	0.0	0.0	0.0	0.004	0.004	0.0	0.0	0.0	0.0	0.0	0.0	0.0	0.0	0.0	0.0	0.0	0.0	0.0	0.0	0.0	0.0	0.0	0.0	0.0	0.0	0.0	0.0	0.0	0.0	0.0	0.0	0.0	0.0	0.0	0.0	0.004	0.0	0.0	0.003	0.0	0.003	0.0	0.0	
Chromosome	379867	G	C	0.0	0.25	0.0	0.0	0.0	0.0	0.0	0.0	0.0	0.0	0.0	0.0	0.0	0.0	0.0	0.0	0.0	0.0	0.0	0.0	0.0	0.0	0.0	0.0	0.0	0.0	0.0	0.0	0.0	0.0	0.0	0.0	0.0	0.0	0.0	0.0	0.0	0.0	0.0	0.0	0.0	0.005	0.0	0.0	0.0	0.238	0.002	0.0	0.0	0.0	0.0	0.0	0.0	0.0	0.0	0.0	0.0	0.0	0.004	0.0	0.0	0.0	0.0	0.0	0.0	0.0	0.0	0.0	0.0	
Chromosome	417985	T	A	0.107	0.172	0.113	0.119	0.06	0.078	0.115	0.163	0.183	0.16	0.14	0.113	0.165	0.166	0.163	0.133	0.092	0.121	0.139	0.142	0.165	0.218	0.131	0.1	0.174	0.083	0.167	0.133	0.165	0.166	0.177	0.157	0.131	0.09	0.14	0.0	0.126	0.161	0.107	0.0	0.104	0.0	0.092	0.118	0.145	0.151	0.15	0.088	0.118	0.177	0.112	0.185	0.084	0.164	0.137	0.243	0.199	0.136	0.0	0.146	0.165	0.124	0.078	0.061	0.149	0.149	0.12	0.125	0.0	
Chromosome	520010	A	C	0.136	0.135	0.085	0.058	0.039	0.277	0.14	0.219	0.044	0.282	0.233	0.156	0.058	0.023	0.129	0.222	0.185	0.129	0.254	0.19	0.191	0.062	0.108	0.08	0.094	0.08	0.141	0.109	0.071	0.015	0.067	0.202	0.109	0.13	0.14	0.0	0.222	0.215	0.191	0.0	0.216	0.006	0.025	0.178	0.172	0.102	0.147	0.105	0.23	0.259	0.209	0.221	0.171	0.2	0.171	0.037	0.026	0.047	0.0	0.132	0.156	0.128	0.072	0.075	0.215	0.146	0.123	0.124	0.0	
Chromosome	579478	A	C	0.0	0.134	0.0	0.0	0.0	0.0	0.0	0.0	0.0	0.0	0.0	0.0	0.0	0.0	0.0	0.007	0.007	0.0	0.005	0.0	0.004	0.0	0.0	0.0	0.0	0.0	0.0	0.0	0.0	0.0	0.0	0.0	0.003	0.003	0.0	0.0	0.0	0.0	0.0	0.005	0.0	0.0	0.0	0.0	0.0	0.003	0.002	0.0	0.0	0.0	0.0	0.0	0.0	0.0	0.0	0.0	0.0	0.0	0.0	0.0	0.0	0.0	0.0	0.005	0.0	0.0	0.0	0.0	0.0	
Chromosome	708663	T	C	0.004	0.037	0.024	0.0	0.0	0.009	0.01	0.01	0.0	0.012	0.0	0.0	0.007	0.0	0.011	0.0	0.0	0.0	0.008	0.009	0.006	0.0	0.005	0.023	0.022	0.012	0.0	0.004	0.0	0.016	0.015	0.0	0.008	0.003	0.004	0.005	0.006	0.0	0.019	0.0	0.007	0.0	0.0	0.013	0.009	0.0	0.003	0.009	0.018	0.015	0.0	0.009	0.0	0.011	0.0	0.0	0.0	0.029	0.0	0.0	0.0	0.0	0.007	0.014	0.01	0.01	0.0	0.0	0.0	
Chromosome	708670	G	A	0.004	0.033	0.014	0.0	0.0	0.0	0.0	0.0	0.0	0.0	0.0	0.0	0.006	0.0	0.0	0.0	0.0	0.0	0.0	0.0	0.0	0.006	0.0	0.014	0.02	0.012	0.0	0.0	0.0	0.013	0.007	0.0	0.008	0.0	0.0	0.0	0.0	0.0	0.0	0.0	0.0	0.0	0.0	0.0	0.005	0.0	0.003	0.0	0.0	0.0	0.0	0.0	0.0	0.0	0.0	0.0	0.0	0.021	0.0	0.0	0.0	0.0	0.007	0.013	0.01	0.005	0.0	0.0	0.0	
Chromosome	708677	A	C	0.24	0.237	0.221	0.264	0.152	0.293	0.262	0.33	0.28	0.295	0.306	0.324	0.288	0.254	0.267	0.351	0.324	0.357	0.303	0.27	0.223	0.333	0.181	0.226	0.205	0.189	0.189	0.168	0.228	0.295	0.335	0.222	0.205	0.216	0.184	0.0	0.265	0.255	0.305	0.008	0.295	0.0	0.26	0.239	0.193	0.235	0.22	0.3	0.28	0.312	0.305	0.31	0.292	0.217	0.292	0.386	0.356	0.267	0.0	0.175	0.24	0.18	0.233	0.25	0.206	0.201	0.187	0.215	0.0	
Chromosome	788001	A	C	0.258	0.235	0.195	0.206	0.136	0.252	0.202	0.325	0.092	0.229	0.282	0.281	0.113	0.154	0.267	0.263	0.231	0.264	0.222	0.145	0.264	0.057	0.196	0.176	0.258	0.222	0.25	0.234	0.195	0.131	0.113	0.288	0.253	0.249	0.193	0.005	0.275	0.309	0.269	0.008	0.266	0.0	0.16	0.243	0.263	0.269	0.268	0.238	0.21	0.25	0.28	0.206	0.255	0.148	0.183	0.024	0.072	0.098	0.005	0.244	0.241	0.231	0.142	0.157	0.268	0.263	0.257	0.277	0.007	
Chromosome	821951	CCGCTGCTGCGGGTAGTAGCCGTCGG	C	0.0	0.119	0.011	0.0	0.0	0.007	0.007	0.0	0.008	0.0	0.017	0.0	0.0	0.008	0.008	0.0	0.0	0.007	0.0	0.013	0.013	0.025	0.015	0.0	0.0	0.01	0.003	0.007	0.004	0.011	0.005	0.005	0.0	0.004	0.003	0.0	0.0	0.0	0.0	0.0	0.0	0.005	0.0	0.0	0.004	0.003	0.002	0.016	0.0	0.008	0.0	0.0	0.007	0.0	0.007	0.0	0.018	0.012	0.017	0.007	0.0	0.003	0.004	0.005	0.004	0.003	0.0	0.003	0.0	
Chromosome	1137307	G	A	0.0	0.178	0.0	0.0	0.0	0.0	0.0	0.0	0.0	0.0	0.0	0.0	0.0	0.0	0.0	0.0	0.0	0.0	0.0	0.0	0.0	0.0	0.0	0.0	0.0	0.0	0.0	0.0	0.0	0.0	0.0	0.0	0.0	0.0	0.0	0.0	0.0	0.0	0.0	0.0	0.0	0.0	0.0	0.0	0.0	0.0	0.208	0.0	0.0	0.0	0.0	0.0	0.0	0.0	0.0	0.0	0.0	0.0	0.0	0.0	0.0	0.0	0.0	0.0	0.0	0.003	0.0	0.003	0.0	
Chromosome	1285637	C	G	0.244	0.268	0.308	0.256	0.135	0.309	0.242	0.231	0.328	0.219	0.231	0.224	0.339	0.362	0.321	0.23	0.275	0.364	0.322	0.22	0.308	0.332	0.273	0.299	0.243	0.254	0.257	0.252	0.23	0.357	0.35	0.325	0.217	0.241	0.228	0.0	0.21	0.28	0.207	0.0	0.282	0.0	0.33	0.266	0.226	0.234	0.249	0.368	0.31	0.386	0.32	0.324	0.362	0.338	0.284	0.393	0.288	0.308	0.0	0.224	0.241	0.162	0.226	0.298	0.289	0.202	0.221	0.254	0.0	
Chromosome	1285640	A	C	0.213	0.194	0.191	0.136	0.126	0.213	0.14	0.205	0.128	0.155	0.202	0.194	0.089	0.082	0.19	0.151	0.181	0.226	0.195	0.168	0.259	0.133	0.178	0.13	0.116	0.115	0.201	0.163	0.145	0.133	0.113	0.245	0.145	0.205	0.193	0.0	0.217	0.199	0.143	0.006	0.217	0.0	0.169	0.272	0.155	0.172	0.162	0.278	0.244	0.265	0.203	0.234	0.233	0.244	0.121	0.156	0.099	0.105	0.0	0.182	0.182	0.177	0.146	0.205	0.156	0.142	0.163	0.18	0.007	
Chromosome	1285643	G	C	0.285	0.109	0.109	0.114	0.114	0.264	0.177	0.183	0.09	0.192	0.231	0.236	0.075	0.065	0.244	0.228	0.22	0.266	0.241	0.228	0.266	0.093	0.13	0.135	0.094	0.082	0.253	0.232	0.092	0.041	0.052	0.253	0.244	0.226	0.259	0.0	0.179	0.282	0.151	0.0	0.232	0.0	0.067	0.269	0.256	0.255	0.257	0.305	0.242	0.282	0.236	0.236	0.253	0.192	0.189	0.071	0.081	0.043	0.0	0.238	0.236	0.202	0.09	0.151	0.219	0.175	0.246	0.261	0.0	
Chromosome	1285644	T	G	0.256	0.132	0.187	0.109	0.1	0.225	0.195	0.2	0.073	0.23	0.295	0.271	0.05	0.077	0.286	0.165	0.22	0.272	0.216	0.172	0.244	0.1	0.175	0.173	0.124	0.139	0.243	0.233	0.122	0.055	0.065	0.277	0.237	0.292	0.313	0.0	0.222	0.298	0.201	0.0	0.278	0.0	0.075	0.305	0.234	0.233	0.272	0.238	0.24	0.284	0.218	0.254	0.268	0.225	0.148	0.073	0.074	0.033	0.0	0.226	0.259	0.23	0.112	0.185	0.256	0.249	0.262	0.269	0.0	
Chromosome	1288650	A	T	0.009	0.045	0.013	0.016	0.05	0.007	0.0	0.0	0.015	0.004	0.005	0.0	0.014	0.048	0.0	0.0	0.0	0.0	0.0	0.007	0.004	0.0	0.022	0.009	0.004	0.005	0.003	0.006	0.008	0.021	0.013	0.021	0.0	0.016	0.0	0.0	0.0	0.0	0.005	0.0	0.0	0.0	0.0	0.0	0.006	0.0	0.008	0.0	0.0	0.0	0.0	0.0	0.0	0.0	0.0	0.0	0.012	0.03	0.0	0.005	0.0	0.0	0.0	0.018	0.0	0.006	0.005	0.0	0.0	
Chromosome	1385245	A	C	0.089	0.178	0.184	0.179	0.083	0.153	0.126	0.137	0.108	0.179	0.161	0.137	0.172	0.167	0.203	0.158	0.089	0.115	0.1	0.134	0.105	0.096	0.155	0.121	0.189	0.165	0.103	0.121	0.082	0.158	0.167	0.164	0.091	0.126	0.105	0.006	0.14	0.172	0.144	0.012	0.157	0.0	0.124	0.121	0.125	0.124	0.099	0.154	0.137	0.14	0.131	0.114	0.135	0.198	0.075	0.186	0.132	0.158	0.0	0.117	0.139	0.103	0.197	0.17	0.174	0.1	0.09	0.115	0.007	
Chromosome	1411132	A	.	0.0	0.0	0.0	0.0	0.0	0.0	0.0	0.0	0.0	0.0	0.0	0.0	0.0	0.0	0.0	0.0	0.0	0.0	0.0	0.0	0.0	0.0	0.0	0.0	0.0	0.0	0.0	0.0	0.0	0.0	0.0	0.0	0.0	0.0	0.0	0.0	0.0	0.0	0.0	0.0	0.0	0.0	0.0	0.0	0.0	0.0	0.0	0.0	0.0	0.0	0.0	0.0	0.0	0.0	0.0	0.0	0.0	0.0	0.0	0.0	0.0	0.0	0.0	0.0	0.0	0.0	0.0	0.0	0.0	
Chromosome	1411135	T	.	0.0	0.0	0.0	0.0	0.0	0.0	0.0	0.0	0.0	0.0	0.0	0.0	0.0	0.0	0.0	0.0	0.0	0.0	0.0	0.0	0.0	0.0	0.0	0.0	0.0	0.0	0.0	0.0	0.0	0.0	0.0	0.0	0.0	0.0	0.0	0.0	0.0	0.0	0.0	0.0	0.0	0.0	0.0	0.0	0.0	0.0	0.0	0.0	0.0	0.0	0.0	0.0	0.0	0.0	0.0	0.0	0.0	0.0	0.0	0.0	0.0	0.0	0.0	0.0	0.0	0.0	0.0	0.0	0.0	
Chromosome	1411139	C	.	0.0	0.0	0.0	0.0	0.0	0.0	0.0	0.0	0.0	0.0	0.0	0.0	0.0	0.0	0.0	0.0	0.0	0.0	0.0	0.0	0.0	0.0	0.0	0.0	0.0	0.0	0.0	0.0	0.0	0.0	0.0	0.0	0.0	0.0	0.0	0.0	0.0	0.0	0.0	0.0	0.0	0.0	0.0	0.0	0.0	0.0	0.0	0.0	0.0	0.0	0.0	0.0	0.0	0.0	0.0	0.0	0.0	0.0	0.0	0.0	0.0	0.0	0.0	0.0	0.0	0.0	0.0	0.0	0.0	
Chromosome	1437874	T	G	0.067	0.142	0.185	0.175	0.065	0.063	0.103	0.071	0.121	0.098	0.116	0.065	0.115	0.138	0.088	0.065	0.086	0.058	0.092	0.125	0.101	0.123	0.141	0.161	0.165	0.117	0.121	0.108	0.091	0.09	0.109	0.108	0.099	0.072	0.096	0.004	0.098	0.101	0.109	0.005	0.127	0.0	0.092	0.115	0.114	0.096	0.137	0.079	0.113	0.107	0.138	0.118	0.102	0.049	0.115	0.148	0.068	0.131	0.004	0.082	0.084	0.092	0.166	0.203	0.132	0.07	0.13	0.083	0.011	
Chromosome	1520117	G	C	0.0	0.076	0.0	0.0	0.0	0.0	0.0	0.0	0.0	0.0	0.0	0.0	0.0	0.0	0.0	0.0	0.0	0.0	0.0	0.0	0.0	0.0	0.0	0.0	0.0	0.0	0.0	0.0	0.0	0.0	0.0	0.0	0.0	0.0	0.0	0.006	0.0	0.0	0.0	0.0	0.0	0.0	0.0	0.0	0.0	0.0	0.0	0.0	0.0	0.0	0.006	0.0	0.0	0.0	0.0	0.0	0.0	0.0	0.0	0.0	0.0	0.0	0.0	0.0	0.0	0.0	0.0	0.0	0.0	
Chromosome	1574114	T	G	0.158	0.167	0.146	0.224	0.177	0.245	0.262	0.197	0.219	0.177	0.218	0.18	0.26	0.312	0.263	0.298	0.318	0.274	0.299	0.268	0.211	0.16	0.177	0.204	0.179	0.144	0.135	0.095	0.16	0.214	0.232	0.183	0.194	0.142	0.113	0.005	0.135	0.168	0.213	0.012	0.128	0.006	0.156	0.213	0.154	0.128	0.178	0.29	0.281	0.365	0.298	0.309	0.315	0.302	0.293	0.125	0.192	0.237	0.011	0.142	0.13	0.149	0.171	0.201	0.155	0.132	0.118	0.134	0.007	
Chromosome	1585109	G	C	0.0	0.039	0.006	0.01	0.009	0.0	0.0	0.0	0.0	0.0	0.0	0.0	0.005	0.009	0.0	0.0	0.0	0.0	0.0	0.006	0.0	0.0	0.013	0.0	0.027	0.0	0.0	0.0	0.0	0.005	0.015	0.0	0.0	0.0	0.0	0.0	0.0	0.0	0.0	0.0	0.0	0.0	0.0	0.0	0.0	0.0	0.002	0.0	0.0	0.0	0.0	0.0	0.0	0.0	0.0	0.0	0.0	0.009	0.0	0.002	0.0	0.003	0.009	0.0	0.0	0.0	0.0	0.0	0.0	
Chromosome	1585114	G	C	0.0	0.034	0.0	0.01	0.008	0.0	0.0	0.0	0.0	0.0	0.0	0.0	0.005	0.0	0.0	0.0	0.007	0.0	0.0	0.006	0.0	0.0	0.009	0.0	0.027	0.0	0.0	0.0	0.0	0.005	0.01	0.0	0.0	0.0	0.0	0.0	0.0	0.0	0.0	0.0	0.006	0.0	0.0	0.0	0.0	0.004	0.002	0.0	0.0	0.0	0.0	0.0	0.0	0.0	0.0	0.0	0.0	0.009	0.0	0.0	0.0	0.0	0.009	0.0	0.004	0.0	0.0	0.0	0.0	
Chromosome	1606589	G	T	0.0	0.254	0.0	0.0	0.0	0.0	0.015	0.0	0.0	0.0	0.006	0.0	0.006	0.0	0.0	0.0	0.0	0.0	0.011	0.0	0.0	0.0	0.0	0.0	0.0	0.0	0.0	0.004	0.0	0.0	0.0	0.0	0.003	0.0	0.0	0.0	0.0	0.0	0.0	0.0	0.005	0.009	0.0	0.0	0.0	0.206	0.0	0.0	0.0	0.01	0.0	0.0	0.0	0.0	0.008	0.0	0.006	0.004	0.0	0.0	0.0	0.0	0.0	0.0	0.0	0.0	0.0	0.0	0.0	
Chromosome	1631589	G	A	0.0	0.041	0.023	0.015	0.0	0.0	0.0	0.0	0.0	0.0	0.0	0.0	0.038	0.068	0.02	0.0	0.0	0.0	0.0	0.0	0.005	0.0	0.009	0.02	0.04	0.005	0.007	0.0	0.0	0.0	0.015	0.006	0.017	0.013	0.0	0.0	0.0	0.0	0.0	0.0	0.0	0.0	0.0	0.0	0.004	0.0	0.003	0.0	0.0	0.0	0.0	0.0	0.009	0.0	0.0	0.0	0.006	0.034	0.0	0.0	0.003	0.0	0.0	0.011	0.0	0.0	0.0	0.0	0.0	
Chromosome	1631590	T	C	0.0	0.041	0.022	0.015	0.0	0.0	0.0	0.0	0.0	0.0	0.0	0.0	0.038	0.072	0.02	0.007	0.0	0.0	0.0	0.0	0.005	0.0	0.009	0.02	0.038	0.005	0.007	0.0	0.0	0.0	0.015	0.006	0.017	0.013	0.0	0.0	0.0	0.0	0.0	0.006	0.0	0.0	0.0	0.0	0.004	0.0	0.003	0.0	0.0	0.0	0.0	0.0	0.009	0.0	0.0	0.0	0.006	0.034	0.0	0.0	0.003	0.0	0.0	0.01	0.0	0.0	0.0	0.0	0.008	
Chromosome	1695246	A	C	0.087	0.071	0.025	0.098	0.082	0.115	0.111	0.043	0.034	0.056	0.076	0.087	0.03	0.032	0.025	0.1	0.076	0.058	0.089	0.075	0.057	0.024	0.077	0.051	0.073	0.039	0.099	0.086	0.059	0.038	0.038	0.065	0.07	0.067	0.069	0.0	0.085	0.099	0.115	0.011	0.056	0.006	0.065	0.092	0.088	0.112	0.074	0.114	0.09	0.099	0.062	0.05	0.021	0.065	0.087	0.032	0.033	0.057	0.011	0.114	0.101	0.097	0.082	0.089	0.067	0.061	0.101	0.066	0.0	
Chromosome	1695247	T	TG	0.013	0.005	0.0	0.009	0.01	0.027	0.03	0.026	0.0	0.006	0.032	0.018	0.0	0.0	0.013	0.015	0.008	0.02	0.016	0.017	0.023	0.0	0.0	0.0	0.0	0.0	0.009	0.004	0.005	0.0	0.006	0.013	0.008	0.017	0.01	0.0	0.006	0.0	0.005	0.0	0.006	0.0	0.0	0.014	0.012	0.0	0.008	0.013	0.01	0.033	0.01	0.025	0.042	0.009	0.01	0.0	0.0	0.0	0.0	0.03	0.017	0.006	0.005	0.005	0.015	0.004	0.009	0.012	0.0	
Chromosome	1722306	T	G	0.0	0.123	0.0	0.004	0.0	0.0	0.008	0.008	0.004	0.009	0.005	0.005	0.005	0.0	0.0	0.0	0.007	0.016	0.006	0.0	0.0	0.014	0.012	0.0	0.0	0.0	0.0	0.0	0.0	0.011	0.009	0.01	0.003	0.002	0.003	0.0	0.0	0.0	0.015	0.0	0.0	0.005	0.0	0.005	0.003	0.0	0.005	0.0	0.0	0.016	0.0	0.0	0.0	0.006	0.009	0.0	0.016	0.004	0.0	0.0	0.0	0.0	0.013	0.0	0.004	0.003	0.0	0.0	0.012	
Chromosome	1747181	A	C	0.204	0.192	0.167	0.154	0.076	0.266	0.2	0.246	0.254	0.23	0.309	0.291	0.206	0.258	0.296	0.224	0.262	0.277	0.248	0.254	0.276	0.237	0.211	0.13	0.184	0.13	0.219	0.168	0.162	0.226	0.286	0.262	0.198	0.172	0.223	0.005	0.203	0.212	0.29	0.006	0.317	0.006	0.2	0.25	0.224	0.267	0.184	0.301	0.268	0.342	0.298	0.302	0.312	0.215	0.269	0.256	0.182	0.26	0.0	0.209	0.226	0.179	0.16	0.197	0.231	0.16	0.188	0.158	0.007	
Chromosome	1756627	T	G	0.135	0.139	0.126	0.101	0.048	0.225	0.149	0.21	0.097	0.142	0.17	0.136	0.108	0.082	0.211	0.201	0.176	0.201	0.218	0.148	0.152	0.061	0.101	0.099	0.1	0.115	0.094	0.092	0.077	0.099	0.086	0.184	0.128	0.11	0.079	0.005	0.177	0.178	0.104	0.007	0.155	0.006	0.086	0.165	0.108	0.112	0.116	0.257	0.2	0.134	0.205	0.272	0.225	0.252	0.211	0.125	0.045	0.109	0.006	0.105	0.115	0.042	0.083	0.083	0.155	0.104	0.104	0.087	0.0	
Chromosome	1763100	A	C	0.235	0.458	0.448	0.496	0.209	0.298	0.283	0.255	0.462	0.202	0.27	0.208	0.405	0.38	0.302	0.25	0.259	0.246	0.298	0.328	0.198	0.45	0.354	0.43	0.308	0.395	0.197	0.297	0.435	0.438	0.434	0.238	0.233	0.207	0.179	0.005	0.26	0.273	0.287	0.0	0.22	0.0	0.42	0.179	0.247	0.249	0.202	0.196	0.299	0.164	0.267	0.25	0.158	0.323	0.26	0.476	0.449	0.437	0.0	0.215	0.232	0.186	0.353	0.392	0.288	0.164	0.216	0.218	0.007	
Chromosome	1763101	G	C	0.244	0.486	0.427	0.461	0.163	0.441	0.489	0.354	0.531	0.305	0.284	0.292	0.436	0.442	0.302	0.36	0.339	0.356	0.31	0.426	0.26	0.462	0.399	0.384	0.331	0.408	0.271	0.295	0.496	0.511	0.464	0.313	0.294	0.255	0.291	0.0	0.337	0.318	0.321	0.0	0.307	0.0	0.551	0.233	0.291	0.307	0.263	0.255	0.397	0.29	0.431	0.323	0.237	0.446	0.327	0.5	0.481	0.468	0.0	0.267	0.291	0.257	0.435	0.427	0.329	0.19	0.25	0.297	0.0	
Chromosome	1777813	T	G	0.226	0.243	0.226	0.179	0.168	0.269	0.253	0.331	0.182	0.259	0.266	0.28	0.185	0.263	0.25	0.276	0.271	0.349	0.337	0.257	0.249	0.19	0.225	0.237	0.221	0.19	0.269	0.273	0.161	0.161	0.168	0.281	0.23	0.259	0.193	0.004	0.286	0.299	0.278	0.0	0.328	0.005	0.206	0.35	0.223	0.335	0.237	0.299	0.314	0.305	0.335	0.327	0.391	0.387	0.38	0.273	0.235	0.207	0.0	0.232	0.204	0.2	0.237	0.182	0.32	0.224	0.23	0.221	0.006	
Chromosome	1777822	T	G	0.193	0.151	0.133	0.091	0.109	0.29	0.243	0.307	0.104	0.21	0.266	0.222	0.098	0.202	0.193	0.238	0.321	0.37	0.333	0.308	0.275	0.113	0.181	0.168	0.156	0.134	0.26	0.219	0.099	0.133	0.114	0.274	0.216	0.218	0.191	0.004	0.282	0.293	0.304	0.0	0.29	0.0	0.133	0.323	0.242	0.278	0.227	0.261	0.348	0.291	0.341	0.337	0.382	0.418	0.321	0.111	0.186	0.154	0.0	0.188	0.196	0.202	0.172	0.126	0.303	0.212	0.2	0.202	0.0	
Chromosome	1787487	T	G	0.139	0.193	0.131	0.117	0.062	0.315	0.247	0.187	0.22	0.223	0.221	0.225	0.223	0.176	0.24	0.181	0.238	0.304	0.275	0.243	0.234	0.261	0.157	0.106	0.13	0.146	0.14	0.115	0.136	0.212	0.187	0.249	0.162	0.14	0.196	0.0	0.194	0.233	0.197	0.006	0.223	0.006	0.18	0.216	0.156	0.156	0.167	0.191	0.237	0.241	0.227	0.211	0.196	0.221	0.255	0.212	0.259	0.203	0.006	0.154	0.16	0.174	0.179	0.128	0.239	0.144	0.158	0.127	0.007	
Chromosome	1856956	A	C	0.08	0.134	0.104	0.094	0.09	0.135	0.157	0.143	0.103	0.159	0.119	0.127	0.111	0.108	0.164	0.173	0.147	0.144	0.148	0.179	0.124	0.099	0.113	0.113	0.081	0.105	0.086	0.076	0.083	0.104	0.105	0.146	0.133	0.073	0.111	0.0	0.119	0.107	0.13	0.012	0.167	0.0	0.077	0.145	0.1	0.081	0.071	0.144	0.11	0.142	0.113	0.167	0.17	0.161	0.147	0.111	0.099	0.109	0.013	0.122	0.064	0.103	0.104	0.079	0.107	0.075	0.092	0.073	0.0	
Chromosome	1936246	A	C	0.018	0.013	0.011	0.015	0.004	0.062	0.026	0.037	0.0	0.016	0.027	0.038	0.017	0.022	0.024	0.03	0.03	0.024	0.021	0.025	0.019	0.004	0.013	0.017	0.017	0.01	0.008	0.014	0.004	0.022	0.03	0.041	0.0	0.017	0.011	0.0	0.021	0.016	0.033	0.007	0.013	0.005	0.008	0.032	0.014	0.01	0.014	0.02	0.048	0.036	0.006	0.025	0.016	0.041	0.045	0.0	0.014	0.012	0.0	0.015	0.007	0.006	0.017	0.009	0.01	0.006	0.011	0.007	0.0	
Chromosome	1979870	T	G	0.143	0.169	0.121	0.157	0.072	0.285	0.246	0.26	0.197	0.258	0.212	0.302	0.207	0.135	0.276	0.297	0.294	0.187	0.25	0.197	0.299	0.167	0.102	0.126	0.168	0.2	0.139	0.142	0.088	0.19	0.188	0.18	0.173	0.143	0.118	0.005	0.249	0.198	0.159	0.0	0.201	0.0	0.121	0.218	0.143	0.177	0.15	0.285	0.248	0.372	0.386	0.282	0.264	0.338	0.255	0.167	0.24	0.283	0.0	0.127	0.144	0.093	0.131	0.142	0.188	0.125	0.134	0.141	0.011	
Chromosome	2036416	G	T	0.0	0.209	0.004	0.0	0.0	0.0	0.007	0.0	0.0	0.0	0.0	0.0	0.0	0.0	0.0	0.0	0.005	0.0	0.0	0.0	0.0	0.0	0.0	0.0	0.0	0.0	0.0	0.0	0.0	0.0	0.0	0.005	0.0	0.0	0.0	0.0	0.0	0.0	0.0	0.0	0.0	0.005	0.0	0.0	0.0	0.0	0.225	0.0	0.0	0.0	0.0	0.0	0.0	0.0	0.0	0.0	0.0	0.0	0.0	0.0	0.0	0.0	0.0	0.0	0.004	0.0	0.0	0.0	0.0	
Chromosome	2223894	A	C	0.076	0.15	0.088	0.083	0.046	0.102	0.041	0.087	0.11	0.114	0.12	0.142	0.09	0.117	0.113	0.102	0.072	0.066	0.068	0.116	0.114	0.114	0.098	0.073	0.105	0.113	0.094	0.061	0.075	0.161	0.107	0.177	0.08	0.065	0.082	0.071	0.097	0.112	0.156	0.049	0.139	0.023	0.049	0.121	0.074	0.06	0.064	0.044	0.113	0.092	0.083	0.106	0.042	0.092	0.087	0.178	0.086	0.127	0.021	0.073	0.052	0.103	0.11	0.126	0.122	0.078	0.075	0.061	0.033	
Chromosome	2224338	G	GGCGTGACGAGGTCAGATGCCGACC	0.512	0.377	0.508	0.481	0.4	0.529	0.452	0.526	0.458	0.51	0.468	0.391	0.48	0.556	0.667	0.582	0.439	0.484	0.55	0.614	0.562	0.453	0.455	0.581	0.577	0.597	0.517	0.567	0.456	0.634	0.483	0.611	0.543	0.571	0.532	0.364	0.571	0.442	0.538	0.204	0.56	0.417	0.537	0.571	0.488	0.536	0.495	0.519	0.613	0.545	0.533	0.591	0.5	0.474	0.744	0.562	0.538	0.5	0.354	0.504	0.531	0.582	0.479	0.5	0.687	0.553	0.574	0.447	0.333	
Chromosome	2264229	C	G	0.003	0.037	0.022	0.029	0.023	0.008	0.0	0.0	0.0	0.004	0.0	0.03	0.016	0.0	0.0	0.0	0.0	0.0	0.0	0.0	0.017	0.0	0.003	0.018	0.039	0.0	0.0	0.004	0.004	0.0	0.009	0.016	0.003	0.005	0.0	0.0	0.0	0.0	0.005	0.019	0.0	0.0	0.0	0.0	0.008	0.0	0.002	0.0	0.0	0.0	0.0	0.0	0.0	0.0	0.0	0.0	0.0	0.0	0.0	0.0	0.0	0.003	0.007	0.01	0.008	0.0	0.003	0.0	0.0	
Chromosome	2264230	C	G	0.003	0.037	0.022	0.029	0.023	0.0	0.0	0.0	0.0	0.004	0.0	0.03	0.016	0.0	0.0	0.0	0.0	0.0	0.0	0.0	0.017	0.0	0.003	0.018	0.039	0.0	0.0	0.004	0.004	0.0	0.009	0.016	0.003	0.005	0.0	0.005	0.0	0.0	0.0	0.012	0.0	0.0	0.0	0.0	0.004	0.0	0.002	0.0	0.0	0.0	0.0	0.0	0.0	0.0	0.0	0.0	0.0	0.0	0.0	0.0	0.0	0.003	0.007	0.01	0.004	0.0	0.003	0.0	0.0	
Chromosome	2429865	CG	C	0.055	0.171	0.008	0.007	0.03	0.007	0.036	0.227	0.039	0.015	0.022	0.016	0.03	0.026	0.009	0.017	0.024	0.007	0.013	0.006	0.264	0.554	0.652	0.031	0.012	0.04	0.02	0.026	0.01	0.019	0.304	0.016	0.022	0.31	0.011	0.016	0.024	0.005	0.015	0.006	0.034	0.006	0.027	0.028	0.014	0.029	0.036	0.024	0.045	0.022	0.187	0.039	0.032	0.011	0.109	0.018	0.03	0.196	0.021	0.026	0.021	0.029	0.439	0.53	0.331	0.228	0.03	0.034	0.0	
Chromosome	2437918	A	C	0.178	0.157	0.169	0.175	0.097	0.234	0.264	0.262	0.133	0.198	0.26	0.234	0.148	0.141	0.247	0.237	0.25	0.226	0.231	0.225	0.215	0.174	0.126	0.137	0.15	0.107	0.143	0.151	0.13	0.131	0.134	0.2	0.188	0.164	0.129	0.007	0.232	0.212	0.247	0.0	0.228	0.005	0.109	0.247	0.196	0.172	0.175	0.288	0.179	0.205	0.18	0.27	0.226	0.229	0.257	0.205	0.138	0.146	0.012	0.222	0.188	0.186	0.165	0.115	0.228	0.151	0.188	0.193	0.0	
Chromosome	2511894	T	G	0.048	0.092	0.053	0.066	0.037	0.017	0.096	0.087	0.059	0.063	0.037	0.03	0.077	0.03	0.009	0.069	0.034	0.053	0.069	0.052	0.056	0.06	0.058	0.058	0.053	0.071	0.042	0.03	0.043	0.097	0.062	0.042	0.023	0.036	0.016	0.004	0.064	0.075	0.031	0.0	0.1	0.0	0.045	0.073	0.055	0.034	0.06	0.019	0.057	0.031	0.065	0.047	0.052	0.034	0.11	0.0	0.065	0.024	0.006	0.059	0.061	0.069	0.077	0.049	0.072	0.051	0.043	0.025	0.007	
Chromosome	2535877	A	C	0.222	0.212	0.243	0.198	0.173	0.277	0.285	0.286	0.144	0.218	0.278	0.296	0.248	0.184	0.33	0.267	0.24	0.269	0.326	0.261	0.25	0.194	0.225	0.208	0.218	0.197	0.186	0.213	0.147	0.201	0.172	0.277	0.22	0.187	0.257	0.012	0.304	0.218	0.281	0.007	0.212	0.0	0.178	0.251	0.216	0.18	0.224	0.287	0.268	0.225	0.293	0.24	0.297	0.299	0.239	0.185	0.215	0.191	0.0	0.238	0.256	0.264	0.2	0.169	0.285	0.178	0.182	0.202	0.0	
Chromosome	2567182	T	G	0.125	0.143	0.123	0.145	0.049	0.2	0.186	0.246	0.165	0.223	0.146	0.173	0.168	0.204	0.195	0.212	0.225	0.295	0.16	0.176	0.183	0.2	0.188	0.116	0.115	0.117	0.126	0.103	0.135	0.186	0.197	0.16	0.101	0.133	0.137	0.0	0.217	0.19	0.206	0.0	0.205	0.0	0.107	0.187	0.134	0.081	0.112	0.234	0.225	0.238	0.242	0.2	0.216	0.177	0.221	0.074	0.152	0.159	0.012	0.14	0.162	0.148	0.158	0.129	0.143	0.114	0.109	0.11	0.007	
Chromosome	2579189	A	C	0.173	0.219	0.219	0.213	0.134	0.268	0.276	0.242	0.322	0.271	0.222	0.31	0.261	0.246	0.282	0.237	0.297	0.183	0.206	0.319	0.253	0.25	0.187	0.23	0.232	0.224	0.248	0.226	0.202	0.275	0.243	0.239	0.21	0.225	0.223	0.006	0.273	0.263	0.274	0.0	0.395	0.0	0.226	0.303	0.277	0.259	0.226	0.283	0.34	0.287	0.219	0.263	0.281	0.333	0.308	0.238	0.256	0.256	0.0	0.225	0.219	0.226	0.154	0.254	0.234	0.26	0.238	0.244	0.013	
Chromosome	2612734	A	C	0.156	0.19	0.147	0.121	0.112	0.208	0.225	0.197	0.156	0.228	0.172	0.2	0.094	0.119	0.163	0.2	0.211	0.245	0.184	0.183	0.196	0.109	0.128	0.151	0.155	0.147	0.235	0.161	0.191	0.149	0.128	0.252	0.214	0.169	0.202	0.0	0.256	0.241	0.306	0.0	0.312	0.005	0.126	0.271	0.184	0.268	0.188	0.226	0.257	0.28	0.236	0.2	0.228	0.248	0.25	0.097	0.081	0.152	0.011	0.199	0.217	0.215	0.123	0.114	0.16	0.26	0.166	0.19	0.007	
Chromosome	2699627	G	A	0.0	0.076	0.0	0.0	0.0	0.0	0.0	0.0	0.0	0.0	0.007	0.0	0.0	0.0	0.0	0.0	0.0	0.0	0.0	0.0	0.0	0.0	0.0	0.0	0.0	0.0	0.0	0.0	0.0	0.0	0.0	0.0	0.0	0.0	0.0	0.0	0.0	0.0	0.0	0.0	0.0	0.0	0.0	0.0	0.0	0.0	0.0	0.0	0.0	0.007	0.0	0.0	0.0	0.005	0.0	0.0	0.0	0.0	0.0	0.0	0.0	0.0	0.0	0.0	0.0	0.0	0.0	0.0	0.0	
Chromosome	2798424	A	C	0.102	0.146	0.159	0.149	0.044	0.15	0.145	0.225	0.234	0.195	0.182	0.181	0.211	0.256	0.192	0.213	0.25	0.232	0.263	0.227	0.273	0.179	0.182	0.12	0.15	0.178	0.111	0.124	0.057	0.129	0.237	0.23	0.121	0.131	0.124	0.0	0.181	0.206	0.216	0.0	0.19	0.006	0.113	0.17	0.119	0.089	0.129	0.292	0.258	0.257	0.276	0.262	0.262	0.275	0.269	0.295	0.24	0.189	0.006	0.143	0.116	0.085	0.113	0.171	0.16	0.142	0.13	0.058	0.009	
Chromosome	2829829	A	C	0.21	0.15	0.191	0.155	0.146	0.311	0.26	0.289	0.171	0.236	0.25	0.255	0.169	0.113	0.255	0.297	0.315	0.216	0.336	0.289	0.263	0.122	0.134	0.217	0.16	0.115	0.207	0.15	0.111	0.169	0.133	0.214	0.185	0.164	0.196	0.0	0.209	0.261	0.25	0.0	0.172	0.005	0.156	0.207	0.181	0.239	0.218	0.25	0.25	0.28	0.292	0.209	0.286	0.276	0.236	0.214	0.167	0.142	0.013	0.207	0.194	0.176	0.156	0.185	0.213	0.192	0.196	0.16	0.0	
Chromosome	2838382	A	C	0.155	0.176	0.175	0.133	0.128	0.14	0.146	0.098	0.155	0.156	0.203	0.224	0.194	0.186	0.195	0.176	0.146	0.125	0.207	0.121	0.216	0.19	0.145	0.128	0.2	0.146	0.137	0.126	0.127	0.199	0.189	0.193	0.161	0.153	0.134	0.006	0.159	0.16	0.159	0.0	0.242	0.0	0.162	0.137	0.189	0.18	0.151	0.178	0.189	0.144	0.223	0.189	0.16	0.187	0.157	0.211	0.163	0.216	0.008	0.126	0.134	0.138	0.13	0.151	0.136	0.128	0.108	0.116	0.009	
Chromosome	2838389	T	G	0.099	0.088	0.122	0.086	0.065	0.147	0.19	0.096	0.118	0.142	0.181	0.16	0.088	0.209	0.2	0.159	0.221	0.226	0.186	0.214	0.175	0.118	0.073	0.124	0.137	0.081	0.103	0.106	0.063	0.086	0.155	0.166	0.082	0.097	0.081	0.0	0.15	0.162	0.207	0.0	0.197	0.012	0.069	0.208	0.109	0.106	0.104	0.211	0.171	0.157	0.222	0.147	0.143	0.26	0.205	0.161	0.118	0.149	0.0	0.125	0.11	0.095	0.1	0.093	0.12	0.101	0.081	0.081	0.017	
Chromosome	3059407	T	G	0.087	0.168	0.084	0.094	0.058	0.197	0.197	0.168	0.177	0.256	0.164	0.239	0.28	0.241	0.192	0.184	0.217	0.256	0.205	0.277	0.24	0.268	0.155	0.139	0.116	0.075	0.09	0.077	0.077	0.288	0.277	0.266	0.072	0.082	0.072	0.0	0.164	0.172	0.168	0.0	0.124	0.005	0.128	0.149	0.114	0.077	0.104	0.239	0.238	0.256	0.214	0.268	0.161	0.202	0.256	0.308	0.211	0.215	0.006	0.104	0.107	0.091	0.125	0.095	0.142	0.099	0.103	0.068	0.0	
Chromosome	3059418	G	C	0.204	0.161	0.101	0.111	0.1	0.222	0.274	0.247	0.161	0.351	0.253	0.337	0.17	0.174	0.127	0.288	0.312	0.323	0.303	0.339	0.257	0.167	0.133	0.145	0.151	0.117	0.179	0.176	0.136	0.203	0.176	0.369	0.187	0.2	0.191	0.0	0.269	0.223	0.229	0.0	0.213	0.0	0.104	0.282	0.233	0.221	0.247	0.379	0.29	0.325	0.246	0.339	0.283	0.257	0.256	0.172	0.116	0.132	0.0	0.211	0.183	0.168	0.105	0.145	0.261	0.21	0.187	0.13	0.0	
Chromosome	3092808	A	C	0.368	0.505	0.589	0.541	0.328	0.373	0.267	0.241	0.511	0.403	0.289	0.443	0.488	0.561	0.273	0.316	0.456	0.316	0.373	0.26	0.395	0.627	0.536	0.53	0.615	0.574	0.327	0.315	0.396	0.568	0.593	0.446	0.413	0.347	0.392	0.0	0.384	0.333	0.27	0.0	0.385	0.0	0.353	0.39	0.368	0.364	0.318	0.4	0.264	0.396	0.283	0.364	0.318	0.418	0.349	0.4	0.46	0.547	0.0	0.405	0.34	0.308	0.564	0.487	0.391	0.3	0.333	0.251	0.01	
Chromosome	3095190	C	T	0.003	0.038	0.012	0.0	0.0	0.0	0.0	0.0	0.0	0.0	0.0	0.0	0.0	0.0	0.01	0.0	0.0	0.0	0.0	0.0	0.01	0.0	0.0	0.005	0.0	0.004	0.0	0.0	0.0	0.005	0.009	0.0	0.0	0.0	0.0	0.0	0.0	0.0	0.0	0.0	0.0	0.0	0.0	0.0	0.0	0.0	0.0	0.0	0.0	0.0	0.0	0.0	0.0	0.0	0.0	0.0	0.006	0.0	0.0	0.0	0.0	0.0	0.0	0.0	0.0	0.0	0.0	0.0	0.0	
Chromosome	3095195	G	T	0.003	0.038	0.012	0.0	0.0	0.007	0.009	0.0	0.0	0.0	0.0	0.0	0.0	0.0	0.01	0.008	0.0	0.0	0.0	0.006	0.015	0.005	0.0	0.005	0.0	0.008	0.0	0.0	0.0	0.005	0.009	0.0	0.0	0.0	0.0	0.0	0.0	0.0	0.0	0.006	0.0	0.0	0.0	0.006	0.0	0.0	0.0	0.0	0.009	0.0	0.0	0.0	0.0	0.0	0.0	0.0	0.011	0.0	0.0	0.0	0.0	0.0	0.0	0.0	0.005	0.0	0.003	0.0	0.0	
Chromosome	3095196	A	C	0.006	0.038	0.012	0.0	0.007	0.007	0.009	0.031	0.004	0.0	0.006	0.0	0.005	0.0	0.029	0.008	0.033	0.009	0.035	0.013	0.014	0.005	0.0	0.005	0.004	0.008	0.0	0.0	0.0	0.005	0.009	0.009	0.0	0.0	0.0	0.01	0.0	0.0	0.011	0.0	0.0	0.0	0.0	0.012	0.0	0.0	0.0	0.0	0.008	0.0	0.026	0.0	0.018	0.023	0.009	0.0	0.027	0.008	0.0	0.0	0.003	0.0	0.0	0.0	0.0	0.0	0.0	0.0	0.0	
Chromosome	3095201	A	G	0.006	0.038	0.012	0.0	0.007	0.0	0.0	0.0	0.0	0.0	0.0	0.0	0.0	0.0	0.01	0.0	0.0	0.0	0.0	0.0	0.01	0.0	0.0	0.005	0.0	0.008	0.0	0.0	0.0	0.005	0.009	0.0	0.0	0.0	0.0	0.0	0.0	0.0	0.0	0.0	0.0	0.0	0.0	0.0	0.0	0.0	0.0	0.0	0.0	0.0	0.0	0.0	0.0	0.0	0.0	0.0	0.011	0.0	0.013	0.0	0.0	0.0	0.0	0.0	0.0	0.0	0.003	0.0	0.007	
Chromosome	3105793	T	G	0.141	0.169	0.108	0.112	0.071	0.246	0.185	0.305	0.125	0.243	0.25	0.19	0.137	0.391	0.259	0.28	0.222	0.274	0.239	0.242	0.216	0.28	0.124	0.141	0.101	0.122	0.129	0.108	0.095	0.286	0.135	0.236	0.151	0.116	0.075	0.0	0.159	0.2	0.182	0.0	0.188	0.0	0.094	0.255	0.121	0.127	0.099	0.172	0.237	0.2	0.292	0.274	0.172	0.191	0.212	0.231	0.306	0.153	0.008	0.129	0.112	0.09	0.111	0.173	0.146	0.128	0.129	0.097	0.008	
Chromosome	3109203	A	C	0.147	0.053	0.045	0.062	0.025	0.2	0.235	0.213	0.073	0.149	0.23	0.188	0.035	0.045	0.196	0.195	0.301	0.167	0.247	0.256	0.215	0.055	0.047	0.059	0.078	0.052	0.123	0.116	0.058	0.034	0.057	0.236	0.166	0.141	0.143	0.0	0.24	0.161	0.147	0.012	0.255	0.006	0.021	0.172	0.156	0.198	0.132	0.209	0.294	0.296	0.196	0.267	0.232	0.246	0.316	0.0	0.036	0.069	0.0	0.142	0.191	0.105	0.057	0.02	0.255	0.164	0.154	0.12	0.0	
Chromosome	3123426	T	G	0.146	0.218	0.243	0.161	0.126	0.244	0.243	0.258	0.263	0.228	0.21	0.237	0.27	0.245	0.343	0.197	0.273	0.209	0.254	0.204	0.286	0.241	0.283	0.173	0.237	0.205	0.135	0.095	0.131	0.256	0.257	0.206	0.154	0.163	0.142	0.006	0.287	0.24	0.205	0.0	0.195	0.007	0.176	0.237	0.155	0.113	0.163	0.248	0.169	0.377	0.25	0.245	0.33	0.227	0.246	0.348	0.246	0.188	0.0	0.189	0.178	0.115	0.226	0.19	0.214	0.123	0.119	0.135	0.0	
Chromosome	3230529	A	C	0.136	0.158	0.129	0.188	0.128	0.236	0.188	0.238	0.13	0.194	0.241	0.251	0.238	0.155	0.239	0.259	0.267	0.23	0.215	0.205	0.188	0.168	0.138	0.143	0.134	0.127	0.124	0.128	0.083	0.173	0.143	0.203	0.132	0.128	0.117	0.011	0.221	0.172	0.23	0.0	0.182	0.0	0.144	0.193	0.125	0.133	0.155	0.192	0.284	0.202	0.279	0.261	0.21	0.28	0.265	0.22	0.266	0.197	0.0	0.137	0.129	0.13	0.21	0.131	0.177	0.121	0.124	0.133	0.007	
Chromosome	3269581	T	G	0.168	0.158	0.204	0.162	0.106	0.353	0.269	0.219	0.224	0.232	0.225	0.337	0.196	0.234	0.231	0.302	0.316	0.242	0.289	0.288	0.237	0.312	0.171	0.161	0.202	0.193	0.202	0.222	0.135	0.289	0.243	0.311	0.19	0.15	0.156	0.005	0.192	0.24	0.228	0.006	0.212	0.006	0.206	0.242	0.182	0.197	0.172	0.271	0.277	0.284	0.25	0.231	0.327	0.279	0.283	0.275	0.242	0.227	0.0	0.179	0.2	0.177	0.152	0.198	0.196	0.22	0.161	0.215	0.03	
Chromosome	3269590	T	G	0.222	0.171	0.197	0.217	0.14	0.276	0.312	0.231	0.138	0.247	0.31	0.267	0.14	0.165	0.291	0.29	0.345	0.226	0.268	0.356	0.326	0.164	0.249	0.176	0.192	0.173	0.272	0.269	0.153	0.157	0.167	0.382	0.256	0.244	0.236	0.005	0.226	0.322	0.295	0.0	0.299	0.0	0.171	0.301	0.32	0.239	0.264	0.293	0.293	0.3	0.302	0.293	0.378	0.242	0.348	0.143	0.112	0.118	0.0	0.249	0.275	0.276	0.122	0.172	0.226	0.259	0.204	0.266	0.0	
Chromosome	3456756	A	C	0.135	0.104	0.07	0.083	0.043	0.183	0.176	0.194	0.031	0.224	0.301	0.21	0.017	0.039	0.2	0.239	0.223	0.183	0.212	0.269	0.248	0.037	0.065	0.045	0.041	0.041	0.173	0.149	0.029	0.03	0.052	0.172	0.188	0.146	0.168	0.0	0.188	0.191	0.226	0.0	0.162	0.017	0.056	0.177	0.173	0.143	0.14	0.179	0.178	0.135	0.167	0.204	0.142	0.147	0.275	0.0	0.012	0.045	0.006	0.182	0.159	0.183	0.021	0.079	0.167	0.149	0.152	0.164	0.022	
Chromosome	3777630	T	G	0.182	0.299	0.225	0.214	0.163	0.227	0.304	0.34	0.231	0.305	0.299	0.26	0.366	0.344	0.338	0.275	0.308	0.26	0.316	0.314	0.263	0.302	0.192	0.223	0.204	0.2	0.164	0.176	0.149	0.194	0.224	0.254	0.145	0.216	0.158	0.0	0.301	0.251	0.22	0.007	0.331	0.0	0.255	0.244	0.182	0.133	0.184	0.213	0.27	0.277	0.305	0.24	0.355	0.257	0.267	0.411	0.275	0.349	0.0	0.175	0.212	0.227	0.161	0.252	0.196	0.217	0.176	0.188	0.0	
Chromosome	3777637	A	C	0.147	0.228	0.153	0.209	0.108	0.253	0.286	0.32	0.217	0.283	0.261	0.265	0.331	0.224	0.237	0.292	0.281	0.223	0.308	0.21	0.256	0.254	0.293	0.188	0.189	0.138	0.196	0.201	0.169	0.219	0.211	0.23	0.161	0.185	0.179	0.0	0.31	0.262	0.275	0.0	0.264	0.007	0.218	0.222	0.146	0.205	0.184	0.233	0.378	0.218	0.275	0.316	0.418	0.315	0.24	0.51	0.287	0.219	0.0	0.188	0.154	0.143	0.242	0.248	0.215	0.151	0.174	0.155	0.006	
Chromosome	3825374	C	A	0.0	0.152	0.003	0.0	0.0	0.0	0.0	0.0	0.004	0.0	0.005	0.009	0.0	0.0	0.01	0.0	0.0	0.006	0.0	0.0	0.0	0.004	0.003	0.0	0.0	0.003	0.0	0.0	0.0	0.004	0.0	0.0	0.003	0.002	0.0	0.0	0.004	0.0	0.003	0.0	0.009	0.0	0.0	0.0	0.0	0.006	0.219	0.0	0.0	0.0	0.007	0.006	0.0	0.006	0.006	0.0	0.0	0.0	0.0	0.0	0.0	0.0	0.0	0.004	0.0	0.0	0.002	0.002	0.0	
Chromosome	3873616	A	C	0.184	0.331	0.292	0.242	0.103	0.244	0.303	0.274	0.378	0.258	0.242	0.243	0.441	0.441	0.212	0.33	0.278	0.274	0.37	0.378	0.281	0.419	0.199	0.278	0.241	0.253	0.206	0.142	0.167	0.413	0.46	0.258	0.22	0.2	0.236	0.0	0.302	0.221	0.269	0.0	0.235	0.0	0.321	0.252	0.219	0.237	0.211	0.257	0.274	0.208	0.229	0.239	0.307	0.28	0.355	0.491	0.352	0.38	0.007	0.206	0.186	0.196	0.269	0.242	0.24	0.17	0.211	0.214	0.0	
Chromosome	3933105	C	CTGG	0.0	0.033	0.0	0.004	0.0	0.0	0.0	0.0	0.0	0.0	0.0	0.0	0.015	0.017	0.0	0.0	0.0	0.0	0.0	0.0	0.0	0.0	0.0	0.012	0.0	0.005	0.0	0.004	0.0	0.012	0.007	0.0	0.003	0.0	0.0	0.0	0.0	0.0	0.0	0.0	0.0	0.0	0.0	0.0	0.0	0.0	0.0	0.0	0.0	0.0	0.0	0.0	0.0	0.0	0.0	0.0	0.0	0.009	0.0	0.0	0.0	0.0	0.005	0.0	0.0	0.0	0.002	0.0	0.0	
Chromosome	3973377	T	G	0.097	0.154	0.134	0.101	0.083	0.11	0.071	0.084	0.129	0.116	0.13	0.105	0.064	0.089	0.096	0.135	0.107	0.105	0.087	0.087	0.138	0.119	0.165	0.145	0.113	0.143	0.083	0.096	0.096	0.141	0.109	0.071	0.081	0.058	0.09	0.0	0.109	0.085	0.119	0.0	0.135	0.0	0.073	0.164	0.083	0.102	0.105	0.113	0.115	0.106	0.108	0.108	0.061	0.106	0.15	0.259	0.104	0.082	0.0	0.103	0.104	0.04	0.15	0.135	0.133	0.104	0.05	0.084	0.0	
Chromosome	4028619	A	C	0.27	0.07	0.057	0.056	0.071	0.232	0.165	0.295	0.007	0.236	0.352	0.197	0.014	0.01	0.122	0.278	0.264	0.23	0.258	0.259	0.223	0.008	0.057	0.069	0.047	0.077	0.32	0.277	0.057	0.048	0.045	0.27	0.328	0.347	0.261	0.005	0.296	0.308	0.273	0.016	0.386	0.006	0.045	0.305	0.331	0.3	0.256	0.376	0.179	0.223	0.216	0.288	0.264	0.242	0.283	0.0	0.01	0.017	0.0	0.303	0.351	0.327	0.073	0.036	0.263	0.323	0.33	0.352	0.007	
Chromosome	4028636	G	C	0.279	0.34	0.354	0.379	0.3	0.337	0.26	0.358	0.423	0.302	0.41	0.268	0.403	0.396	0.186	0.377	0.333	0.231	0.31	0.363	0.345	0.397	0.33	0.393	0.339	0.353	0.376	0.345	0.346	0.427	0.389	0.371	0.347	0.374	0.317	0.005	0.328	0.386	0.311	0.0	0.41	0.0	0.431	0.335	0.384	0.371	0.322	0.412	0.315	0.304	0.327	0.374	0.347	0.333	0.364	0.426	0.414	0.393	0.0	0.328	0.339	0.366	0.279	0.317	0.314	0.374	0.341	0.41	0.0	
Chromosome	4097183	T	G	0.082	0.171	0.126	0.111	0.064	0.288	0.276	0.214	0.171	0.173	0.179	0.158	0.183	0.24	0.219	0.248	0.195	0.214	0.268	0.202	0.299	0.152	0.152	0.111	0.159	0.159	0.115	0.083	0.081	0.115	0.155	0.292	0.12	0.145	0.145	0.0	0.147	0.213	0.228	0.0	0.102	0.0	0.127	0.174	0.111	0.151	0.117	0.274	0.233	0.248	0.194	0.235	0.25	0.146	0.222	0.192	0.228	0.218	0.006	0.128	0.133	0.104	0.108	0.091	0.202	0.18	0.121	0.13	0.0	
Chromosome	4102893	A	C	0.087	0.141	0.134	0.122	0.034	0.119	0.207	0.29	0.154	0.157	0.116	0.171	0.125	0.156	0.103	0.142	0.133	0.127	0.118	0.192	0.164	0.114	0.106	0.121	0.14	0.158	0.124	0.12	0.118	0.158	0.076	0.222	0.119	0.122	0.071	0.007	0.129	0.097	0.108	0.008	0.13	0.006	0.081	0.109	0.124	0.133	0.112	0.131	0.267	0.189	0.087	0.148	0.214	0.265	0.215	0.193	0.141	0.149	0.0	0.125	0.134	0.1	0.119	0.123	0.19	0.122	0.1	0.104	0.007	
Chromosome	4214560	C	A	0.452	0.518	0.465	0.466	0.533	0.441	0.444	0.525	0.503	0.477	0.478	0.474	0.465	0.544	0.5	0.53	0.506	0.48	0.485	0.401	0.533	0.478	0.449	0.475	0.494	0.517	0.494	0.476	0.515	0.485	0.48	0.481	0.502	0.45	0.481	0.463	0.458	0.491	0.505	0.538	0.511	0.524	0.498	0.496	0.478	0.497	0.486	0.431	0.453	0.479	0.42	0.509	0.468	0.49	0.472	0.509	0.462	0.494	0.408	0.494	0.506	0.43	0.49	0.489	0.515	0.442	0.432	0.326	0.498	
Chromosome	4214739	G	GT	0.34	0.351	0.338	0.336	0.395	0.304	0.332	0.352	0.324	0.364	0.304	0.32	0.368	0.472	0.392	0.342	0.38	0.312	0.339	0.353	0.34	0.358	0.313	0.303	0.316	0.331	0.332	0.321	0.353	0.327	0.388	0.339	0.358	0.305	0.333	0.327	0.332	0.362	0.287	0.317	0.332	0.357	0.306	0.309	0.32	0.334	0.355	0.331	0.371	0.301	0.321	0.371	0.324	0.352	0.367	0.535	0.391	0.331	0.26	0.338	0.314	0.329	0.36	0.327	0.316	0.303	0.304	0.266	0.329	
Chromosome	4214852	A	AG	0.06	0.076	0.056	0.083	0.074	0.043	0.078	0.072	0.05	0.058	0.023	0.048	0.069	0.07	0.099	0.049	0.107	0.048	0.074	0.046	0.047	0.057	0.059	0.07	0.045	0.05	0.069	0.061	0.07	0.066	0.067	0.066	0.062	0.073	0.066	0.022	0.065	0.047	0.037	0.051	0.087	0.097	0.015	0.066	0.044	0.084	0.064	0.024	0.074	0.088	0.054	0.039	0.026	0.069	0.048	0.065	0.06	0.058	0.082	0.057	0.058	0.053	0.058	0.067	0.049	0.073	0.054	0.058	0.045	
Chromosome	4214853	C	CAAT	0.0	0.013	0.0	0.003	0.0	0.0	0.0	0.008	0.0	0.004	0.0	0.0	0.0	0.0	0.0	0.006	0.0	0.0	0.006	0.0	0.0	0.004	0.0	0.008	0.003	0.0	0.0	0.003	0.004	0.0	0.004	0.0	0.0	0.0	0.003	0.011	0.0	0.006	0.0	0.034	0.0	0.067	0.0	0.004	0.0	0.0	0.004	0.0	0.0	0.0	0.0	0.007	0.0	0.006	0.008	0.0	0.004	0.006	0.06	0.0	0.0	0.0	0.008	0.009	0.0	0.0	0.0	0.0	0.019	
Chromosome	4214855	A	ATCAAT	0.045	0.082	0.042	0.072	0.048	0.05	0.07	0.072	0.049	0.05	0.009	0.039	0.07	0.066	0.096	0.044	0.102	0.049	0.067	0.041	0.045	0.046	0.048	0.066	0.041	0.039	0.058	0.066	0.071	0.065	0.071	0.058	0.069	0.069	0.071	0.022	0.059	0.048	0.036	0.045	0.078	0.078	0.015	0.062	0.044	0.067	0.06	0.04	0.07	0.081	0.048	0.052	0.027	0.07	0.056	0.107	0.055	0.061	0.05	0.052	0.072	0.057	0.058	0.058	0.057	0.062	0.05	0.051	0.032	
Chromosome	4214859	C	T	0.036	0.07	0.049	0.058	0.045	0.042	0.073	0.065	0.044	0.036	0.009	0.041	0.061	0.05	0.085	0.033	0.101	0.052	0.059	0.036	0.042	0.04	0.046	0.059	0.039	0.032	0.057	0.062	0.066	0.051	0.056	0.051	0.066	0.069	0.059	0.023	0.056	0.049	0.025	0.046	0.073	0.077	0.015	0.061	0.039	0.061	0.052	0.043	0.065	0.051	0.049	0.041	0.028	0.071	0.058	0.088	0.05	0.058	0.052	0.05	0.059	0.048	0.051	0.052	0.051	0.05	0.047	0.05	0.028	
Chromosome	4214862	C	G	0.033	0.059	0.04	0.05	0.041	0.043	0.067	0.058	0.034	0.032	0.005	0.036	0.062	0.051	0.076	0.02	0.088	0.042	0.06	0.03	0.035	0.04	0.037	0.056	0.036	0.029	0.051	0.06	0.066	0.047	0.052	0.037	0.06	0.057	0.046	0.023	0.04	0.031	0.025	0.029	0.061	0.066	0.01	0.049	0.034	0.057	0.041	0.034	0.048	0.044	0.029	0.021	0.022	0.056	0.057	0.09	0.046	0.052	0.041	0.038	0.047	0.038	0.047	0.044	0.044	0.04	0.029	0.04	0.014	
Chromosome	4214864	C	A	0.031	0.042	0.04	0.044	0.03	0.034	0.057	0.057	0.03	0.032	0.01	0.045	0.055	0.051	0.066	0.021	0.084	0.034	0.048	0.045	0.031	0.032	0.03	0.049	0.036	0.022	0.051	0.043	0.055	0.033	0.045	0.024	0.052	0.049	0.04	0.018	0.034	0.019	0.024	0.024	0.037	0.066	0.01	0.041	0.03	0.051	0.035	0.034	0.034	0.038	0.028	0.021	0.022	0.042	0.048	0.078	0.034	0.041	0.03	0.033	0.038	0.038	0.035	0.04	0.044	0.04	0.035	0.037	0.014	
Chromosome	4214865	C	T	0.025	0.024	0.035	0.037	0.024	0.026	0.047	0.056	0.027	0.016	0.005	0.032	0.044	0.052	0.041	0.021	0.066	0.034	0.048	0.038	0.023	0.027	0.03	0.041	0.035	0.015	0.047	0.039	0.047	0.029	0.046	0.021	0.042	0.049	0.043	0.012	0.028	0.019	0.024	0.018	0.037	0.066	0.01	0.037	0.027	0.047	0.032	0.034	0.034	0.03	0.028	0.014	0.015	0.042	0.048	0.078	0.022	0.028	0.03	0.029	0.038	0.035	0.022	0.035	0.037	0.036	0.026	0.033	0.014	
Chromosome	4338880	T	G	0.155	0.178	0.108	0.139	0.092	0.219	0.198	0.316	0.24	0.161	0.255	0.158	0.192	0.148	0.202	0.283	0.275	0.331	0.211	0.25	0.183	0.187	0.173	0.149	0.14	0.119	0.1	0.125	0.11	0.183	0.183	0.183	0.138	0.156	0.13	0.0	0.164	0.198	0.207	0.0	0.197	0.006	0.083	0.141	0.147	0.123	0.142	0.142	0.238	0.252	0.341	0.199	0.234	0.284	0.268	0.229	0.197	0.213	0.0	0.142	0.097	0.124	0.139	0.078	0.173	0.109	0.144	0.085	0.0	
Chromosome	4460835	T	G	0.003	0.038	0.028	0.003	0.035	0.0	0.0	0.0	0.0	0.0	0.0	0.011	0.015	0.127	0.0	0.0	0.0	0.0	0.0	0.0	0.017	0.01	0.01	0.012	0.028	0.008	0.0	0.003	0.012	0.0	0.015	0.0	0.01	0.002	0.0	0.0	0.0	0.0	0.0	0.005	0.0	0.01	0.0	0.0	0.007	0.0	0.0	0.0	0.0	0.012	0.006	0.0	0.0	0.0	0.0	0.0	0.011	0.008	0.006	0.008	0.0	0.0	0.037	0.03	0.0	0.003	0.0	0.0	0.006	
Chromosome	4460836	C	A	0.008	0.037	0.028	0.0	0.035	0.0	0.0	0.007	0.0	0.003	0.005	0.011	0.015	0.127	0.011	0.0	0.0	0.0	0.006	0.0	0.021	0.01	0.01	0.012	0.028	0.008	0.0	0.003	0.012	0.0	0.015	0.0	0.016	0.002	0.0	0.0	0.0	0.0	0.0	0.0	0.0	0.0	0.0	0.0	0.007	0.0	0.002	0.0	0.0	0.0	0.0	0.006	0.0	0.006	0.0	0.0	0.011	0.008	0.0	0.008	0.0	0.0	0.037	0.034	0.0	0.003	0.0	0.0	0.0	
Chromosome	4582881	T	G	0.086	0.11	0.07	0.102	0.046	0.122	0.212	0.074	0.119	0.091	0.126	0.127	0.236	0.138	0.175	0.09	0.073	0.204	0.119	0.151	0.084	0.116	0.107	0.099	0.06	0.096	0.071	0.075	0.078	0.11	0.099	0.124	0.091	0.088	0.054	0.0	0.132	0.086	0.086	0.006	0.097	0.006	0.123	0.069	0.084	0.071	0.072	0.071	0.117	0.07	0.176	0.157	0.118	0.147	0.137	0.211	0.182	0.089	0.006	0.073	0.09	0.084	0.108	0.106	0.122	0.065	0.067	0.071	0.015	
Chromosome	4586317	T	A	0.0	0.033	0.006	0.017	0.0	0.0	0.0	0.0	0.0	0.0	0.0	0.006	0.005	0.022	0.0	0.0	0.0	0.0	0.0	0.0	0.01	0.0	0.004	0.005	0.0	0.0	0.0	0.0	0.0	0.0	0.0	0.0	0.0	0.005	0.0	0.0	0.0	0.0	0.01	0.0	0.0	0.0	0.0	0.0	0.003	0.0	0.0	0.0	0.007	0.007	0.0	0.0	0.0	0.0	0.0	0.0	0.0	0.0	0.0	0.002	0.0	0.0	0.0	0.006	0.009	0.0	0.0	0.0	0.0	
Chromosome	4586319	C	CA	0.0	0.0	0.0	0.004	0.0	0.0	0.0	0.0	0.0	0.0	0.0	0.0	0.0	0.0	0.0	0.0	0.0	0.0	0.0	0.0	0.0	0.0	0.0	0.0	0.0	0.0	0.0	0.0	0.0	0.0	0.0	0.0	0.0	0.0	0.0	0.0	0.0	0.0	0.0	0.0	0.0	0.0	0.0	0.0	0.0	0.0	0.0	0.0	0.0	0.0	0.0	0.0	0.0	0.0	0.0	0.0	0.0	0.0	0.0	0.0	0.0	0.0	0.0	0.0	0.0	0.0	0.0	0.0	0.0	
Chromosome	4586322	G	GT	0.0	0.005	0.0	0.0	0.0	0.0	0.0	0.0	0.0	0.0	0.0	0.0	0.0	0.0	0.0	0.0	0.0	0.0	0.0	0.0	0.0	0.0	0.0	0.0	0.0	0.0	0.0	0.0	0.0	0.0	0.0	0.0	0.0	0.0	0.0	0.0	0.0	0.0	0.0	0.0	0.0	0.0	0.0	0.0	0.0	0.0	0.0	0.0	0.0	0.0	0.0	0.0	0.0	0.0	0.0	0.0	0.0	0.0	0.0	0.0	0.0	0.0	0.0	0.0	0.0	0.0	0.0	0.0	0.0	
Chromosome	4619545	A	C	0.183	0.197	0.224	0.173	0.145	0.265	0.229	0.267	0.221	0.242	0.322	0.252	0.206	0.242	0.21	0.272	0.28	0.225	0.293	0.238	0.256	0.28	0.168	0.253	0.15	0.219	0.167	0.197	0.202	0.234	0.295	0.253	0.186	0.201	0.168	0.0	0.177	0.286	0.215	0.0	0.219	0.0	0.206	0.212	0.219	0.206	0.191	0.2	0.223	0.221	0.295	0.32	0.177	0.263	0.282	0.318	0.283	0.241	0.0	0.239	0.172	0.163	0.167	0.214	0.249	0.205	0.162	0.191	0.0	
Chromosome	4639740	A	C	0.103	0.141	0.164	0.153	0.077	0.239	0.208	0.314	0.24	0.254	0.246	0.234	0.286	0.268	0.217	0.248	0.173	0.263	0.284	0.177	0.169	0.267	0.132	0.132	0.111	0.145	0.113	0.12	0.108	0.23	0.218	0.254	0.157	0.125	0.111	0.014	0.189	0.18	0.19	0.005	0.218	0.0	0.219	0.233	0.132	0.125	0.115	0.232	0.265	0.212	0.268	0.262	0.243	0.363	0.214	0.16	0.251	0.202	0.005	0.134	0.124	0.127	0.169	0.175	0.171	0.149	0.122	0.122	0.006	
Chromosome	4724246	A	C	0.306	0.244	0.223	0.235	0.171	0.299	0.304	0.243	0.243	0.289	0.344	0.258	0.284	0.262	0.278	0.311	0.315	0.245	0.342	0.275	0.318	0.268	0.261	0.269	0.232	0.23	0.31	0.277	0.203	0.22	0.297	0.348	0.235	0.269	0.275	0.0	0.272	0.29	0.267	0.0	0.327	0.006	0.157	0.354	0.294	0.358	0.288	0.386	0.398	0.367	0.33	0.206	0.277	0.389	0.23	0.233	0.248	0.219	0.0	0.281	0.263	0.26	0.281	0.251	0.312	0.275	0.296	0.192	0.0	
Chromosome	4795816	T	G	0.176	0.138	0.187	0.152	0.104	0.226	0.265	0.184	0.159	0.223	0.239	0.23	0.184	0.179	0.191	0.232	0.262	0.226	0.233	0.22	0.223	0.12	0.107	0.144	0.145	0.146	0.17	0.161	0.131	0.156	0.123	0.223	0.188	0.157	0.158	0.0	0.203	0.203	0.249	0.0	0.231	0.014	0.096	0.267	0.111	0.207	0.164	0.237	0.199	0.344	0.315	0.248	0.242	0.24	0.294	0.147	0.184	0.167	0.0	0.178	0.191	0.202	0.18	0.145	0.236	0.2	0.154	0.196	0.019	
Chromosome	4895259	A	C	0.091	0.142	0.094	0.103	0.061	0.187	0.15	0.157	0.108	0.138	0.177	0.153	0.155	0.147	0.149	0.171	0.172	0.137	0.161	0.129	0.205	0.119	0.1	0.081	0.076	0.111	0.081	0.136	0.139	0.13	0.12	0.142	0.105	0.113	0.093	0.0	0.149	0.158	0.135	0.0	0.141	0.0	0.098	0.172	0.114	0.112	0.112	0.14	0.16	0.226	0.16	0.209	0.146	0.168	0.206	0.105	0.086	0.121	0.0	0.098	0.092	0.067	0.093	0.104	0.154	0.099	0.075	0.088	0.0	
Chromosome	4979346	A	AC	0.0	0.218	0.0	0.0	0.0	0.0	0.0	0.0	0.0	0.0	0.0	0.0	0.0	0.0	0.0	0.0	0.0	0.0	0.0	0.0	0.0	0.0	0.0	0.0	0.0	0.0	0.0	0.0	0.004	0.0	0.0	0.0	0.0	0.0	0.0	0.0	0.0	0.0	0.0	0.0	0.0	0.0	0.0	0.0	0.0	0.0	0.0	0.0	0.0	0.0	0.0	0.0	0.0	0.0	0.0	0.0	0.0	0.0	0.0	0.0	0.0	0.0	0.108	0.0	0.0	0.0	0.002	0.0	0.0	
Chromosome	4987057	T	G	0.165	0.103	0.1	0.063	0.098	0.217	0.228	0.198	0.064	0.256	0.282	0.191	0.047	0.057	0.247	0.228	0.183	0.182	0.224	0.222	0.272	0.071	0.087	0.108	0.083	0.121	0.15	0.162	0.086	0.05	0.045	0.253	0.169	0.207	0.158	0.0	0.216	0.243	0.228	0.0	0.19	0.005	0.091	0.188	0.186	0.164	0.155	0.202	0.196	0.233	0.184	0.189	0.218	0.197	0.214	0.077	0.121	0.037	0.0	0.151	0.177	0.185	0.111	0.093	0.196	0.185	0.152	0.198	0.0	
Chromosome	4998280	A	T	0.007	0.034	0.025	0.008	0.038	0.0	0.0	0.0	0.004	0.005	0.0	0.0	0.038	0.033	0.0	0.0	0.0	0.0	0.0	0.0	0.015	0.005	0.0	0.01	0.006	0.004	0.0	0.003	0.007	0.006	0.076	0.028	0.003	0.012	0.003	0.0	0.0	0.0	0.0	0.014	0.006	0.005	0.0	0.0	0.0	0.0	0.002	0.0	0.0	0.007	0.0	0.0	0.0	0.0	0.0	0.031	0.006	0.014	0.0	0.0	0.0	0.002	0.017	0.018	0.009	0.0	0.0	0.0	0.0	
Chromosome	5115098	T	G	0.203	0.157	0.117	0.136	0.112	0.185	0.181	0.17	0.122	0.181	0.177	0.203	0.152	0.12	0.172	0.24	0.193	0.168	0.195	0.252	0.196	0.08	0.124	0.114	0.093	0.149	0.155	0.165	0.104	0.105	0.139	0.166	0.184	0.194	0.162	0.0	0.23	0.202	0.18	0.0	0.162	0.0	0.074	0.164	0.141	0.142	0.205	0.204	0.177	0.174	0.184	0.222	0.17	0.152	0.177	0.15	0.094	0.092	0.0	0.207	0.193	0.156	0.113	0.104	0.193	0.141	0.178	0.228	0.0	
Chromosome	5116772	C	G	0.003	0.04	0.033	0.005	0.026	0.0	0.0	0.025	0.005	0.0	0.0	0.0	0.0	0.052	0.0	0.0	0.0	0.0	0.0	0.0	0.017	0.005	0.008	0.005	0.053	0.036	0.0	0.012	0.004	0.006	0.017	0.031	0.007	0.016	0.0	0.0	0.0	0.0	0.0	0.0	0.0	0.0	0.0	0.0	0.0	0.0	0.003	0.0	0.0	0.0	0.0	0.0	0.0	0.0	0.0	0.0	0.0	0.013	0.0	0.0	0.0	0.003	0.0	0.005	0.014	0.0	0.0	0.0	0.0	
Chromosome	5116773	C	G	0.003	0.04	0.033	0.005	0.026	0.0	0.0	0.017	0.005	0.0	0.0	0.0	0.0	0.052	0.0	0.0	0.0	0.0	0.0	0.0	0.017	0.005	0.008	0.005	0.053	0.031	0.0	0.012	0.004	0.006	0.017	0.031	0.007	0.016	0.0	0.0	0.0	0.0	0.0	0.0	0.0	0.005	0.0	0.0	0.0	0.0	0.0	0.0	0.0	0.0	0.0	0.0	0.0	0.0	0.0	0.0	0.0	0.013	0.0	0.0	0.003	0.003	0.0	0.005	0.014	0.0	0.0	0.0	0.0	
Chromosome	5231357	T	G	0.108	0.136	0.128	0.084	0.115	0.082	0.137	0.089	0.134	0.062	0.074	0.105	0.158	0.187	0.113	0.076	0.074	0.079	0.118	0.112	0.114	0.097	0.104	0.109	0.132	0.108	0.111	0.076	0.109	0.14	0.113	0.1	0.071	0.107	0.089	0.005	0.129	0.111	0.094	0.006	0.115	0.0	0.083	0.113	0.101	0.096	0.076	0.111	0.082	0.145	0.162	0.136	0.065	0.076	0.129	0.161	0.1	0.116	0.0	0.106	0.123	0.085	0.12	0.103	0.121	0.091	0.069	0.091	0.0	
Chromosome	5304049	C	A	0.011	0.027	0.018	0.005	0.008	0.0	0.0	0.0	0.005	0.006	0.0	0.0	0.006	0.0	0.012	0.0	0.0	0.0	0.0	0.0	0.011	0.0	0.021	0.012	0.024	0.029	0.0	0.004	0.0	0.0	0.01	0.012	0.004	0.005	0.0	0.0	0.0	0.0	0.0	0.0	0.0	0.0	0.007	0.0	0.008	0.004	0.0	0.0	0.0	0.0	0.026	0.0	0.0	0.0	0.0	0.0	0.019	0.028	0.006	0.0	0.003	0.0	0.005	0.012	0.005	0.0	0.0	0.0	0.0	
Chromosome	5304051	T	A	0.025	0.027	0.019	0.005	0.009	0.0	0.0	0.0	0.0	0.012	0.0	0.007	0.006	0.0	0.0	0.012	0.007	0.008	0.007	0.007	0.011	0.0	0.021	0.018	0.024	0.024	0.0	0.004	0.004	0.0	0.015	0.006	0.004	0.008	0.004	0.0	0.007	0.007	0.006	0.0	0.006	0.0	0.0	0.008	0.008	0.004	0.0	0.0	0.0	0.0	0.025	0.0	0.0	0.0	0.0	0.0	0.019	0.024	0.0	0.003	0.003	0.0	0.011	0.012	0.019	0.004	0.003	0.0	0.0	
Chromosome	5304052	G	C	0.011	0.027	0.019	0.005	0.009	0.008	0.008	0.0	0.0	0.006	0.0	0.0	0.006	0.0	0.0	0.0	0.0	0.008	0.007	0.0	0.011	0.0	0.021	0.012	0.024	0.024	0.0	0.004	0.0	0.0	0.01	0.006	0.004	0.005	0.0	0.0	0.0	0.0	0.0	0.0	0.0	0.0	0.0	0.0	0.008	0.0	0.0	0.0	0.0	0.0	0.017	0.0	0.0	0.0	0.0	0.0	0.018	0.024	0.0	0.0	0.003	0.0	0.005	0.012	0.0	0.0	0.0	0.003	0.0	
Chromosome	5304053	T	A	0.018	0.033	0.025	0.011	0.009	0.0	0.008	0.008	0.005	0.006	0.0	0.007	0.005	0.0	0.0	0.006	0.007	0.008	0.014	0.007	0.01	0.0	0.02	0.023	0.024	0.023	0.0	0.008	0.0	0.006	0.01	0.006	0.016	0.01	0.0	0.0	0.007	0.0	0.006	0.0	0.0	0.006	0.0	0.0	0.008	0.0	0.002	0.0	0.0	0.0	0.042	0.0	0.0	0.0	0.008	0.0	0.018	0.028	0.0	0.003	0.008	0.0	0.011	0.012	0.005	0.004	0.003	0.0	0.01	
Chromosome	5304055	T	G	0.036	0.033	0.031	0.021	0.018	0.015	0.008	0.016	0.019	0.018	0.023	0.039	0.005	0.033	0.0	0.018	0.043	0.041	0.014	0.015	0.021	0.019	0.033	0.023	0.047	0.028	0.019	0.008	0.004	0.023	0.026	0.012	0.008	0.026	0.008	0.0	0.014	0.007	0.0	0.0	0.011	0.0	0.013	0.029	0.023	0.0	0.012	0.027	0.0	0.01	0.039	0.007	0.037	0.02	0.017	0.0	0.018	0.023	0.0	0.015	0.011	0.004	0.021	0.011	0.014	0.02	0.008	0.009	0.0	
Chromosome	5461806	A	C	0.089	0.176	0.091	0.115	0.037	0.242	0.213	0.242	0.126	0.229	0.184	0.15	0.15	0.105	0.194	0.305	0.162	0.238	0.222	0.333	0.274	0.125	0.113	0.092	0.076	0.119	0.089	0.106	0.09	0.15	0.119	0.294	0.141	0.115	0.079	0.0	0.214	0.2	0.194	0.0	0.144	0.0	0.057	0.103	0.166	0.069	0.11	0.153	0.209	0.186	0.229	0.152	0.151	0.205	0.262	0.179	0.153	0.179	0.0	0.118	0.075	0.092	0.101	0.144	0.144	0.09	0.101	0.098	0.01	
Chromosome	5512267	A	C	0.136	0.205	0.122	0.17	0.136	0.148	0.275	0.185	0.193	0.247	0.181	0.204	0.194	0.214	0.205	0.27	0.237	0.228	0.226	0.227	0.195	0.233	0.173	0.184	0.201	0.177	0.138	0.15	0.116	0.181	0.239	0.144	0.131	0.143	0.133	0.0	0.181	0.201	0.176	0.006	0.208	0.005	0.164	0.26	0.116	0.126	0.154	0.179	0.237	0.242	0.247	0.222	0.264	0.202	0.262	0.289	0.301	0.2	0.005	0.129	0.12	0.087	0.192	0.169	0.136	0.123	0.111	0.126	0.0	
Chromosome	5534995	A	C	0.09	0.139	0.093	0.133	0.049	0.081	0.07	0.086	0.068	0.116	0.086	0.128	0.104	0.133	0.087	0.097	0.052	0.096	0.121	0.097	0.117	0.056	0.112	0.067	0.121	0.124	0.065	0.126	0.068	0.089	0.074	0.154	0.098	0.072	0.094	0.005	0.08	0.066	0.072	0.006	0.068	0.0	0.087	0.094	0.084	0.096	0.081	0.037	0.075	0.055	0.153	0.09	0.093	0.104	0.081	0.082	0.113	0.131	0.0	0.072	0.097	0.069	0.113	0.078	0.118	0.066	0.054	0.057	0.007	
Chromosome	5682695	C	G	0.0	0.213	0.0	0.0	0.0	0.0	0.0	0.0	0.0	0.0	0.0	0.0	0.0	0.0	0.0	0.0	0.007	0.0	0.0	0.0	0.0	0.0	0.0	0.0	0.0	0.0	0.004	0.0	0.0	0.0	0.0	0.0	0.0	0.0	0.0	0.0	0.0	0.0	0.0	0.0	0.0	0.0	0.0	0.0	0.0	0.0	0.207	0.0	0.0	0.007	0.0	0.0	0.0	0.0	0.0	0.0	0.0	0.0	0.005	0.0	0.0	0.0	0.0	0.0	0.0	0.0	0.0	0.0	0.0	
Chromosome	5812482	A	C	0.256	0.276	0.232	0.298	0.248	0.364	0.286	0.176	0.433	0.274	0.256	0.256	0.516	0.469	0.357	0.236	0.3	0.447	0.264	0.375	0.394	0.43	0.339	0.29	0.267	0.379	0.224	0.271	0.217	0.482	0.423	0.312	0.243	0.243	0.247	0.006	0.34	0.26	0.306	0.036	0.263	0.006	0.41	0.374	0.302	0.23	0.234	0.362	0.365	0.422	0.321	0.273	0.357	0.362	0.512	0.263	0.417	0.381	0.0	0.25	0.252	0.225	0.308	0.432	0.394	0.266	0.202	0.209	0.007	
Chromosome	5917291	A	C	0.095	0.165	0.056	0.116	0.048	0.127	0.248	0.237	0.134	0.102	0.107	0.132	0.13	0.223	0.156	0.169	0.211	0.188	0.175	0.201	0.116	0.131	0.09	0.126	0.108	0.114	0.098	0.093	0.074	0.193	0.136	0.158	0.074	0.113	0.076	0.007	0.149	0.2	0.116	0.007	0.126	0.006	0.087	0.105	0.096	0.089	0.096	0.194	0.23	0.186	0.265	0.219	0.264	0.229	0.185	0.273	0.153	0.11	0.0	0.098	0.1	0.068	0.114	0.121	0.101	0.083	0.078	0.071	0.008	
Chromosome	5939331	T	G	0.153	0.168	0.166	0.132	0.062	0.29	0.182	0.317	0.126	0.208	0.176	0.195	0.123	0.042	0.214	0.3	0.291	0.227	0.261	0.259	0.22	0.148	0.133	0.12	0.116	0.168	0.155	0.195	0.073	0.089	0.139	0.177	0.148	0.178	0.174	0.0	0.197	0.209	0.195	0.007	0.239	0.0	0.083	0.215	0.158	0.17	0.189	0.233	0.267	0.262	0.258	0.286	0.255	0.273	0.257	0.125	0.138	0.11	0.013	0.146	0.164	0.131	0.132	0.121	0.19	0.136	0.176	0.134	0.0	
Chromosome	6065279	A	C	0.132	0.127	0.14	0.136	0.092	0.213	0.229	0.288	0.165	0.171	0.211	0.178	0.215	0.134	0.203	0.27	0.198	0.23	0.222	0.204	0.207	0.184	0.102	0.126	0.117	0.118	0.119	0.136	0.049	0.166	0.196	0.177	0.13	0.136	0.117	0.0	0.129	0.199	0.181	0.0	0.173	0.0	0.161	0.157	0.11	0.107	0.121	0.198	0.196	0.284	0.145	0.16	0.215	0.28	0.21	0.2	0.21	0.181	0.0	0.152	0.167	0.17	0.132	0.108	0.122	0.111	0.13	0.125	0.0	
Chromosome	6075168	G	C	0.115	0.14	0.101	0.138	0.067	0.098	0.169	0.138	0.186	0.187	0.176	0.199	0.143	0.173	0.171	0.22	0.148	0.219	0.104	0.137	0.175	0.135	0.164	0.13	0.172	0.168	0.145	0.15	0.128	0.148	0.205	0.177	0.159	0.141	0.144	0.0	0.255	0.183	0.254	0.0	0.209	0.0	0.157	0.188	0.157	0.174	0.104	0.193	0.155	0.15	0.11	0.143	0.202	0.104	0.153	0.211	0.133	0.221	0.0	0.15	0.126	0.16	0.201	0.165	0.14	0.141	0.136	0.134	0.0	
Chromosome	6075171	G	C	0.097	0.107	0.153	0.154	0.062	0.135	0.198	0.144	0.262	0.207	0.188	0.163	0.225	0.32	0.211	0.267	0.197	0.224	0.185	0.142	0.215	0.183	0.188	0.163	0.189	0.195	0.127	0.102	0.111	0.195	0.26	0.176	0.094	0.093	0.092	0.0	0.241	0.182	0.228	0.012	0.225	0.0	0.23	0.145	0.119	0.116	0.1	0.19	0.141	0.186	0.184	0.178	0.17	0.095	0.158	0.262	0.257	0.322	0.0	0.108	0.108	0.12	0.181	0.175	0.134	0.124	0.094	0.089	0.0	
Chromosome	6075172	A	C	0.13	0.181	0.198	0.189	0.133	0.18	0.25	0.229	0.3	0.239	0.237	0.211	0.258	0.344	0.211	0.317	0.211	0.241	0.17	0.197	0.258	0.253	0.241	0.213	0.235	0.195	0.18	0.16	0.2	0.299	0.322	0.286	0.152	0.187	0.184	0.006	0.285	0.252	0.289	0.0	0.254	0.007	0.296	0.24	0.184	0.16	0.143	0.314	0.188	0.24	0.219	0.222	0.26	0.152	0.232	0.341	0.333	0.328	0.006	0.155	0.168	0.176	0.206	0.226	0.167	0.176	0.148	0.163	0.0	
Chromosome	6255220	T	G	0.142	0.105	0.15	0.096	0.103	0.232	0.268	0.283	0.103	0.22	0.176	0.2	0.14	0.192	0.245	0.282	0.277	0.226	0.242	0.167	0.265	0.144	0.108	0.107	0.109	0.103	0.121	0.151	0.09	0.15	0.131	0.28	0.19	0.135	0.165	0.0	0.287	0.191	0.222	0.0	0.239	0.006	0.091	0.223	0.141	0.165	0.145	0.256	0.326	0.183	0.301	0.25	0.307	0.328	0.259	0.128	0.115	0.097	0.0	0.145	0.146	0.14	0.102	0.118	0.222	0.133	0.139	0.18	0.0	
Chromosome	6336520	T	G	0.244	0.4	0.312	0.35	0.276	0.378	0.288	0.297	0.35	0.317	0.281	0.321	0.315	0.571	0.4	0.316	0.278	0.293	0.39	0.352	0.407	0.392	0.328	0.381	0.292	0.258	0.246	0.307	0.324	0.34	0.286	0.416	0.335	0.325	0.268	0.005	0.323	0.296	0.347	0.013	0.339	0.017	0.256	0.409	0.246	0.397	0.282	0.415	0.356	0.308	0.3	0.413	0.348	0.358	0.269	0.643	0.367	0.391	0.005	0.317	0.296	0.269	0.343	0.368	0.331	0.288	0.281	0.346	0.0	
Chromosome	6336525	T	G	0.174	0.182	0.129	0.165	0.168	0.2	0.203	0.231	0.182	0.28	0.198	0.217	0.125	0.19	0.263	0.296	0.276	0.293	0.256	0.293	0.248	0.106	0.113	0.113	0.085	0.106	0.168	0.202	0.067	0.132	0.154	0.233	0.206	0.212	0.163	0.005	0.228	0.264	0.297	0.0	0.254	0.0	0.074	0.292	0.139	0.21	0.222	0.348	0.145	0.299	0.225	0.312	0.273	0.214	0.227	0.125	0.167	0.103	0.0	0.251	0.186	0.166	0.179	0.194	0.174	0.148	0.194	0.139	0.0	
Chromosome	6336530	A	C	0.311	0.379	0.339	0.409	0.194	0.423	0.479	0.549	0.364	0.373	0.504	0.319	0.457	0.65	0.426	0.444	0.552	0.448	0.57	0.522	0.415	0.514	0.338	0.433	0.349	0.387	0.218	0.247	0.255	0.371	0.433	0.492	0.307	0.271	0.27	0.0	0.387	0.421	0.424	0.006	0.408	0.0	0.385	0.372	0.288	0.293	0.241	0.548	0.438	0.586	0.506	0.373	0.5	0.523	0.534	0.667	0.585	0.403	0.0	0.255	0.285	0.199	0.331	0.267	0.395	0.258	0.247	0.301	0.0	
Chromosome	6336531	C	G	0.135	0.208	0.142	0.142	0.074	0.227	0.137	0.28	0.292	0.171	0.236	0.105	0.229	0.429	0.204	0.202	0.33	0.326	0.291	0.319	0.205	0.368	0.151	0.127	0.111	0.126	0.164	0.139	0.176	0.214	0.217	0.207	0.187	0.137	0.139	0.0	0.202	0.19	0.161	0.0	0.151	0.0	0.167	0.124	0.196	0.172	0.158	0.306	0.239	0.267	0.333	0.274	0.233	0.341	0.293	0.55	0.451	0.316	0.0	0.152	0.115	0.127	0.121	0.154	0.211	0.139	0.129	0.157	0.0	
Chromosome	6458276	T	G	0.134	0.164	0.119	0.163	0.135	0.17	0.152	0.155	0.139	0.152	0.154	0.131	0.152	0.081	0.123	0.133	0.088	0.157	0.154	0.132	0.136	0.123	0.148	0.145	0.118	0.147	0.113	0.143	0.093	0.174	0.168	0.144	0.155	0.125	0.07	0.0	0.131	0.146	0.176	0.005	0.155	0.0	0.107	0.149	0.11	0.117	0.096	0.135	0.134	0.165	0.195	0.145	0.179	0.197	0.138	0.026	0.106	0.125	0.0	0.105	0.119	0.112	0.127	0.101	0.114	0.103	0.122	0.066	0.0	
Chromosome	6478685	A	C	0.196	0.197	0.095	0.159	0.075	0.308	0.234	0.303	0.186	0.19	0.206	0.228	0.216	0.183	0.222	0.247	0.26	0.229	0.223	0.165	0.246	0.237	0.179	0.126	0.126	0.163	0.175	0.199	0.13	0.181	0.195	0.29	0.185	0.137	0.164	0.0	0.264	0.231	0.275	0.006	0.311	0.006	0.112	0.224	0.193	0.151	0.169	0.381	0.328	0.321	0.281	0.305	0.347	0.242	0.275	0.207	0.182	0.156	0.006	0.205	0.121	0.153	0.144	0.107	0.239	0.156	0.177	0.144	0.0	
Chromosome	6497017	G	GGCGGGGC	0.365	0.1	0.111	0.197	0.309	0.129	0.183	0.186	0.023	0.287	0.343	0.244	0.07	0.062	0.149	0.118	0.188	0.18	0.222	0.136	0.178	0.018	0.137	0.114	0.11	0.091	0.386	0.305	0.073	0.037	0.057	0.193	0.386	0.338	0.359	0.218	0.333	0.256	0.313	0.186	0.299	0.226	0.062	0.309	0.358	0.382	0.356	0.231	0.061	0.216	0.128	0.197	0.107	0.062	0.182	0.057	0.045	0.097	0.2	0.343	0.312	0.372	0.144	0.196	0.222	0.422	0.4	0.33	0.199	
Chromosome	6497034	G	GCGCGCCGCC	0.077	0.092	0.029	0.063	0.017	0.113	0.121	0.197	0.095	0.149	0.155	0.042	0.071	0.079	0.156	0.079	0.083	0.103	0.164	0.163	0.124	0.089	0.052	0.046	0.091	0.046	0.039	0.12	0.022	0.097	0.035	0.148	0.104	0.043	0.05	0.023	0.104	0.073	0.059	0.025	0.083	0.031	0.03	0.044	0.118	0.077	0.083	0.125	0.145	0.062	0.102	0.187	0.123	0.154	0.115	0.028	0.147	0.052	0.036	0.076	0.078	0.082	0.045	0.054	0.103	0.066	0.07	0.06	0.041	
Chromosome	6687524	T	G	0.332	0.226	0.288	0.232	0.115	0.434	0.459	0.475	0.46	0.342	0.451	0.34	0.425	0.429	0.333	0.458	0.512	0.505	0.57	0.53	0.45	0.446	0.277	0.215	0.257	0.276	0.27	0.319	0.195	0.291	0.372	0.348	0.285	0.314	0.265	0.0	0.447	0.368	0.432	0.0	0.394	0.012	0.245	0.444	0.299	0.311	0.257	0.525	0.611	0.5	0.592	0.5	0.578	0.471	0.426	0.429	0.311	0.333	0.004	0.296	0.303	0.247	0.204	0.318	0.328	0.289	0.293	0.267	0.005	
Chromosome	6687534	G	C	0.133	0.228	0.228	0.236	0.108	0.237	0.316	0.244	0.351	0.147	0.223	0.186	0.429	0.451	0.233	0.337	0.211	0.293	0.276	0.233	0.215	0.436	0.18	0.23	0.177	0.179	0.13	0.172	0.205	0.362	0.419	0.246	0.142	0.13	0.161	0.0	0.233	0.21	0.214	0.0	0.238	0.0	0.291	0.185	0.125	0.16	0.165	0.221	0.204	0.312	0.252	0.179	0.247	0.269	0.253	0.392	0.435	0.324	0.004	0.161	0.182	0.155	0.168	0.211	0.19	0.12	0.163	0.191	0.0	
Chromosome	6689701	T	G	0.191	0.161	0.221	0.144	0.135	0.242	0.216	0.23	0.15	0.229	0.226	0.309	0.135	0.153	0.256	0.262	0.262	0.265	0.265	0.247	0.271	0.184	0.164	0.223	0.184	0.173	0.254	0.189	0.131	0.191	0.19	0.265	0.244	0.248	0.223	0.0	0.213	0.217	0.257	0.005	0.335	0.005	0.134	0.243	0.279	0.143	0.21	0.232	0.285	0.268	0.216	0.208	0.234	0.205	0.25	0.218	0.18	0.137	0.0	0.233	0.238	0.206	0.17	0.168	0.225	0.271	0.209	0.183	0.0	
Chromosome	6689708	G	C	0.153	0.201	0.27	0.179	0.128	0.22	0.274	0.263	0.257	0.22	0.203	0.291	0.297	0.295	0.247	0.271	0.239	0.283	0.271	0.227	0.212	0.295	0.211	0.251	0.222	0.187	0.188	0.138	0.157	0.319	0.322	0.268	0.188	0.169	0.151	0.0	0.184	0.216	0.185	0.005	0.311	0.005	0.183	0.246	0.205	0.16	0.187	0.225	0.274	0.266	0.259	0.246	0.191	0.193	0.235	0.375	0.313	0.265	0.0	0.154	0.19	0.164	0.239	0.231	0.177	0.196	0.143	0.183	0.0	
Chromosome	6689709	A	C	0.17	0.246	0.303	0.215	0.117	0.236	0.26	0.272	0.328	0.265	0.239	0.282	0.327	0.351	0.283	0.286	0.292	0.307	0.307	0.265	0.297	0.298	0.251	0.257	0.265	0.2	0.216	0.153	0.217	0.341	0.382	0.294	0.234	0.219	0.222	0.009	0.214	0.252	0.259	0.005	0.341	0.01	0.217	0.247	0.216	0.186	0.185	0.248	0.32	0.288	0.248	0.261	0.234	0.252	0.263	0.431	0.373	0.317	0.008	0.193	0.261	0.21	0.243	0.261	0.218	0.214	0.187	0.197	0.0	
Chromosome	6869289	T	G	0.16	0.135	0.115	0.133	0.08	0.201	0.159	0.192	0.123	0.185	0.232	0.236	0.136	0.137	0.143	0.227	0.258	0.224	0.19	0.246	0.192	0.199	0.118	0.08	0.133	0.132	0.196	0.178	0.126	0.144	0.107	0.201	0.168	0.158	0.208	0.0	0.235	0.195	0.21	0.0	0.265	0.009	0.096	0.223	0.141	0.135	0.18	0.194	0.211	0.192	0.223	0.245	0.165	0.226	0.279	0.25	0.191	0.14	0.0	0.183	0.155	0.206	0.114	0.111	0.207	0.147	0.142	0.172	0.0	
Chromosome	6913446	T	G	0.158	0.108	0.122	0.139	0.117	0.162	0.122	0.196	0.15	0.167	0.142	0.164	0.112	0.121	0.151	0.16	0.159	0.201	0.175	0.225	0.139	0.122	0.154	0.139	0.151	0.138	0.186	0.143	0.159	0.161	0.16	0.191	0.175	0.162	0.237	0.005	0.154	0.189	0.178	0.005	0.209	0.0	0.089	0.201	0.128	0.146	0.146	0.113	0.233	0.25	0.175	0.205	0.175	0.207	0.275	0.016	0.125	0.145	0.0	0.175	0.186	0.198	0.145	0.158	0.154	0.235	0.183	0.19	0.005	
Chromosome	6923330	T	G	0.29	0.374	0.333	0.324	0.253	0.352	0.347	0.411	0.365	0.397	0.421	0.319	0.472	0.587	0.472	0.467	0.396	0.397	0.383	0.427	0.39	0.423	0.307	0.372	0.351	0.382	0.258	0.264	0.271	0.46	0.412	0.466	0.31	0.292	0.261	0.0	0.392	0.372	0.322	0.0	0.42	0.006	0.265	0.283	0.261	0.294	0.261	0.339	0.411	0.474	0.417	0.493	0.376	0.471	0.507	0.588	0.413	0.437	0.0	0.261	0.3	0.279	0.36	0.294	0.352	0.236	0.273	0.232	0.014	
Chromosome	6966376	T	G	0.285	0.357	0.448	0.442	0.341	0.413	0.413	0.413	0.54	0.416	0.309	0.425	0.483	0.545	0.41	0.383	0.276	0.327	0.306	0.373	0.401	0.476	0.483	0.439	0.405	0.444	0.352	0.329	0.396	0.5	0.486	0.379	0.346	0.312	0.312	0.0	0.355	0.342	0.365	0.0	0.273	0.0	0.41	0.392	0.327	0.396	0.323	0.394	0.346	0.365	0.368	0.378	0.429	0.364	0.301	0.308	0.398	0.47	0.0	0.304	0.335	0.345	0.511	0.354	0.393	0.324	0.346	0.338	0.0	
Chromosome	6966410	A	C	0.172	0.325	0.336	0.389	0.219	0.337	0.389	0.365	0.436	0.36	0.241	0.359	0.48	0.479	0.284	0.419	0.375	0.337	0.34	0.495	0.331	0.413	0.365	0.331	0.378	0.375	0.263	0.27	0.323	0.444	0.432	0.343	0.307	0.257	0.241	0.0	0.362	0.313	0.301	0.0	0.333	0.0	0.261	0.333	0.294	0.248	0.229	0.333	0.528	0.369	0.359	0.455	0.477	0.427	0.417	0.476	0.316	0.481	0.006	0.227	0.275	0.201	0.406	0.393	0.351	0.195	0.199	0.255	0.0	
Chromosome	6971539	T	A	0.05	0.083	0.089	0.037	0.071	0.118	0.088	0.137	0.079	0.035	0.06	0.05	0.121	0.158	0.106	0.06	0.076	0.109	0.055	0.094	0.127	0.1	0.041	0.075	0.039	0.049	0.046	0.043	0.066	0.09	0.103	0.068	0.065	0.052	0.04	0.0	0.027	0.058	0.081	0.0	0.027	0.0	0.073	0.011	0.049	0.054	0.05	0.091	0.077	0.075	0.061	0.113	0.065	0.081	0.069	0.107	0.146	0.116	0.0	0.027	0.032	0.066	0.037	0.03	0.073	0.055	0.053	0.039	0.0	
