chromosome	pos	ref	mut	APAW	CLFC	CLFA	CLFB	Ana1	BedA	BedB	BedC	BedD	CipA	CipB	CipC	CombA2	CombA3	CombA	CombAu1	CombAu3	CombAu5	CombB	CombC	CycloA	CycloB	CycloC	EMBA	EMBB	EMBC	INH1	INH2	INHA	LzdA	LzdB	LzdC	M91	M92	M9B	MA_F1	MA_F2	MA_F3	MA_H1	MA_H2	MA_H3	MA_S1	MA_S2	MA_S3	MMCA	MMCB	MMCC	MockA	MockB	MockC	MockD	MockE	MockF	MockG	MockH	MockI	MockJ	MockK	MockL	NANOA	NANOB	NANOC	RIFA	RIFB	RIFC	UV1	UV2	UV3	WT_Msm
Chromosome	57135	T	G	0.136	0.165	0.15	0.133	0.1	0.308	0.264	0.213	0.197	0.213	0.207	0.269	0.169	0.224	0.284	0.326	0.346	0.306	0.309	0.243	0.336	0.125	0.14	0.146	0.121	0.202	0.124	0.153	0.091	0.19	0.144	0.308	0.159	0.132	0.119	0.026	0.195	0.172	0.209	0.015	0.176	0.018	0.115	0.182	0.181	0.141	0.13	0.317	0.321	0.315	0.258	0.273	0.282	0.286	0.265	0.232	0.194	0.206	0.009	0.143	0.168	0.153	0.106	0.118	0.21	0.17	0.173	0.152	0.019	
Chromosome	64992	T	G	0.148	0.208	0.174	0.157	0.15	0.294	0.305	0.25	0.251	0.171	0.238	0.23	0.27	0.26	0.276	0.337	0.376	0.369	0.325	0.306	0.257	0.188	0.17	0.184	0.168	0.178	0.136	0.128	0.12	0.298	0.246	0.302	0.176	0.125	0.14	0.028	0.22	0.283	0.287	0.022	0.29	0.015	0.195	0.228	0.193	0.177	0.154	0.349	0.34	0.421	0.366	0.394	0.373	0.364	0.368	0.222	0.261	0.27	0.006	0.189	0.15	0.113	0.23	0.221	0.22	0.121	0.148	0.162	0.067	
Chromosome	65001	A	C	0.148	0.171	0.211	0.201	0.099	0.358	0.298	0.298	0.303	0.251	0.247	0.336	0.294	0.235	0.371	0.396	0.439	0.471	0.317	0.361	0.23	0.254	0.219	0.232	0.221	0.235	0.163	0.164	0.131	0.226	0.254	0.251	0.248	0.182	0.174	0.0	0.255	0.25	0.265	0.007	0.304	0.0	0.172	0.219	0.208	0.158	0.185	0.345	0.429	0.337	0.325	0.398	0.336	0.387	0.371	0.324	0.272	0.256	0.0	0.119	0.196	0.172	0.242	0.174	0.21	0.17	0.17	0.152	0.0	
Chromosome	204068	A	C	0.255	0.209	0.175	0.226	0.119	0.315	0.229	0.341	0.207	0.35	0.283	0.328	0.261	0.291	0.261	0.227	0.286	0.266	0.28	0.281	0.313	0.21	0.19	0.238	0.158	0.184	0.216	0.235	0.109	0.309	0.272	0.317	0.258	0.247	0.216	0.011	0.265	0.262	0.326	0.005	0.297	0.005	0.137	0.264	0.241	0.272	0.261	0.215	0.219	0.254	0.188	0.304	0.261	0.268	0.225	0.333	0.22	0.218	0.005	0.251	0.252	0.245	0.157	0.142	0.294	0.226	0.312	0.281	0.006	
Chromosome	249685	T	G	0.142	0.165	0.188	0.19	0.141	0.373	0.327	0.294	0.225	0.256	0.203	0.226	0.264	0.302	0.259	0.252	0.416	0.333	0.319	0.35	0.219	0.204	0.211	0.199	0.234	0.165	0.121	0.144	0.089	0.276	0.245	0.207	0.155	0.146	0.125	0.0	0.23	0.227	0.235	0.0	0.19	0.029	0.196	0.23	0.139	0.123	0.12	0.357	0.331	0.375	0.236	0.362	0.324	0.324	0.435	0.344	0.255	0.217	0.0	0.137	0.141	0.121	0.219	0.157	0.229	0.175	0.132	0.127	0.0	
Chromosome	280796	A	C	0.048	0.103	0.078	0.089	0.038	0.152	0.182	0.143	0.132	0.169	0.117	0.165	0.148	0.248	0.25	0.156	0.24	0.196	0.127	0.165	0.257	0.15	0.09	0.09	0.11	0.071	0.021	0.037	0.049	0.222	0.153	0.281	0.061	0.038	0.048	0.0	0.138	0.161	0.197	0.007	0.076	0.0	0.061	0.091	0.07	0.058	0.064	0.275	0.251	0.191	0.286	0.227	0.206	0.21	0.115	0.229	0.182	0.182	0.0	0.042	0.062	0.078	0.047	0.123	0.114	0.072	0.055	0.055	0.0	
Chromosome	308617	T	G	0.199	0.278	0.227	0.199	0.13	0.264	0.255	0.303	0.277	0.266	0.265	0.358	0.276	0.292	0.256	0.291	0.341	0.283	0.248	0.21	0.223	0.287	0.264	0.236	0.255	0.249	0.219	0.244	0.2	0.356	0.254	0.301	0.219	0.238	0.223	0.0	0.316	0.287	0.267	0.006	0.205	0.0	0.194	0.27	0.219	0.26	0.243	0.343	0.205	0.236	0.288	0.404	0.284	0.277	0.238	0.241	0.304	0.259	0.0	0.234	0.261	0.214	0.281	0.211	0.295	0.25	0.227	0.236	0.007	
Chromosome	308623	A	C	0.241	0.237	0.229	0.199	0.173	0.295	0.303	0.326	0.198	0.25	0.265	0.358	0.197	0.207	0.282	0.276	0.331	0.366	0.25	0.254	0.28	0.219	0.241	0.245	0.191	0.253	0.23	0.228	0.206	0.291	0.215	0.38	0.257	0.267	0.287	0.005	0.312	0.331	0.267	0.0	0.265	0.006	0.2	0.296	0.236	0.269	0.291	0.362	0.295	0.273	0.361	0.391	0.3	0.333	0.25	0.091	0.231	0.286	0.0	0.268	0.315	0.213	0.237	0.319	0.34	0.267	0.259	0.251	0.0	
Chromosome	498388	A	C	0.0	0.029	0.04	0.013	0.011	0.007	0.0	0.021	0.004	0.0	0.0	0.0	0.038	0.029	0.022	0.005	0.0	0.015	0.0	0.0	0.008	0.013	0.007	0.016	0.013	0.004	0.0	0.0	0.0	0.013	0.004	0.0	0.006	0.003	0.003	0.0	0.005	0.0	0.0	0.005	0.0	0.006	0.007	0.0	0.007	0.0	0.002	0.0	0.0	0.0	0.0	0.0	0.0	0.0	0.008	0.0	0.011	0.013	0.005	0.005	0.0	0.0	0.017	0.0	0.004	0.0	0.003	0.003	0.0	
Chromosome	498390	G	C	0.0	0.029	0.041	0.008	0.006	0.007	0.0	0.0	0.004	0.0	0.0	0.0	0.034	0.023	0.011	0.0	0.0	0.007	0.0	0.006	0.004	0.0	0.007	0.005	0.013	0.004	0.0	0.0	0.0	0.013	0.004	0.0	0.007	0.003	0.0	0.0	0.005	0.0	0.0	0.0	0.0	0.006	0.0	0.0	0.007	0.0	0.002	0.0	0.0	0.0	0.0	0.0	0.0	0.0	0.0	0.0	0.0	0.01	0.0	0.0	0.0	0.0	0.013	0.0	0.0	0.0	0.0	0.0	0.0	
Chromosome	498392	G	T	0.003	0.029	0.041	0.017	0.006	0.0	0.0	0.0	0.004	0.0	0.0	0.005	0.034	0.018	0.011	0.0	0.0	0.0	0.0	0.0	0.004	0.0	0.007	0.005	0.013	0.004	0.0	0.003	0.0	0.017	0.005	0.0	0.006	0.003	0.0	0.0	0.005	0.0	0.0	0.0	0.0	0.0	0.0	0.005	0.007	0.003	0.006	0.0	0.0	0.0	0.0	0.0	0.0	0.0	0.0	0.0	0.0	0.01	0.0	0.002	0.003	0.0	0.013	0.0	0.0	0.0	0.005	0.0	0.0	
Chromosome	530849	G	T	0.0	0.098	0.005	0.0	0.0	0.0	0.01	0.0	0.0	0.0	0.0	0.0	0.0	0.0	0.0	0.0	0.0	0.0	0.0	0.0	0.0	0.0	0.0	0.0	0.0	0.0	0.0	0.0	0.0	0.005	0.0	0.0	0.0	0.0	0.0	0.0	0.0	0.0	0.0	0.0	0.006	0.0	0.0	0.0	0.0	0.0	0.003	0.01	0.0	0.008	0.0	0.0	0.0	0.0	0.0	0.0	0.0	0.004	0.0	0.0	0.0	0.0	0.0	0.0	0.0	0.0	0.0	0.0	0.0	
Chromosome	537170	T	C	0.0	0.148	0.0	0.0	0.0	0.0	0.0	0.0	0.003	0.0	0.0	0.0	0.0	0.0	0.0	0.0	0.0	0.0	0.0	0.0	0.0	0.0	0.0	0.0	0.0	0.0	0.0	0.0	0.0	0.0	0.0	0.0	0.0	0.0	0.0	0.0	0.0	0.0	0.0	0.0	0.0	0.0	0.0	0.0	0.0	0.247	0.0	0.0	0.0	0.0	0.0	0.0	0.0	0.0	0.0	0.0	0.0	0.0	0.0	0.0	0.0	0.0	0.0	0.0	0.0	0.0	0.0	0.0	0.0	
Chromosome	706123	T	G	0.145	0.112	0.158	0.104	0.094	0.195	0.196	0.2	0.155	0.187	0.222	0.226	0.173	0.132	0.2	0.212	0.221	0.237	0.163	0.243	0.209	0.172	0.167	0.155	0.149	0.15	0.167	0.092	0.128	0.159	0.108	0.251	0.16	0.141	0.143	0.0	0.209	0.181	0.209	0.006	0.205	0.005	0.114	0.151	0.106	0.158	0.138	0.219	0.212	0.236	0.263	0.204	0.225	0.25	0.253	0.205	0.168	0.171	0.005	0.139	0.15	0.164	0.11	0.167	0.186	0.162	0.134	0.171	0.007	
Chromosome	708677	A	C	0.24	0.264	0.221	0.237	0.152	0.293	0.262	0.33	0.28	0.295	0.306	0.324	0.288	0.254	0.267	0.351	0.324	0.357	0.303	0.27	0.223	0.333	0.181	0.226	0.205	0.189	0.189	0.168	0.228	0.295	0.335	0.222	0.205	0.216	0.184	0.0	0.265	0.255	0.305	0.008	0.295	0.0	0.26	0.239	0.193	0.235	0.22	0.3	0.28	0.312	0.305	0.31	0.292	0.217	0.292	0.386	0.356	0.267	0.0	0.175	0.24	0.18	0.233	0.25	0.206	0.201	0.187	0.215	0.0	
Chromosome	725030	A	C	0.107	0.118	0.051	0.084	0.059	0.111	0.104	0.059	0.1	0.097	0.109	0.091	0.112	0.05	0.053	0.143	0.085	0.108	0.126	0.117	0.099	0.082	0.106	0.084	0.052	0.089	0.074	0.078	0.075	0.075	0.092	0.126	0.06	0.072	0.094	0.004	0.152	0.11	0.098	0.0	0.126	0.005	0.075	0.088	0.073	0.068	0.064	0.101	0.146	0.1	0.063	0.135	0.132	0.144	0.084	0.032	0.081	0.085	0.005	0.102	0.08	0.095	0.068	0.069	0.046	0.067	0.073	0.071	0.0	
Chromosome	725042	A	C	0.132	0.147	0.144	0.11	0.077	0.2	0.168	0.253	0.198	0.235	0.194	0.193	0.196	0.111	0.104	0.183	0.243	0.208	0.214	0.314	0.209	0.17	0.181	0.148	0.156	0.094	0.156	0.147	0.131	0.145	0.167	0.215	0.112	0.132	0.113	0.0	0.228	0.188	0.209	0.0	0.23	0.0	0.161	0.164	0.117	0.124	0.141	0.229	0.256	0.231	0.203	0.229	0.351	0.225	0.184	0.185	0.216	0.178	0.01	0.161	0.16	0.114	0.119	0.193	0.186	0.119	0.129	0.157	0.0	
Chromosome	781261	A	C	0.151	0.116	0.147	0.089	0.034	0.294	0.265	0.252	0.09	0.164	0.228	0.181	0.066	0.074	0.273	0.24	0.229	0.288	0.25	0.352	0.25	0.093	0.113	0.117	0.082	0.146	0.122	0.161	0.089	0.109	0.072	0.171	0.15	0.186	0.12	0.0	0.198	0.188	0.237	0.013	0.212	0.0	0.099	0.174	0.147	0.147	0.145	0.324	0.273	0.209	0.303	0.31	0.207	0.313	0.25	0.176	0.096	0.059	0.0	0.194	0.227	0.123	0.118	0.103	0.176	0.14	0.163	0.145	0.0	
Chromosome	781276	A	C	0.111	0.114	0.088	0.051	0.016	0.217	0.228	0.211	0.142	0.137	0.202	0.104	0.124	0.164	0.194	0.203	0.227	0.288	0.239	0.361	0.176	0.133	0.067	0.046	0.054	0.063	0.068	0.112	0.055	0.133	0.071	0.176	0.109	0.108	0.098	0.004	0.165	0.132	0.159	0.0	0.143	0.005	0.074	0.149	0.083	0.105	0.09	0.248	0.23	0.232	0.304	0.275	0.192	0.219	0.195	0.226	0.157	0.133	0.0	0.109	0.149	0.079	0.078	0.079	0.134	0.1	0.123	0.113	0.0	
Chromosome	788001	A	C	0.258	0.206	0.195	0.235	0.136	0.252	0.202	0.325	0.092	0.229	0.282	0.281	0.113	0.154	0.267	0.263	0.231	0.264	0.222	0.145	0.264	0.057	0.196	0.176	0.258	0.222	0.25	0.234	0.195	0.131	0.113	0.288	0.253	0.249	0.193	0.005	0.275	0.309	0.269	0.008	0.266	0.0	0.16	0.243	0.263	0.269	0.268	0.238	0.21	0.25	0.28	0.206	0.255	0.148	0.183	0.024	0.072	0.098	0.005	0.244	0.241	0.231	0.142	0.157	0.268	0.263	0.257	0.277	0.007	
Chromosome	789453	A	C	0.0	0.09	0.0	0.0	0.0	0.009	0.0	0.0	0.126	0.0	0.0	0.0	0.004	0.006	0.0	0.0	0.129	0.0	0.0	0.0	0.0	0.0	0.0	0.0	0.0	0.005	0.0	0.0	0.0	0.0	0.005	0.0	0.0	0.0	0.003	0.004	0.0	0.0	0.0	0.0	0.0	0.0	0.0	0.0	0.0	0.004	0.125	0.0	0.007	0.006	0.0	0.0	0.0	0.0	0.0	0.0	0.005	0.006	0.0	0.003	0.0	0.0	0.004	0.0	0.004	0.01	0.068	0.0	0.0	
Chromosome	905542	G	C	0.0	0.153	0.0	0.0	0.0	0.0	0.0	0.0	0.0	0.0	0.0	0.0	0.0	0.0	0.0	0.0	0.0	0.007	0.0	0.0	0.0	0.0	0.0	0.0	0.0	0.0	0.0	0.0	0.0	0.0	0.0	0.0	0.003	0.0	0.0	0.0	0.0	0.0	0.0	0.0	0.0	0.0	0.0	0.0	0.0	0.0	0.0	0.0	0.0	0.0	0.0	0.0	0.0	0.0	0.0	0.0	0.0	0.0	0.005	0.0	0.0	0.0	0.0	0.0	0.0	0.0	0.002	0.0	0.0	
Chromosome	966102	T	G	0.0	0.159	0.15	0.0	0.0	0.0	0.006	0.0	0.003	0.0	0.003	0.0	0.0	0.0	0.0	0.0	0.005	0.0	0.0	0.0	0.0	0.0	0.0	0.0	0.003	0.0	0.0	0.0	0.0	0.005	0.004	0.004	0.0	0.002	0.0	0.0	0.0	0.0	0.003	0.0	0.008	0.005	0.004	0.0	0.0	0.0	0.0	0.0	0.0	0.006	0.006	0.0	0.0	0.0	0.0	0.0	0.005	0.0	0.004	0.0	0.002	0.0	0.0	0.0	0.0	0.0	0.002	0.0	0.0	
Chromosome	1065801	G	T	0.0	0.168	0.196	0.0	0.0	0.0	0.0	0.0	0.0	0.0	0.0	0.006	0.0	0.0	0.009	0.0	0.0	0.0	0.0	0.0	0.0	0.0	0.0	0.0	0.005	0.0	0.0	0.0	0.0	0.0	0.0	0.005	0.0	0.0	0.0	0.0	0.004	0.0	0.0	0.0	0.0	0.0	0.0	0.0	0.254	0.0	0.0	0.0	0.006	0.006	0.0	0.006	0.0	0.006	0.0	0.0	0.0	0.0	0.0	0.0	0.002	0.003	0.0	0.0	0.004	0.004	0.0	0.0	0.0	
Chromosome	1137260	C	G	0.0	0.219	0.21	0.0	0.0	0.0	0.0	0.0	0.0	0.0	0.0	0.0	0.0	0.0	0.0	0.0	0.0	0.0	0.0	0.0	0.0	0.0	0.0	0.0	0.0	0.0	0.0	0.0	0.0	0.0	0.0	0.0	0.0	0.0	0.0	0.0	0.0	0.0	0.0	0.0	0.0	0.0	0.0	0.0	0.464	0.0	0.0	0.0	0.0	0.0	0.0	0.0	0.007	0.0	0.0	0.0	0.0	0.0	0.011	0.0	0.0	0.0	0.0	0.0	0.0	0.0	0.0	0.0	0.0	
Chromosome	1163767	A	C	0.013	0.089	0.004	0.0	0.0	0.007	0.0	0.0	0.044	0.007	0.004	0.0	0.0	0.0	0.01	0.0	0.0	0.019	0.0	0.015	0.022	0.0	0.003	0.004	0.0	0.0	0.025	0.032	0.0	0.0	0.0	0.0	0.003	0.0	0.003	0.0	0.0	0.009	0.0	0.006	0.0	0.0	0.0	0.0	0.0	0.0	0.011	0.0	0.0	0.0	0.0	0.006	0.007	0.0	0.026	0.0	0.005	0.006	0.006	0.0	0.0	0.0	0.0	0.004	0.022	0.015	0.0	0.0	0.0	
Chromosome	1285640	A	C	0.213	0.136	0.191	0.194	0.126	0.213	0.14	0.205	0.128	0.155	0.202	0.194	0.089	0.082	0.19	0.151	0.181	0.226	0.195	0.168	0.259	0.133	0.178	0.13	0.116	0.115	0.201	0.163	0.145	0.133	0.113	0.245	0.145	0.205	0.193	0.0	0.217	0.199	0.143	0.006	0.217	0.0	0.169	0.272	0.155	0.172	0.162	0.278	0.244	0.265	0.203	0.234	0.233	0.244	0.121	0.156	0.099	0.105	0.0	0.182	0.182	0.177	0.146	0.205	0.156	0.142	0.163	0.18	0.007	
Chromosome	1285642	CGT	C	0.021	0.162	0.16	0.144	0.154	0.008	0.008	0.057	0.092	0.008	0.0	0.0	0.107	0.074	0.0	0.008	0.054	0.008	0.042	0.0	0.028	0.092	0.123	0.102	0.149	0.121	0.019	0.013	0.164	0.114	0.124	0.019	0.02	0.021	0.01	0.022	0.016	0.019	0.027	0.019	0.014	0.016	0.136	0.049	0.007	0.013	0.013	0.09	0.06	0.1	0.058	0.041	0.098	0.111	0.055	0.0	0.031	0.103	0.017	0.012	0.008	0.014	0.143	0.137	0.017	0.019	0.012	0.015	0.02	
Chromosome	1385245	A	C	0.089	0.179	0.184	0.178	0.083	0.153	0.126	0.137	0.108	0.179	0.161	0.137	0.172	0.167	0.203	0.158	0.089	0.115	0.1	0.134	0.105	0.096	0.155	0.121	0.189	0.165	0.103	0.121	0.082	0.158	0.167	0.164	0.091	0.126	0.105	0.006	0.14	0.172	0.144	0.012	0.157	0.0	0.124	0.121	0.125	0.124	0.099	0.154	0.137	0.14	0.131	0.114	0.135	0.198	0.075	0.186	0.132	0.158	0.0	0.117	0.139	0.103	0.197	0.17	0.174	0.1	0.09	0.115	0.007	
Chromosome	1395251	G	C	0.058	0.124	0.107	0.13	0.0	0.218	0.115	0.159	0.137	0.05	0.065	0.103	0.114	0.216	0.157	0.135	0.149	0.135	0.198	0.183	0.088	0.184	0.088	0.096	0.098	0.089	0.038	0.08	0.06	0.205	0.231	0.09	0.056	0.034	0.022	0.0	0.073	0.086	0.098	0.007	0.072	0.0	0.157	0.128	0.045	0.037	0.054	0.095	0.172	0.192	0.17	0.19	0.217	0.256	0.169	0.154	0.069	0.126	0.0	0.05	0.038	0.056	0.123	0.098	0.076	0.049	0.08	0.056	0.0	
Chromosome	1419237	G	C	0.0	0.043	0.0	0.0	0.0	0.0	0.0	0.0	0.0	0.0	0.0	0.0	0.0	0.0	0.0	0.0	0.0	0.0	0.0	0.0	0.0	0.0	0.0	0.0	0.0	0.0	0.0	0.0	0.0	0.0	0.0	0.0	0.0	0.0	0.0	0.0	0.0	0.0	0.0	0.0	0.0	0.0	0.0	0.0	0.0	0.0	0.0	0.0	0.0	0.0	0.0	0.0	0.0	0.0	0.0	0.0	0.0	0.0	0.0	0.0	0.0	0.0	0.0	0.0	0.0	0.0	0.0	0.0	0.0	
Chromosome	1431631	C	T	0.0	0.154	0.0	0.0	0.0	0.0	0.0	0.0	0.0	0.0	0.005	0.0	0.0	0.008	0.0	0.0	0.0	0.0	0.0	0.0	0.004	0.0	0.0	0.0	0.0	0.0	0.0	0.003	0.0	0.0	0.0	0.0	0.0	0.0	0.0	0.0	0.0	0.0	0.0	0.0	0.0	0.0	0.0	0.0	0.0	0.236	0.0	0.0	0.0	0.0	0.0	0.0	0.0	0.0	0.0	0.0	0.0	0.0	0.0	0.0	0.0	0.0	0.0	0.0	0.0	0.0	0.0	0.0	0.0	
Chromosome	1437874	T	G	0.067	0.175	0.185	0.142	0.065	0.063	0.103	0.071	0.121	0.098	0.116	0.065	0.115	0.138	0.088	0.065	0.086	0.058	0.092	0.125	0.101	0.123	0.141	0.161	0.165	0.117	0.121	0.108	0.091	0.09	0.109	0.108	0.099	0.072	0.096	0.004	0.098	0.101	0.109	0.005	0.127	0.0	0.092	0.115	0.114	0.096	0.137	0.079	0.113	0.107	0.138	0.118	0.102	0.049	0.115	0.148	0.068	0.131	0.004	0.082	0.084	0.092	0.166	0.203	0.132	0.07	0.13	0.083	0.011	
Chromosome	1574111	T	G	0.091	0.151	0.085	0.112	0.08	0.243	0.197	0.163	0.134	0.096	0.108	0.124	0.153	0.171	0.231	0.173	0.168	0.186	0.184	0.246	0.117	0.08	0.116	0.117	0.125	0.129	0.064	0.048	0.07	0.109	0.187	0.119	0.102	0.09	0.084	0.005	0.119	0.12	0.1	0.006	0.148	0.0	0.081	0.118	0.118	0.063	0.066	0.209	0.16	0.17	0.197	0.252	0.28	0.207	0.157	0.085	0.116	0.119	0.0	0.08	0.062	0.106	0.076	0.094	0.078	0.061	0.069	0.062	0.0	
Chromosome	1574114	T	G	0.158	0.224	0.146	0.167	0.177	0.245	0.262	0.197	0.219	0.177	0.218	0.18	0.26	0.312	0.263	0.298	0.318	0.274	0.299	0.268	0.211	0.16	0.177	0.204	0.179	0.144	0.135	0.095	0.16	0.214	0.232	0.183	0.194	0.142	0.113	0.005	0.135	0.168	0.213	0.012	0.128	0.006	0.156	0.213	0.154	0.128	0.178	0.29	0.281	0.365	0.298	0.309	0.315	0.302	0.293	0.125	0.192	0.237	0.011	0.142	0.13	0.149	0.171	0.201	0.155	0.132	0.118	0.134	0.007	
Chromosome	1613672	A	C	0.095	0.077	0.098	0.099	0.071	0.098	0.192	0.103	0.103	0.1	0.098	0.085	0.108	0.143	0.168	0.137	0.147	0.175	0.156	0.088	0.126	0.085	0.127	0.115	0.11	0.085	0.082	0.09	0.082	0.106	0.112	0.162	0.044	0.063	0.072	0.0	0.119	0.07	0.158	0.006	0.066	0.0	0.053	0.093	0.099	0.055	0.066	0.153	0.142	0.176	0.191	0.16	0.117	0.145	0.162	0.05	0.055	0.108	0.0	0.071	0.073	0.101	0.102	0.101	0.128	0.079	0.092	0.09	0.007	
Chromosome	1630318	T	G	0.209	0.241	0.251	0.242	0.14	0.274	0.24	0.223	0.211	0.241	0.323	0.346	0.216	0.269	0.308	0.204	0.24	0.24	0.225	0.236	0.273	0.188	0.238	0.24	0.211	0.205	0.227	0.171	0.165	0.206	0.276	0.304	0.231	0.168	0.17	0.0	0.324	0.3	0.303	0.0	0.232	0.006	0.236	0.331	0.21	0.206	0.191	0.236	0.276	0.297	0.299	0.265	0.273	0.263	0.289	0.233	0.225	0.262	0.006	0.196	0.212	0.18	0.2	0.262	0.312	0.207	0.179	0.201	0.0	
Chromosome	1756627	T	G	0.135	0.101	0.126	0.139	0.048	0.225	0.149	0.21	0.097	0.142	0.17	0.136	0.108	0.082	0.211	0.201	0.176	0.201	0.218	0.148	0.152	0.061	0.101	0.099	0.1	0.115	0.094	0.092	0.077	0.099	0.086	0.184	0.128	0.11	0.079	0.005	0.177	0.178	0.104	0.007	0.155	0.006	0.086	0.165	0.108	0.112	0.116	0.257	0.2	0.134	0.205	0.272	0.225	0.252	0.211	0.125	0.045	0.109	0.006	0.105	0.115	0.042	0.083	0.083	0.155	0.104	0.104	0.087	0.0	
Chromosome	1763100	A	C	0.235	0.496	0.448	0.458	0.209	0.298	0.283	0.255	0.462	0.202	0.27	0.208	0.405	0.38	0.302	0.25	0.259	0.246	0.298	0.328	0.198	0.45	0.354	0.43	0.308	0.395	0.197	0.297	0.435	0.438	0.434	0.238	0.233	0.207	0.179	0.005	0.26	0.273	0.287	0.0	0.22	0.0	0.42	0.179	0.247	0.249	0.202	0.196	0.299	0.164	0.267	0.25	0.158	0.323	0.26	0.476	0.449	0.437	0.0	0.215	0.232	0.186	0.353	0.392	0.288	0.164	0.216	0.218	0.007	
Chromosome	1763101	G	C	0.244	0.461	0.427	0.486	0.163	0.441	0.489	0.354	0.531	0.305	0.284	0.292	0.436	0.442	0.302	0.36	0.339	0.356	0.31	0.426	0.26	0.462	0.399	0.384	0.331	0.408	0.271	0.295	0.496	0.511	0.464	0.313	0.294	0.255	0.291	0.0	0.337	0.318	0.321	0.0	0.307	0.0	0.551	0.233	0.291	0.307	0.263	0.255	0.397	0.29	0.431	0.323	0.237	0.446	0.327	0.5	0.481	0.468	0.0	0.267	0.291	0.257	0.435	0.427	0.329	0.19	0.25	0.297	0.0	
Chromosome	1777813	T	G	0.226	0.179	0.226	0.243	0.168	0.269	0.253	0.331	0.182	0.259	0.266	0.28	0.185	0.263	0.25	0.276	0.271	0.349	0.337	0.257	0.249	0.19	0.225	0.237	0.221	0.19	0.269	0.273	0.161	0.161	0.168	0.281	0.23	0.259	0.193	0.004	0.286	0.299	0.278	0.0	0.328	0.005	0.206	0.35	0.223	0.335	0.237	0.299	0.314	0.305	0.335	0.327	0.391	0.387	0.38	0.273	0.235	0.207	0.0	0.232	0.204	0.2	0.237	0.182	0.32	0.224	0.23	0.221	0.006	
Chromosome	1787487	T	G	0.139	0.117	0.131	0.193	0.062	0.315	0.247	0.187	0.22	0.223	0.221	0.225	0.223	0.176	0.24	0.181	0.238	0.304	0.275	0.243	0.234	0.261	0.157	0.106	0.13	0.146	0.14	0.115	0.136	0.212	0.187	0.249	0.162	0.14	0.196	0.0	0.194	0.233	0.197	0.006	0.223	0.006	0.18	0.216	0.156	0.156	0.167	0.191	0.237	0.241	0.227	0.211	0.196	0.221	0.255	0.212	0.259	0.203	0.006	0.154	0.16	0.174	0.179	0.128	0.239	0.144	0.158	0.127	0.007	
Chromosome	1807017	A	C	0.055	0.1	0.078	0.082	0.048	0.087	0.048	0.073	0.061	0.109	0.048	0.076	0.07	0.058	0.136	0.055	0.044	0.094	0.062	0.052	0.049	0.034	0.085	0.111	0.114	0.119	0.069	0.045	0.029	0.068	0.102	0.072	0.076	0.072	0.042	0.0	0.061	0.056	0.08	0.0	0.06	0.0	0.044	0.059	0.071	0.037	0.047	0.034	0.051	0.062	0.072	0.075	0.047	0.098	0.033	0.025	0.083	0.066	0.0	0.058	0.073	0.05	0.074	0.079	0.077	0.031	0.043	0.04	0.0	
Chromosome	1979870	T	G	0.143	0.157	0.121	0.169	0.072	0.285	0.246	0.26	0.197	0.258	0.212	0.302	0.207	0.135	0.276	0.297	0.294	0.187	0.25	0.197	0.299	0.167	0.102	0.126	0.168	0.2	0.139	0.142	0.088	0.19	0.188	0.18	0.173	0.143	0.118	0.005	0.249	0.198	0.159	0.0	0.201	0.0	0.121	0.218	0.143	0.177	0.15	0.285	0.248	0.372	0.386	0.282	0.264	0.338	0.255	0.167	0.24	0.283	0.0	0.127	0.144	0.093	0.131	0.142	0.188	0.125	0.134	0.141	0.011	
Chromosome	1990236	T	G	0.227	0.141	0.131	0.09	0.135	0.189	0.17	0.186	0.045	0.225	0.219	0.242	0.13	0.176	0.171	0.168	0.232	0.196	0.233	0.256	0.187	0.148	0.112	0.076	0.138	0.174	0.279	0.223	0.058	0.064	0.071	0.191	0.242	0.219	0.232	0.0	0.224	0.225	0.27	0.0	0.227	0.0	0.095	0.288	0.192	0.281	0.198	0.213	0.23	0.267	0.324	0.256	0.184	0.231	0.188	0.13	0.1	0.114	0.0	0.202	0.211	0.198	0.11	0.144	0.268	0.215	0.227	0.231	0.006	
Chromosome	1996774	T	G	0.074	0.111	0.089	0.105	0.101	0.077	0.08	0.13	0.094	0.152	0.121	0.109	0.094	0.041	0.126	0.117	0.118	0.079	0.111	0.108	0.135	0.066	0.089	0.117	0.106	0.107	0.115	0.101	0.065	0.099	0.063	0.138	0.123	0.103	0.074	0.01	0.128	0.165	0.136	0.011	0.164	0.006	0.046	0.157	0.114	0.084	0.073	0.087	0.096	0.085	0.144	0.081	0.128	0.065	0.108	0.0	0.068	0.101	0.0	0.095	0.107	0.098	0.118	0.102	0.163	0.101	0.08	0.097	0.025	
Chromosome	2039795	T	A	0.011	0.033	0.017	0.0	0.014	0.0	0.0	0.0	0.0	0.0	0.0	0.0	0.047	0.033	0.02	0.0	0.0	0.0	0.0	0.0	0.022	0.01	0.012	0.016	0.011	0.014	0.007	0.0	0.003	0.011	0.017	0.011	0.0	0.003	0.0	0.0	0.0	0.0	0.0	0.0	0.0	0.0	0.0	0.0	0.015	0.0	0.003	0.0	0.0	0.007	0.009	0.0	0.0	0.013	0.0	0.0	0.0	0.016	0.0	0.002	0.0	0.006	0.005	0.014	0.01	0.003	0.003	0.0	0.0	
Chromosome	2104247	T	G	0.0	0.12	0.004	0.0	0.0	0.007	0.016	0.014	0.032	0.0	0.0	0.0	0.004	0.006	0.12	0.0	0.03	0.03	0.007	0.036	0.051	0.009	0.0	0.004	0.0	0.011	0.06	0.038	0.0	0.0	0.018	0.023	0.006	0.005	0.0	0.006	0.0	0.0	0.0	0.0	0.015	0.006	0.0	0.0	0.0	0.0	0.014	0.0	0.0	0.054	0.018	0.012	0.049	0.0	0.102	0.0	0.007	0.0	0.012	0.0	0.035	0.02	0.015	0.06	0.047	0.014	0.047	0.0	0.016	
Chromosome	2117927	T	G	0.145	0.166	0.165	0.182	0.172	0.202	0.237	0.252	0.161	0.169	0.2	0.253	0.152	0.149	0.218	0.221	0.261	0.13	0.225	0.208	0.226	0.129	0.129	0.179	0.185	0.214	0.187	0.209	0.123	0.145	0.146	0.245	0.176	0.233	0.234	0.0	0.295	0.212	0.213	0.0	0.236	0.0	0.081	0.157	0.173	0.205	0.197	0.22	0.183	0.225	0.271	0.167	0.234	0.225	0.247	0.079	0.182	0.149	0.0	0.197	0.183	0.173	0.163	0.117	0.214	0.167	0.163	0.197	0.0	
Chromosome	2124826	A	G	0.0	0.1	0.0	0.0	0.005	0.0	0.0	0.0	0.0	0.0	0.0	0.0	0.0	0.0	0.0	0.0	0.0	0.0	0.0	0.0	0.0	0.0	0.0	0.0	0.0	0.0	0.0	0.0	0.0	0.0	0.0	0.0	0.0	0.0	0.0	0.0	0.0	0.0	0.0	0.006	0.005	0.0	0.0	0.0	0.0	0.0	0.0	0.0	0.0	0.0	0.0	0.0	0.0	0.0	0.0	0.0	0.0	0.0	0.0	0.0	0.0	0.0	0.0	0.0	0.0	0.0	0.0	0.0	0.007	
Chromosome	2185442	G	C	0.0	0.142	0.17	0.0	0.0	0.0	0.0	0.007	0.0	0.0	0.0	0.0	0.0	0.0	0.0	0.0	0.0	0.0	0.0	0.0	0.0	0.0	0.0	0.005	0.0	0.0	0.0	0.0	0.0	0.0	0.0	0.0	0.0	0.002	0.0	0.0	0.0	0.0	0.0	0.0	0.0	0.0	0.0	0.0	0.214	0.0	0.0	0.0	0.0	0.0	0.0	0.0	0.0	0.0	0.007	0.0	0.0	0.0	0.005	0.0	0.0	0.0	0.0	0.0	0.0	0.0	0.0	0.0	0.0	
Chromosome	2195100	T	G	0.089	0.143	0.186	0.129	0.085	0.124	0.186	0.12	0.178	0.192	0.205	0.162	0.174	0.151	0.198	0.141	0.22	0.198	0.168	0.155	0.199	0.129	0.151	0.145	0.137	0.179	0.112	0.094	0.09	0.15	0.143	0.184	0.114	0.142	0.121	0.0	0.156	0.119	0.225	0.0	0.156	0.005	0.149	0.074	0.142	0.103	0.093	0.132	0.184	0.188	0.225	0.17	0.144	0.201	0.16	0.14	0.164	0.128	0.0	0.119	0.12	0.141	0.158	0.131	0.204	0.109	0.116	0.088	0.007	
Chromosome	2208743	T	G	0.15	0.095	0.076	0.067	0.054	0.174	0.245	0.202	0.034	0.212	0.218	0.153	0.078	0.111	0.115	0.255	0.295	0.259	0.25	0.177	0.237	0.051	0.082	0.08	0.119	0.075	0.148	0.186	0.05	0.035	0.065	0.193	0.133	0.158	0.177	0.0	0.205	0.251	0.193	0.0	0.194	0.0	0.039	0.198	0.141	0.143	0.15	0.256	0.152	0.213	0.19	0.164	0.163	0.235	0.272	0.107	0.053	0.084	0.0	0.168	0.192	0.104	0.095	0.083	0.169	0.124	0.164	0.121	0.0	
Chromosome	2210234	A	C	0.003	0.099	0.062	0.008	0.0	0.008	0.0	0.008	0.008	0.004	0.006	0.0	0.004	0.0	0.01	0.027	0.047	0.008	0.023	0.087	0.018	0.036	0.0	0.0	0.0	0.031	0.009	0.044	0.0	0.0	0.0	0.039	0.003	0.0	0.003	0.0	0.016	0.0	0.0	0.0	0.0	0.005	0.0	0.028	0.0	0.004	0.042	0.0	0.06	0.023	0.0	0.007	0.0	0.006	0.043	0.0	0.0	0.0	0.0	0.0	0.003	0.054	0.012	0.005	0.038	0.071	0.067	0.0	0.0	
Chromosome	2229493	A	C	0.079	0.138	0.084	0.108	0.068	0.138	0.169	0.092	0.09	0.131	0.115	0.157	0.165	0.079	0.234	0.19	0.183	0.123	0.122	0.154	0.181	0.107	0.102	0.127	0.119	0.101	0.073	0.063	0.066	0.108	0.135	0.13	0.087	0.103	0.079	0.0	0.181	0.147	0.15	0.006	0.197	0.0	0.116	0.104	0.108	0.071	0.059	0.164	0.104	0.179	0.166	0.164	0.087	0.115	0.178	0.143	0.131	0.14	0.006	0.089	0.107	0.077	0.089	0.107	0.092	0.089	0.079	0.047	0.008	
Chromosome	2264229	C	G	0.003	0.029	0.022	0.037	0.023	0.008	0.0	0.0	0.0	0.004	0.0	0.03	0.016	0.0	0.0	0.0	0.0	0.0	0.0	0.0	0.017	0.0	0.003	0.018	0.039	0.0	0.0	0.004	0.004	0.0	0.009	0.016	0.003	0.005	0.0	0.0	0.0	0.0	0.005	0.019	0.0	0.0	0.0	0.0	0.008	0.0	0.002	0.0	0.0	0.0	0.0	0.0	0.0	0.0	0.0	0.0	0.0	0.0	0.0	0.0	0.0	0.003	0.007	0.01	0.008	0.0	0.003	0.0	0.0	
Chromosome	2264230	C	G	0.003	0.029	0.022	0.037	0.023	0.0	0.0	0.0	0.0	0.004	0.0	0.03	0.016	0.0	0.0	0.0	0.0	0.0	0.0	0.0	0.017	0.0	0.003	0.018	0.039	0.0	0.0	0.004	0.004	0.0	0.009	0.016	0.003	0.005	0.0	0.005	0.0	0.0	0.0	0.012	0.0	0.0	0.0	0.0	0.004	0.0	0.002	0.0	0.0	0.0	0.0	0.0	0.0	0.0	0.0	0.0	0.0	0.0	0.0	0.0	0.0	0.003	0.007	0.01	0.004	0.0	0.003	0.0	0.0	
Chromosome	2579189	A	C	0.173	0.213	0.219	0.219	0.134	0.268	0.276	0.242	0.322	0.271	0.222	0.31	0.261	0.246	0.282	0.237	0.297	0.183	0.206	0.319	0.253	0.25	0.187	0.23	0.232	0.224	0.248	0.226	0.202	0.275	0.243	0.239	0.21	0.225	0.223	0.006	0.273	0.263	0.274	0.0	0.395	0.0	0.226	0.303	0.277	0.259	0.226	0.283	0.34	0.287	0.219	0.263	0.281	0.333	0.308	0.238	0.256	0.256	0.0	0.225	0.219	0.226	0.154	0.254	0.234	0.26	0.238	0.244	0.013	
Chromosome	2784157	C	T	0.0	0.183	0.0	0.0	0.0	0.0	0.0	0.0	0.0	0.0	0.0	0.0	0.0	0.0	0.0	0.0	0.0	0.0	0.0	0.0	0.0	0.0	0.0	0.0	0.0	0.0	0.0	0.0	0.0	0.0	0.0	0.0	0.0	0.0	0.0	0.0	0.0	0.0	0.0	0.0	0.0	0.0	0.0	0.0	0.0	0.0	0.0	0.0	0.0	0.0	0.0	0.0	0.0	0.0	0.0	0.0	0.0	0.0	0.0	0.0	0.0	0.0	0.0	0.0	0.0	0.0	0.0	0.0	0.0	
Chromosome	2798424	A	C	0.102	0.149	0.159	0.146	0.044	0.15	0.145	0.225	0.234	0.195	0.182	0.181	0.211	0.256	0.192	0.213	0.25	0.232	0.263	0.227	0.273	0.179	0.182	0.12	0.15	0.178	0.111	0.124	0.057	0.129	0.237	0.23	0.121	0.131	0.124	0.0	0.181	0.206	0.216	0.0	0.19	0.006	0.113	0.17	0.119	0.089	0.129	0.292	0.258	0.257	0.276	0.262	0.262	0.275	0.269	0.295	0.24	0.189	0.006	0.143	0.116	0.085	0.113	0.171	0.16	0.142	0.13	0.058	0.009	
Chromosome	2811402	A	C	0.13	0.194	0.195	0.168	0.125	0.2	0.2	0.21	0.258	0.254	0.168	0.196	0.225	0.272	0.146	0.226	0.205	0.221	0.181	0.196	0.176	0.216	0.211	0.18	0.21	0.162	0.149	0.157	0.168	0.141	0.209	0.151	0.175	0.144	0.127	0.0	0.194	0.207	0.237	0.006	0.16	0.0	0.156	0.232	0.186	0.168	0.158	0.228	0.264	0.25	0.144	0.209	0.196	0.169	0.154	0.204	0.246	0.207	0.0	0.148	0.13	0.133	0.179	0.166	0.259	0.14	0.193	0.169	0.006	
Chromosome	2829829	A	C	0.21	0.155	0.191	0.15	0.146	0.311	0.26	0.289	0.171	0.236	0.25	0.255	0.169	0.113	0.255	0.297	0.315	0.216	0.336	0.289	0.263	0.122	0.134	0.217	0.16	0.115	0.207	0.15	0.111	0.169	0.133	0.214	0.185	0.164	0.196	0.0	0.209	0.261	0.25	0.0	0.172	0.005	0.156	0.207	0.181	0.239	0.218	0.25	0.25	0.28	0.292	0.209	0.286	0.276	0.236	0.214	0.167	0.142	0.013	0.207	0.194	0.176	0.156	0.185	0.213	0.192	0.196	0.16	0.0	
Chromosome	2904299	G	A	0.0	0.086	0.0	0.0	0.0	0.0	0.0	0.0	0.0	0.0	0.0	0.0	0.0	0.0	0.0	0.0	0.0	0.0	0.0	0.0	0.0	0.0	0.0	0.0	0.0	0.0	0.0	0.0	0.0	0.0	0.0	0.0	0.0	0.0	0.0	0.0	0.006	0.0	0.0	0.0	0.0	0.005	0.0	0.0	0.0	0.0	0.0	0.0	0.0	0.0	0.0	0.0	0.0	0.0	0.0	0.0	0.0	0.0	0.0	0.0	0.0	0.0	0.0	0.0	0.0	0.0	0.0	0.0	0.0	
Chromosome	2946508	A	C	0.246	0.143	0.125	0.082	0.101	0.217	0.231	0.185	0.093	0.214	0.243	0.283	0.089	0.048	0.182	0.213	0.25	0.216	0.198	0.211	0.218	0.103	0.136	0.094	0.074	0.169	0.226	0.268	0.122	0.069	0.05	0.24	0.201	0.204	0.213	0.007	0.327	0.318	0.269	0.007	0.321	0.013	0.123	0.293	0.197	0.281	0.231	0.284	0.258	0.273	0.293	0.171	0.168	0.185	0.333	0.056	0.071	0.058	0.0	0.227	0.227	0.227	0.159	0.182	0.219	0.23	0.269	0.168	0.01	
Chromosome	2952405	A	C	0.131	0.144	0.164	0.113	0.131	0.123	0.214	0.107	0.176	0.216	0.223	0.224	0.153	0.171	0.125	0.173	0.182	0.163	0.151	0.158	0.193	0.106	0.169	0.104	0.134	0.19	0.142	0.104	0.125	0.141	0.196	0.197	0.102	0.156	0.129	0.0	0.204	0.229	0.174	0.006	0.254	0.0	0.152	0.238	0.144	0.165	0.143	0.186	0.178	0.194	0.171	0.148	0.163	0.183	0.15	0.118	0.164	0.119	0.012	0.155	0.128	0.158	0.162	0.134	0.136	0.135	0.126	0.122	0.0	
Chromosome	3015747	G	C	0.202	0.326	0.297	0.287	0.291	0.207	0.209	0.295	0.376	0.209	0.252	0.231	0.481	0.5	0.239	0.306	0.279	0.203	0.217	0.243	0.305	0.399	0.29	0.343	0.347	0.344	0.222	0.194	0.303	0.452	0.427	0.204	0.238	0.223	0.219	0.0	0.246	0.204	0.25	0.0	0.231	0.0	0.339	0.227	0.271	0.211	0.225	0.273	0.258	0.247	0.212	0.194	0.169	0.212	0.258	0.545	0.515	0.5	0.0	0.235	0.239	0.215	0.27	0.341	0.284	0.174	0.224	0.231	0.0	
Chromosome	3030967	A	C	0.347	0.388	0.437	0.421	0.255	0.5	0.368	0.451	0.587	0.396	0.345	0.489	0.566	0.676	0.512	0.409	0.514	0.563	0.43	0.37	0.488	0.567	0.506	0.368	0.451	0.35	0.307	0.314	0.456	0.586	0.61	0.54	0.34	0.377	0.383	0.0	0.375	0.446	0.483	0.007	0.438	0.0	0.456	0.394	0.337	0.331	0.378	0.623	0.525	0.565	0.522	0.614	0.5	0.455	0.6	0.634	0.724	0.594	0.0	0.359	0.361	0.402	0.407	0.389	0.368	0.286	0.403	0.299	0.0	
Chromosome	3059407	T	G	0.087	0.094	0.084	0.168	0.058	0.197	0.197	0.168	0.177	0.256	0.164	0.239	0.28	0.241	0.192	0.184	0.217	0.256	0.205	0.277	0.24	0.268	0.155	0.139	0.116	0.075	0.09	0.077	0.077	0.288	0.277	0.266	0.072	0.082	0.072	0.0	0.164	0.172	0.168	0.0	0.124	0.005	0.128	0.149	0.114	0.077	0.104	0.239	0.238	0.256	0.214	0.268	0.161	0.202	0.256	0.308	0.211	0.215	0.006	0.104	0.107	0.091	0.125	0.095	0.142	0.099	0.103	0.068	0.0	
Chromosome	3092808	A	C	0.368	0.541	0.589	0.505	0.328	0.373	0.267	0.241	0.511	0.403	0.289	0.443	0.488	0.561	0.273	0.316	0.456	0.316	0.373	0.26	0.395	0.627	0.536	0.53	0.615	0.574	0.327	0.315	0.396	0.568	0.593	0.446	0.413	0.347	0.392	0.0	0.384	0.333	0.27	0.0	0.385	0.0	0.353	0.39	0.368	0.364	0.318	0.4	0.264	0.396	0.283	0.364	0.318	0.418	0.349	0.4	0.46	0.547	0.0	0.405	0.34	0.308	0.564	0.487	0.391	0.3	0.333	0.251	0.01	
Chromosome	3092809	G	C	0.408	0.504	0.518	0.466	0.241	0.346	0.319	0.291	0.566	0.449	0.263	0.361	0.529	0.595	0.267	0.346	0.5	0.359	0.418	0.396	0.355	0.649	0.483	0.505	0.58	0.56	0.335	0.331	0.368	0.576	0.596	0.523	0.421	0.393	0.322	0.0	0.372	0.325	0.351	0.0	0.371	0.0	0.385	0.364	0.31	0.385	0.323	0.618	0.283	0.453	0.37	0.448	0.409	0.491	0.395	0.421	0.48	0.573	0.0	0.35	0.352	0.328	0.547	0.414	0.366	0.287	0.33	0.238	0.0	
Chromosome	3093216	G	C	0.0	0.217	0.0	0.0	0.0	0.0	0.0	0.0	0.0	0.0	0.0	0.0	0.0	0.0	0.0	0.0	0.0	0.0	0.0	0.0	0.0	0.0	0.0	0.0	0.0	0.0	0.0	0.0	0.0	0.0	0.0	0.0	0.0	0.002	0.0	0.0	0.0	0.0	0.0	0.0	0.0	0.0	0.0	0.0	0.0	0.246	0.002	0.0	0.0	0.0	0.007	0.0	0.0	0.0	0.0	0.0	0.0	0.0	0.0	0.0	0.0	0.0	0.0	0.0	0.0	0.0	0.0	0.0	0.0	
Chromosome	3109177	A	C	0.192	0.122	0.129	0.122	0.015	0.237	0.211	0.418	0.034	0.216	0.202	0.233	0.02	0.0	0.213	0.292	0.459	0.403	0.296	0.343	0.247	0.0	0.012	0.089	0.025	0.056	0.101	0.128	0.028	0.045	0.042	0.268	0.125	0.192	0.16	0.0	0.194	0.233	0.183	0.0	0.347	0.0	0.053	0.247	0.168	0.201	0.186	0.314	0.326	0.333	0.283	0.333	0.304	0.293	0.5	0.0	0.02	0.036	0.007	0.135	0.202	0.112	0.042	0.049	0.246	0.153	0.148	0.165	0.008	
Chromosome	3119987	C	T	0.0	0.143	0.214	0.0	0.0	0.0	0.0	0.0	0.0	0.0	0.0	0.0	0.0	0.0	0.0	0.0	0.0	0.0	0.0	0.0	0.0	0.0	0.0	0.0	0.0	0.0	0.0	0.0	0.0	0.0	0.0	0.0	0.0	0.0	0.0	0.0	0.0	0.0	0.0	0.0	0.0	0.0	0.0	0.0	0.295	0.0	0.0	0.0	0.0	0.0	0.0	0.0	0.0	0.0	0.0	0.0	0.0	0.0	0.0	0.002	0.0	0.0	0.0	0.0	0.0	0.0	0.0	0.0	0.0	
Chromosome	3123426	T	G	0.146	0.161	0.243	0.218	0.126	0.244	0.243	0.258	0.263	0.228	0.21	0.237	0.27	0.245	0.343	0.197	0.273	0.209	0.254	0.204	0.286	0.241	0.283	0.173	0.237	0.205	0.135	0.095	0.131	0.256	0.257	0.206	0.154	0.163	0.142	0.006	0.287	0.24	0.205	0.0	0.195	0.007	0.176	0.237	0.155	0.113	0.163	0.248	0.169	0.377	0.25	0.245	0.33	0.227	0.246	0.348	0.246	0.188	0.0	0.189	0.178	0.115	0.226	0.19	0.214	0.123	0.119	0.135	0.0	
Chromosome	3145624	T	G	0.0	0.127	0.0	0.0	0.0	0.0	0.0	0.01	0.053	0.0	0.0	0.0	0.0	0.0	0.009	0.0	0.015	0.007	0.0	0.0	0.005	0.0	0.004	0.0	0.006	0.004	0.0	0.0	0.0	0.0	0.0	0.006	0.003	0.0	0.0	0.0	0.006	0.0	0.012	0.013	0.0	0.0	0.0	0.005	0.0	0.0	0.008	0.0	0.0	0.0	0.006	0.007	0.0	0.0	0.0	0.0	0.0	0.0	0.0	0.0	0.0	0.0	0.0	0.0	0.0	0.0	0.0	0.0	0.006	
Chromosome	3216008	A	C	0.065	0.083	0.028	0.104	0.039	0.04	0.063	0.069	0.041	0.063	0.067	0.059	0.051	0.063	0.099	0.07	0.075	0.116	0.056	0.1	0.045	0.046	0.045	0.058	0.067	0.08	0.044	0.035	0.038	0.072	0.072	0.075	0.05	0.068	0.08	0.006	0.071	0.025	0.032	0.0	0.052	0.0	0.021	0.056	0.041	0.056	0.052	0.067	0.05	0.065	0.098	0.044	0.102	0.086	0.024	0.085	0.075	0.053	0.007	0.073	0.055	0.053	0.045	0.076	0.072	0.04	0.056	0.029	0.016	
Chromosome	3230523	A	C	0.149	0.168	0.106	0.144	0.145	0.171	0.154	0.211	0.14	0.233	0.294	0.263	0.129	0.122	0.231	0.219	0.263	0.235	0.214	0.209	0.179	0.152	0.13	0.118	0.161	0.097	0.11	0.165	0.131	0.166	0.123	0.211	0.152	0.141	0.13	0.0	0.217	0.181	0.197	0.0	0.139	0.005	0.071	0.179	0.177	0.148	0.185	0.224	0.188	0.187	0.204	0.219	0.238	0.258	0.24	0.073	0.169	0.15	0.007	0.141	0.116	0.145	0.132	0.16	0.178	0.131	0.156	0.144	0.007	
Chromosome	3278729	T	G	0.073	0.145	0.121	0.165	0.063	0.194	0.157	0.227	0.179	0.147	0.164	0.143	0.118	0.156	0.141	0.153	0.157	0.139	0.18	0.203	0.146	0.086	0.122	0.128	0.126	0.121	0.103	0.104	0.105	0.113	0.235	0.154	0.147	0.122	0.103	0.0	0.189	0.163	0.155	0.008	0.192	0.0	0.101	0.189	0.097	0.162	0.153	0.175	0.195	0.148	0.218	0.136	0.122	0.074	0.165	0.13	0.123	0.076	0.006	0.153	0.123	0.115	0.185	0.174	0.165	0.137	0.129	0.144	0.0	
Chromosome	3397716	G	T	0.0	0.059	0.0	0.0	0.007	0.0	0.0	0.0	0.0	0.0	0.0	0.0	0.0	0.0	0.0	0.0	0.0	0.0	0.0	0.0	0.0	0.0	0.0	0.0	0.0	0.0	0.0	0.0	0.0	0.0	0.0	0.0	0.0	0.002	0.0	0.0	0.0	0.006	0.0	0.0	0.0	0.0	0.0	0.0	0.0	0.0	0.0	0.0	0.008	0.0	0.0	0.0	0.0	0.0	0.0	0.0	0.0	0.0	0.0	0.0	0.003	0.0	0.0	0.0	0.004	0.003	0.0	0.0	0.0	
Chromosome	3430998	A	C	0.09	0.134	0.176	0.114	0.121	0.08	0.087	0.103	0.131	0.082	0.106	0.107	0.141	0.122	0.186	0.11	0.121	0.098	0.031	0.089	0.132	0.095	0.174	0.132	0.143	0.109	0.102	0.066	0.094	0.089	0.095	0.101	0.109	0.098	0.084	0.0	0.076	0.124	0.091	0.0	0.063	0.0	0.085	0.086	0.072	0.095	0.087	0.099	0.061	0.054	0.114	0.082	0.094	0.116	0.133	0.089	0.114	0.115	0.0	0.098	0.078	0.068	0.1	0.137	0.123	0.072	0.095	0.079	0.0	
Chromosome	3438778	A	C	0.003	0.111	0.0	0.004	0.0	0.007	0.0	0.0	0.009	0.005	0.0	0.005	0.0	0.0	0.01	0.006	0.0	0.0	0.0	0.019	0.012	0.004	0.0	0.003	0.0	0.0	0.0	0.021	0.0	0.0	0.0	0.0	0.005	0.002	0.0	0.0	0.0	0.0	0.005	0.0	0.0	0.006	0.0	0.0	0.0	0.0	0.0	0.0	0.0	0.007	0.0	0.008	0.0	0.008	0.009	0.0	0.006	0.0	0.0	0.0	0.0	0.0	0.0	0.009	0.003	0.009	0.005	0.005	0.0	
Chromosome	3456742	C	G	0.094	0.157	0.109	0.147	0.038	0.195	0.205	0.194	0.28	0.192	0.205	0.195	0.262	0.279	0.159	0.239	0.2	0.197	0.289	0.228	0.213	0.199	0.159	0.135	0.154	0.104	0.103	0.07	0.098	0.194	0.209	0.196	0.107	0.103	0.116	0.0	0.154	0.138	0.175	0.006	0.193	0.0	0.205	0.132	0.117	0.1	0.118	0.15	0.204	0.17	0.125	0.206	0.157	0.208	0.308	0.327	0.244	0.226	0.0	0.099	0.115	0.106	0.133	0.118	0.163	0.13	0.121	0.097	0.0	
Chromosome	3456860	A	G	0.0	0.028	0.006	0.017	0.0	0.0	0.0	0.0	0.0	0.0	0.0	0.0	0.011	0.015	0.0	0.0	0.0	0.0	0.0	0.0	0.006	0.0	0.0	0.0	0.005	0.006	0.0	0.0	0.009	0.007	0.0	0.017	0.0	0.008	0.0	0.0	0.0	0.0	0.0	0.0	0.0	0.006	0.0	0.0	0.0	0.004	0.0	0.0	0.0	0.0	0.0	0.0	0.0	0.0	0.0	0.0	0.0	0.024	0.0	0.0	0.0	0.0	0.0	0.006	0.0	0.0	0.0	0.0	0.0	
Chromosome	3456861	C	T	0.0	0.028	0.006	0.017	0.0	0.0	0.0	0.0	0.0	0.0	0.0	0.0	0.011	0.023	0.0	0.0	0.0	0.0	0.0	0.0	0.006	0.0	0.0	0.0	0.005	0.006	0.0	0.0	0.009	0.007	0.0	0.017	0.0	0.005	0.0	0.0	0.0	0.0	0.0	0.0	0.0	0.0	0.0	0.0	0.0	0.004	0.0	0.0	0.0	0.0	0.0	0.0	0.0	0.0	0.0	0.0	0.0	0.024	0.0	0.0	0.0	0.0	0.0	0.013	0.0	0.0	0.0	0.0	0.0	
Chromosome	3519315	T	G	0.0	0.105	0.0	0.0	0.0	0.007	0.007	0.0	0.039	0.004	0.004	0.0	0.004	0.0	0.0	0.0	0.042	0.007	0.0	0.0	0.0	0.004	0.0	0.008	0.0	0.007	0.0	0.006	0.0	0.0	0.0	0.005	0.0	0.0	0.0	0.0	0.005	0.005	0.0	0.0	0.0	0.0	0.0	0.0	0.0	0.0	0.042	0.008	0.0	0.0	0.0	0.0	0.0	0.012	0.008	0.0	0.0	0.0	0.0	0.002	0.0	0.0	0.004	0.0	0.004	0.005	0.021	0.005	0.0	
Chromosome	3643556	C	G	0.0	0.095	0.0	0.0	0.0	0.0	0.0	0.0	0.0	0.005	0.0	0.0	0.0	0.0	0.0	0.0	0.0	0.0	0.0	0.0	0.0	0.0	0.0	0.0	0.0	0.0	0.0	0.0	0.0	0.0	0.0	0.0	0.0	0.0	0.0	0.0	0.0	0.0	0.006	0.0	0.0	0.0	0.0	0.0	0.0	0.0	0.0	0.0	0.0	0.0	0.0	0.0	0.0	0.0	0.0	0.0	0.0	0.0	0.0	0.002	0.0	0.0	0.0	0.0	0.0	0.0	0.0	0.0	0.0	
Chromosome	3733389	C	T	0.0	0.252	0.0	0.0	0.0	0.0	0.0	0.0	0.0	0.0	0.006	0.0	0.005	0.0	0.0	0.0	0.0	0.0	0.0	0.0	0.0	0.0	0.0	0.0	0.0	0.0	0.0	0.0	0.003	0.0	0.0	0.0	0.0	0.0	0.0	0.0	0.0	0.0	0.0	0.0	0.0	0.0	0.0	0.0	0.0	0.0	0.0	0.0	0.0	0.0	0.0	0.0	0.0	0.0	0.0	0.0	0.0	0.0	0.0	0.0	0.0	0.003	0.0	0.0	0.0	0.0	0.0	0.0	0.0	
Chromosome	3777630	T	G	0.182	0.214	0.225	0.299	0.163	0.227	0.304	0.34	0.231	0.305	0.299	0.26	0.366	0.344	0.338	0.275	0.308	0.26	0.316	0.314	0.263	0.302	0.192	0.223	0.204	0.2	0.164	0.176	0.149	0.194	0.224	0.254	0.145	0.216	0.158	0.0	0.301	0.251	0.22	0.007	0.331	0.0	0.255	0.244	0.182	0.133	0.184	0.213	0.27	0.277	0.305	0.24	0.355	0.257	0.267	0.411	0.275	0.349	0.0	0.175	0.212	0.227	0.161	0.252	0.196	0.217	0.176	0.188	0.0	
Chromosome	3777637	A	C	0.147	0.209	0.153	0.228	0.108	0.253	0.286	0.32	0.217	0.283	0.261	0.265	0.331	0.224	0.237	0.292	0.281	0.223	0.308	0.21	0.256	0.254	0.293	0.188	0.189	0.138	0.196	0.201	0.169	0.219	0.211	0.23	0.161	0.185	0.179	0.0	0.31	0.262	0.275	0.0	0.264	0.007	0.218	0.222	0.146	0.205	0.184	0.233	0.378	0.218	0.275	0.316	0.418	0.315	0.24	0.51	0.287	0.219	0.0	0.188	0.154	0.143	0.242	0.248	0.215	0.151	0.174	0.155	0.006	
Chromosome	3909347	C	A	0.0	0.058	0.0	0.0	0.0	0.0	0.0	0.0	0.0	0.0	0.0	0.0	0.0	0.0	0.0	0.0	0.0	0.0	0.0	0.0	0.0	0.0	0.004	0.004	0.0	0.0	0.0	0.0	0.0	0.0	0.0	0.0	0.0	0.0	0.0	0.0	0.0	0.0	0.0	0.0	0.0	0.0	0.0	0.0	0.0	0.0	0.0	0.0	0.0	0.007	0.0	0.0	0.0	0.0	0.0	0.0	0.0	0.0	0.0	0.0	0.0	0.0	0.004	0.0	0.004	0.0	0.0	0.0	0.0	
Chromosome	3916389	C	T	0.05	0.046	0.035	0.072	0.068	0.024	0.061	0.019	0.024	0.019	0.027	0.047	0.061	0.037	0.118	0.015	0.021	0.037	0.048	0.032	0.028	0.09	0.043	0.044	0.028	0.034	0.05	0.017	0.056	0.056	0.056	0.017	0.037	0.017	0.061	0.094	0.13	0.048	0.033	0.136	0.065	0.14	0.0	0.019	0.043	0.083	0.037	0.031	0.0	0.049	0.085	0.0	0.1	0.0	0.041	0.167	0.05	0.049	0.103	0.052	0.056	0.065	0.061	0.057	0.011	0.033	0.098	0.04	0.333	
Chromosome	3916390	A	G	0.102	0.057	0.06	0.088	0.067	0.025	0.065	0.019	0.073	0.077	0.079	0.047	0.062	0.037	0.188	0.063	0.021	0.137	0.066	0.048	0.039	0.09	0.086	0.076	0.042	0.057	0.068	0.043	0.113	0.086	0.057	0.052	0.083	0.026	0.07	0.184	0.113	0.048	0.048	0.167	0.067	0.14	0.0	0.019	0.073	0.101	0.059	0.03	0.0	0.05	0.091	0.023	0.125	0.054	0.083	0.167	0.075	0.062	0.14	0.065	0.069	0.065	0.062	0.094	0.044	0.076	0.107	0.053	0.333	
Chromosome	3921751	G	GC	0.003	0.023	0.008	0.005	0.0	0.0	0.0	0.0	0.0	0.0	0.006	0.0	0.02	0.009	0.0	0.0	0.0	0.0	0.0	0.0	0.011	0.0	0.005	0.005	0.019	0.0	0.0	0.0	0.007	0.0	0.01	0.021	0.004	0.009	0.0	0.0	0.0	0.0	0.0	0.007	0.0	0.0	0.0	0.0	0.004	0.0	0.0	0.0	0.0	0.0	0.0	0.0	0.0	0.0	0.0	0.0	0.0	0.009	0.0	0.0	0.0	0.0	0.005	0.024	0.0	0.0	0.0	0.0	0.0	
Chromosome	3921752	T	C	0.003	0.027	0.008	0.005	0.007	0.0	0.0	0.0	0.0	0.0	0.0	0.0	0.02	0.008	0.0	0.0	0.0	0.0	0.0	0.0	0.011	0.0	0.005	0.005	0.019	0.0	0.0	0.0	0.007	0.0	0.01	0.021	0.004	0.009	0.0	0.0	0.0	0.0	0.0	0.007	0.0	0.0	0.0	0.0	0.004	0.0	0.0	0.0	0.0	0.0	0.0	0.0	0.0	0.0	0.0	0.0	0.0	0.009	0.0	0.002	0.0	0.0	0.005	0.023	0.0	0.0	0.0	0.003	0.0	
Chromosome	3921755	A	T	0.003	0.026	0.008	0.005	0.007	0.0	0.0	0.0	0.0	0.0	0.0	0.0	0.025	0.016	0.0	0.0	0.0	0.0	0.0	0.0	0.011	0.0	0.005	0.005	0.019	0.005	0.0	0.0	0.007	0.0	0.015	0.02	0.003	0.008	0.0	0.0	0.005	0.0	0.0	0.007	0.0	0.0	0.0	0.0	0.008	0.0	0.0	0.0	0.0	0.0	0.007	0.0	0.0	0.0	0.0	0.0	0.0	0.009	0.0	0.0	0.0	0.0	0.005	0.023	0.0	0.0	0.0	0.0	0.0	
Chromosome	3921759	G	A	0.003	0.026	0.008	0.005	0.007	0.0	0.0	0.0	0.0	0.0	0.0	0.007	0.02	0.008	0.0	0.0	0.0	0.0	0.0	0.0	0.011	0.0	0.009	0.005	0.019	0.0	0.0	0.0	0.007	0.0	0.01	0.02	0.003	0.008	0.0	0.0	0.0	0.0	0.0	0.007	0.0	0.0	0.0	0.0	0.004	0.0	0.0	0.0	0.0	0.0	0.0	0.0	0.0	0.0	0.0	0.0	0.0	0.004	0.0	0.0	0.0	0.0	0.005	0.024	0.0	0.0	0.0	0.0	0.0	
Chromosome	3926830	A	C	0.003	0.096	0.0	0.0	0.0	0.0	0.0	0.0	0.124	0.0	0.0	0.0	0.006	0.012	0.009	0.0	0.007	0.0	0.0	0.0	0.0	0.0	0.0	0.0	0.0	0.0	0.0	0.004	0.0	0.0	0.005	0.0	0.0	0.0	0.0	0.0	0.0	0.0	0.0	0.005	0.0	0.005	0.0	0.0	0.0	0.0	0.017	0.01	0.0	0.008	0.007	0.0	0.0	0.0	0.0	0.0	0.007	0.0	0.0	0.0	0.0	0.0	0.0	0.0	0.004	0.0	0.002	0.0	0.0	
Chromosome	3969203	T	G	0.012	0.105	0.009	0.0	0.007	0.0	0.0	0.015	0.1	0.005	0.0	0.0	0.005	0.0	0.009	0.011	0.054	0.037	0.034	0.056	0.0	0.0	0.005	0.0	0.0	0.004	0.003	0.024	0.0	0.0	0.0	0.006	0.007	0.003	0.003	0.0	0.0	0.0	0.005	0.0	0.0	0.0	0.0	0.0	0.0	0.0	0.009	0.0	0.0	0.009	0.02	0.008	0.009	0.007	0.029	0.0	0.065	0.0	0.0	0.004	0.0	0.003	0.0	0.017	0.04	0.04	0.012	0.0	0.007	
Chromosome	4028636	G	C	0.279	0.379	0.354	0.34	0.3	0.337	0.26	0.358	0.423	0.302	0.41	0.268	0.403	0.396	0.186	0.377	0.333	0.231	0.31	0.363	0.345	0.397	0.33	0.393	0.339	0.353	0.376	0.345	0.346	0.427	0.389	0.371	0.347	0.374	0.317	0.005	0.328	0.386	0.311	0.0	0.41	0.0	0.431	0.335	0.384	0.371	0.322	0.412	0.315	0.304	0.327	0.374	0.347	0.333	0.364	0.426	0.414	0.393	0.0	0.328	0.339	0.366	0.279	0.317	0.314	0.374	0.341	0.41	0.0	
Chromosome	4212531	T	G	0.0	0.083	0.0	0.0	0.0	0.009	0.0	0.0	0.0	0.0	0.0	0.0	0.0	0.0	0.0	0.008	0.0	0.0	0.0	0.0	0.0	0.004	0.0	0.0	0.0	0.0	0.0	0.0	0.0	0.0	0.0	0.0	0.0	0.0	0.0	0.0	0.0	0.0	0.0	0.0	0.0	0.0	0.0	0.0	0.0	0.083	0.0	0.0	0.0	0.0	0.0	0.0	0.0	0.0	0.0	0.0	0.0	0.0	0.0	0.0	0.0	0.0	0.0	0.0	0.0	0.0	0.0	0.0	0.0	
Chromosome	4214560	C	A	0.452	0.466	0.465	0.518	0.533	0.441	0.444	0.525	0.503	0.477	0.478	0.474	0.465	0.544	0.5	0.53	0.506	0.48	0.485	0.401	0.533	0.478	0.449	0.475	0.494	0.517	0.494	0.476	0.515	0.485	0.48	0.481	0.502	0.45	0.481	0.463	0.458	0.491	0.505	0.538	0.511	0.524	0.498	0.496	0.478	0.497	0.486	0.431	0.453	0.479	0.42	0.509	0.468	0.49	0.472	0.509	0.462	0.494	0.408	0.494	0.506	0.43	0.49	0.489	0.515	0.442	0.432	0.326	0.498	
Chromosome	4214739	G	GT	0.34	0.336	0.338	0.351	0.395	0.304	0.332	0.352	0.324	0.364	0.304	0.32	0.368	0.472	0.392	0.342	0.38	0.312	0.339	0.353	0.34	0.358	0.313	0.303	0.316	0.331	0.332	0.321	0.353	0.327	0.388	0.339	0.358	0.305	0.333	0.327	0.332	0.362	0.287	0.317	0.332	0.357	0.306	0.309	0.32	0.334	0.355	0.331	0.371	0.301	0.321	0.371	0.324	0.352	0.367	0.535	0.391	0.331	0.26	0.338	0.314	0.329	0.36	0.327	0.316	0.303	0.304	0.266	0.329	
Chromosome	4214852	A	AG	0.06	0.083	0.056	0.076	0.074	0.043	0.078	0.072	0.05	0.058	0.023	0.048	0.069	0.07	0.099	0.049	0.107	0.048	0.074	0.046	0.047	0.057	0.059	0.07	0.045	0.05	0.069	0.061	0.07	0.066	0.067	0.066	0.062	0.073	0.066	0.022	0.065	0.047	0.037	0.051	0.087	0.097	0.015	0.066	0.044	0.084	0.064	0.024	0.074	0.088	0.054	0.039	0.026	0.069	0.048	0.065	0.06	0.058	0.082	0.057	0.058	0.053	0.058	0.067	0.049	0.073	0.054	0.058	0.045	
Chromosome	4214853	C	CAAT	0.0	0.003	0.0	0.013	0.0	0.0	0.0	0.008	0.0	0.004	0.0	0.0	0.0	0.0	0.0	0.006	0.0	0.0	0.006	0.0	0.0	0.004	0.0	0.008	0.003	0.0	0.0	0.003	0.004	0.0	0.004	0.0	0.0	0.0	0.003	0.011	0.0	0.006	0.0	0.034	0.0	0.067	0.0	0.004	0.0	0.0	0.004	0.0	0.0	0.0	0.0	0.007	0.0	0.006	0.008	0.0	0.004	0.006	0.06	0.0	0.0	0.0	0.008	0.009	0.0	0.0	0.0	0.0	0.019	
Chromosome	4214855	A	ATCAAT	0.045	0.072	0.042	0.082	0.048	0.05	0.07	0.072	0.049	0.05	0.009	0.039	0.07	0.066	0.096	0.044	0.102	0.049	0.067	0.041	0.045	0.046	0.048	0.066	0.041	0.039	0.058	0.066	0.071	0.065	0.071	0.058	0.069	0.069	0.071	0.022	0.059	0.048	0.036	0.045	0.078	0.078	0.015	0.062	0.044	0.067	0.06	0.04	0.07	0.081	0.048	0.052	0.027	0.07	0.056	0.107	0.055	0.061	0.05	0.052	0.072	0.057	0.058	0.058	0.057	0.062	0.05	0.051	0.032	
Chromosome	4214859	C	T	0.036	0.058	0.049	0.07	0.045	0.042	0.073	0.065	0.044	0.036	0.009	0.041	0.061	0.05	0.085	0.033	0.101	0.052	0.059	0.036	0.042	0.04	0.046	0.059	0.039	0.032	0.057	0.062	0.066	0.051	0.056	0.051	0.066	0.069	0.059	0.023	0.056	0.049	0.025	0.046	0.073	0.077	0.015	0.061	0.039	0.061	0.052	0.043	0.065	0.051	0.049	0.041	0.028	0.071	0.058	0.088	0.05	0.058	0.052	0.05	0.059	0.048	0.051	0.052	0.051	0.05	0.047	0.05	0.028	
Chromosome	4214862	C	G	0.033	0.05	0.04	0.059	0.041	0.043	0.067	0.058	0.034	0.032	0.005	0.036	0.062	0.051	0.076	0.02	0.088	0.042	0.06	0.03	0.035	0.04	0.037	0.056	0.036	0.029	0.051	0.06	0.066	0.047	0.052	0.037	0.06	0.057	0.046	0.023	0.04	0.031	0.025	0.029	0.061	0.066	0.01	0.049	0.034	0.057	0.041	0.034	0.048	0.044	0.029	0.021	0.022	0.056	0.057	0.09	0.046	0.052	0.041	0.038	0.047	0.038	0.047	0.044	0.044	0.04	0.029	0.04	0.014	
Chromosome	4214864	C	A	0.031	0.044	0.04	0.042	0.03	0.034	0.057	0.057	0.03	0.032	0.01	0.045	0.055	0.051	0.066	0.021	0.084	0.034	0.048	0.045	0.031	0.032	0.03	0.049	0.036	0.022	0.051	0.043	0.055	0.033	0.045	0.024	0.052	0.049	0.04	0.018	0.034	0.019	0.024	0.024	0.037	0.066	0.01	0.041	0.03	0.051	0.035	0.034	0.034	0.038	0.028	0.021	0.022	0.042	0.048	0.078	0.034	0.041	0.03	0.033	0.038	0.038	0.035	0.04	0.044	0.04	0.035	0.037	0.014	
Chromosome	4214865	C	T	0.025	0.037	0.035	0.024	0.024	0.026	0.047	0.056	0.027	0.016	0.005	0.032	0.044	0.052	0.041	0.021	0.066	0.034	0.048	0.038	0.023	0.027	0.03	0.041	0.035	0.015	0.047	0.039	0.047	0.029	0.046	0.021	0.042	0.049	0.043	0.012	0.028	0.019	0.024	0.018	0.037	0.066	0.01	0.037	0.027	0.047	0.032	0.034	0.034	0.03	0.028	0.014	0.015	0.042	0.048	0.078	0.022	0.028	0.03	0.029	0.038	0.035	0.022	0.035	0.037	0.036	0.026	0.033	0.014	
Chromosome	4235777	G	C	0.0	0.194	0.0	0.0	0.0	0.0	0.0	0.0	0.0	0.0	0.0	0.0	0.0	0.0	0.0	0.0	0.0	0.0	0.0	0.0	0.0	0.0	0.0	0.0	0.0	0.0	0.0	0.0	0.0	0.0	0.0	0.0	0.0	0.0	0.0	0.0	0.0	0.0	0.0	0.0	0.0	0.005	0.0	0.0	0.0	0.215	0.0	0.0	0.0	0.0	0.0	0.0	0.0	0.0	0.0	0.0	0.0	0.0	0.0	0.0	0.0	0.0	0.0	0.0	0.0	0.0	0.0	0.0	0.0	
Chromosome	4235778	G	A	0.0	0.193	0.0	0.0	0.0	0.0	0.0	0.0	0.0	0.0	0.0	0.0	0.0	0.0	0.0	0.0	0.0	0.0	0.0	0.0	0.0	0.0	0.0	0.0	0.0	0.0	0.0	0.0	0.0	0.0	0.0	0.0	0.0	0.0	0.0	0.0	0.0	0.0	0.0	0.0	0.0	0.0	0.0	0.0	0.0	0.217	0.0	0.01	0.0	0.0	0.0	0.0	0.0	0.0	0.0	0.0	0.0	0.0	0.0	0.0	0.0	0.0	0.0	0.0	0.0	0.0	0.0	0.0	0.0	
Chromosome	4299786	A	G	0.006	0.032	0.004	0.022	0.013	0.007	0.0	0.0	0.0	0.016	0.0	0.0	0.025	0.0	0.0	0.0	0.0	0.0	0.0	0.0	0.0	0.004	0.0	0.027	0.021	0.004	0.0	0.0	0.0	0.0	0.021	0.011	0.003	0.019	0.0	0.01	0.0	0.0	0.0	0.007	0.0	0.0	0.0	0.0	0.007	0.0	0.002	0.0	0.008	0.0	0.0	0.0	0.0	0.0	0.0	0.042	0.018	0.024	0.0	0.0	0.0	0.004	0.0	0.005	0.0	0.0	0.0	0.0	0.0	
Chromosome	4299788	G	C	0.009	0.032	0.004	0.022	0.013	0.007	0.0	0.0	0.0	0.016	0.0	0.0	0.025	0.0	0.0	0.006	0.0	0.0	0.0	0.0	0.0	0.004	0.0	0.027	0.017	0.004	0.0	0.0	0.0	0.0	0.022	0.01	0.003	0.019	0.0	0.005	0.0	0.0	0.0	0.014	0.0	0.0	0.0	0.0	0.007	0.0	0.002	0.0	0.0	0.0	0.0	0.0	0.0	0.0	0.0	0.0	0.019	0.033	0.0	0.0	0.0	0.004	0.0	0.005	0.0	0.0	0.0	0.0	0.0	
Chromosome	4299790	C	T	0.009	0.032	0.004	0.022	0.013	0.007	0.0	0.0	0.0	0.016	0.0	0.007	0.025	0.0	0.01	0.012	0.0	0.0	0.0	0.0	0.0	0.004	0.0	0.027	0.017	0.004	0.0	0.0	0.0	0.005	0.027	0.01	0.003	0.017	0.0	0.0	0.0	0.0	0.0	0.007	0.0	0.0	0.0	0.0	0.007	0.0	0.002	0.01	0.0	0.0	0.0	0.0	0.0	0.0	0.0	0.0	0.019	0.037	0.0	0.002	0.0	0.006	0.0	0.005	0.0	0.0	0.0	0.0	0.0	
Chromosome	4302974	C	CA	0.0	0.0	0.0	0.0	0.0	0.0	0.0	0.0	0.0	0.0	0.0	0.0	0.0	0.0	0.0	0.008	0.0	0.0	0.0	0.0	0.0	0.0	0.0	0.0	0.0	0.0	0.0	0.0	0.0	0.0	0.0	0.0	0.0	0.0	0.0	0.0	0.0	0.0	0.0	0.0	0.0	0.0	0.0	0.0	0.0	0.0	0.0	0.0	0.0	0.0	0.0	0.0	0.0	0.0	0.0	0.0	0.0	0.0	0.0	0.0	0.0	0.0	0.0	0.0	0.0	0.0	0.0	0.0	0.0	
Chromosome	4302976	GT	G	0.003	0.016	0.012	0.0	0.0	0.01	0.008	0.028	0.004	0.011	0.015	0.007	0.005	0.0	0.023	0.031	0.013	0.037	0.0	0.018	0.01	0.016	0.013	0.02	0.008	0.005	0.024	0.025	0.007	0.016	0.0	0.016	0.0	0.013	0.011	0.011	0.019	0.011	0.015	0.008	0.018	0.012	0.016	0.006	0.013	0.008	0.018	0.0	0.015	0.008	0.007	0.007	0.0	0.0	0.0	0.0	0.006	0.004	0.021	0.012	0.015	0.005	0.011	0.011	0.005	0.018	0.009	0.022	0.027	
Chromosome	4336213	A	T	0.0	0.136	0.0	0.0	0.0	0.0	0.007	0.0	0.008	0.0	0.0	0.0	0.0	0.0	0.0	0.005	0.0	0.0	0.007	0.0	0.0	0.0	0.004	0.0	0.0	0.0	0.0	0.0	0.0	0.0	0.0	0.0	0.0	0.002	0.0	0.0	0.0	0.0	0.0	0.0	0.0	0.0	0.0	0.0	0.0	0.004	0.002	0.008	0.0	0.007	0.0	0.0	0.0	0.0	0.0	0.0	0.0	0.0	0.0	0.0	0.0	0.0	0.0	0.0	0.0	0.0	0.002	0.0	0.0	
Chromosome	4338880	T	G	0.155	0.139	0.108	0.178	0.092	0.219	0.198	0.316	0.24	0.161	0.255	0.158	0.192	0.148	0.202	0.283	0.275	0.331	0.211	0.25	0.183	0.187	0.173	0.149	0.14	0.119	0.1	0.125	0.11	0.183	0.183	0.183	0.138	0.156	0.13	0.0	0.164	0.198	0.207	0.0	0.197	0.006	0.083	0.141	0.147	0.123	0.142	0.142	0.238	0.252	0.341	0.199	0.234	0.284	0.268	0.229	0.197	0.213	0.0	0.142	0.097	0.124	0.139	0.078	0.173	0.109	0.144	0.085	0.0	
Chromosome	4381054	C	A	0.0	0.126	0.0	0.0	0.0	0.0	0.0	0.0	0.0	0.0	0.0	0.0	0.0	0.0	0.0	0.0	0.0	0.0	0.0	0.007	0.0	0.0	0.0	0.0	0.004	0.0	0.0	0.0	0.003	0.0	0.0	0.0	0.0	0.0	0.0	0.0	0.005	0.0	0.0	0.0	0.0	0.011	0.0	0.0	0.0	0.0	0.0	0.0	0.0	0.0	0.0	0.007	0.0	0.0	0.0	0.0	0.0	0.004	0.0	0.0	0.0	0.0	0.0	0.0	0.0	0.0	0.0	0.0	0.0	
Chromosome	4508445	C	G	0.0	0.051	0.0	0.0	0.0	0.0	0.0	0.0	0.0	0.0	0.005	0.0	0.0	0.0	0.0	0.007	0.0	0.0	0.0	0.0	0.0	0.0	0.0	0.0	0.0	0.0	0.0	0.0	0.0	0.0	0.0	0.0	0.0	0.0	0.0	0.0	0.0	0.0	0.0	0.0	0.0	0.0	0.0	0.0	0.0	0.0	0.0	0.0	0.0	0.0	0.0	0.0	0.0	0.0	0.0	0.0	0.0	0.0	0.0	0.0	0.0	0.0	0.0	0.0	0.0	0.0	0.0	0.0	0.0	
Chromosome	4541923	T	G	0.114	0.189	0.139	0.13	0.074	0.176	0.179	0.314	0.249	0.247	0.14	0.16	0.089	0.114	0.178	0.184	0.231	0.297	0.198	0.193	0.222	0.144	0.218	0.157	0.13	0.156	0.134	0.138	0.125	0.152	0.083	0.161	0.187	0.146	0.14	0.005	0.226	0.247	0.291	0.006	0.195	0.006	0.112	0.199	0.172	0.178	0.133	0.283	0.258	0.252	0.238	0.244	0.299	0.261	0.27	0.214	0.148	0.174	0.023	0.15	0.177	0.162	0.194	0.196	0.182	0.136	0.133	0.192	0.035	
Chromosome	4619545	A	C	0.183	0.173	0.224	0.197	0.145	0.265	0.229	0.267	0.221	0.242	0.322	0.252	0.206	0.242	0.21	0.272	0.28	0.225	0.293	0.238	0.256	0.28	0.168	0.253	0.15	0.219	0.167	0.197	0.202	0.234	0.295	0.253	0.186	0.201	0.168	0.0	0.177	0.286	0.215	0.0	0.219	0.0	0.206	0.212	0.219	0.206	0.191	0.2	0.223	0.221	0.295	0.32	0.177	0.263	0.282	0.318	0.283	0.241	0.0	0.239	0.172	0.163	0.167	0.214	0.249	0.205	0.162	0.191	0.0	
Chromosome	4619547	G	C	0.195	0.173	0.172	0.179	0.149	0.191	0.238	0.271	0.211	0.206	0.253	0.273	0.172	0.227	0.208	0.252	0.282	0.248	0.246	0.217	0.232	0.253	0.138	0.184	0.151	0.155	0.144	0.209	0.178	0.15	0.216	0.222	0.222	0.191	0.191	0.0	0.139	0.206	0.222	0.0	0.241	0.0	0.207	0.188	0.211	0.169	0.182	0.22	0.263	0.196	0.194	0.271	0.181	0.224	0.277	0.286	0.252	0.229	0.0	0.225	0.196	0.173	0.118	0.116	0.254	0.266	0.175	0.179	0.0	
Chromosome	4639740	A	C	0.103	0.153	0.164	0.141	0.077	0.239	0.208	0.314	0.24	0.254	0.246	0.234	0.286	0.268	0.217	0.248	0.173	0.263	0.284	0.177	0.169	0.267	0.132	0.132	0.111	0.145	0.113	0.12	0.108	0.23	0.218	0.254	0.157	0.125	0.111	0.014	0.189	0.18	0.19	0.005	0.218	0.0	0.219	0.233	0.132	0.125	0.115	0.232	0.265	0.212	0.268	0.262	0.243	0.363	0.214	0.16	0.251	0.202	0.005	0.134	0.124	0.127	0.169	0.175	0.171	0.149	0.122	0.122	0.006	
Chromosome	4676705	T	G	0.075	0.138	0.109	0.151	0.039	0.244	0.272	0.285	0.092	0.163	0.137	0.157	0.163	0.119	0.176	0.208	0.197	0.215	0.242	0.197	0.156	0.123	0.141	0.112	0.112	0.138	0.069	0.097	0.064	0.118	0.188	0.203	0.087	0.094	0.093	0.0	0.205	0.124	0.159	0.0	0.189	0.0	0.15	0.115	0.112	0.085	0.097	0.21	0.171	0.255	0.26	0.242	0.277	0.227	0.189	0.238	0.173	0.136	0.0	0.078	0.095	0.071	0.162	0.132	0.14	0.058	0.061	0.055	0.0	
Chromosome	4724246	A	C	0.306	0.235	0.223	0.244	0.171	0.299	0.304	0.243	0.243	0.289	0.344	0.258	0.284	0.262	0.278	0.311	0.315	0.245	0.342	0.275	0.318	0.268	0.261	0.269	0.232	0.23	0.31	0.277	0.203	0.22	0.297	0.348	0.235	0.269	0.275	0.0	0.272	0.29	0.267	0.0	0.327	0.006	0.157	0.354	0.294	0.358	0.288	0.386	0.398	0.367	0.33	0.206	0.277	0.389	0.23	0.233	0.248	0.219	0.0	0.281	0.263	0.26	0.281	0.251	0.312	0.275	0.296	0.192	0.0	
Chromosome	4795816	T	G	0.176	0.152	0.187	0.138	0.104	0.226	0.265	0.184	0.159	0.223	0.239	0.23	0.184	0.179	0.191	0.232	0.262	0.226	0.233	0.22	0.223	0.12	0.107	0.144	0.145	0.146	0.17	0.161	0.131	0.156	0.123	0.223	0.188	0.157	0.158	0.0	0.203	0.203	0.249	0.0	0.231	0.014	0.096	0.267	0.111	0.207	0.164	0.237	0.199	0.344	0.315	0.248	0.242	0.24	0.294	0.147	0.184	0.167	0.0	0.178	0.191	0.202	0.18	0.145	0.236	0.2	0.154	0.196	0.019	
Chromosome	4895259	A	C	0.091	0.103	0.094	0.142	0.061	0.187	0.15	0.157	0.108	0.138	0.177	0.153	0.155	0.147	0.149	0.171	0.172	0.137	0.161	0.129	0.205	0.119	0.1	0.081	0.076	0.111	0.081	0.136	0.139	0.13	0.12	0.142	0.105	0.113	0.093	0.0	0.149	0.158	0.135	0.0	0.141	0.0	0.098	0.172	0.114	0.112	0.112	0.14	0.16	0.226	0.16	0.209	0.146	0.168	0.206	0.105	0.086	0.121	0.0	0.098	0.092	0.067	0.093	0.104	0.154	0.099	0.075	0.088	0.0	
Chromosome	4901741	A	C	0.0	0.087	0.005	0.006	0.0	0.0	0.0	0.015	0.113	0.0	0.01	0.0	0.0	0.0	0.012	0.0	0.054	0.009	0.0	0.0	0.0	0.005	0.003	0.0	0.005	0.009	0.003	0.003	0.0	0.0	0.005	0.005	0.007	0.002	0.003	0.005	0.0	0.0	0.0	0.0	0.0	0.005	0.0	0.011	0.003	0.0	0.004	0.0	0.0	0.008	0.0	0.0	0.0	0.0	0.0	0.0	0.0	0.004	0.0	0.0	0.0	0.0	0.009	0.0	0.0	0.003	0.006	0.003	0.006	
Chromosome	4948868	T	G	0.188	0.134	0.157	0.175	0.117	0.217	0.29	0.282	0.193	0.254	0.245	0.267	0.16	0.123	0.244	0.353	0.357	0.28	0.333	0.274	0.236	0.203	0.187	0.165	0.176	0.198	0.181	0.21	0.129	0.194	0.16	0.263	0.154	0.203	0.19	0.0	0.259	0.212	0.23	0.006	0.221	0.0	0.109	0.271	0.223	0.159	0.172	0.242	0.248	0.311	0.252	0.239	0.192	0.26	0.333	0.231	0.221	0.169	0.0	0.211	0.226	0.247	0.12	0.186	0.174	0.221	0.226	0.217	0.0	
Chromosome	4948874	T	G	0.112	0.113	0.09	0.122	0.067	0.091	0.12	0.108	0.069	0.136	0.122	0.171	0.07	0.115	0.138	0.152	0.117	0.082	0.117	0.104	0.103	0.081	0.108	0.169	0.178	0.154	0.103	0.106	0.085	0.069	0.057	0.137	0.096	0.156	0.147	0.0	0.156	0.17	0.175	0.006	0.159	0.0	0.055	0.164	0.091	0.091	0.146	0.177	0.124	0.113	0.106	0.085	0.095	0.118	0.118	0.108	0.085	0.061	0.0	0.116	0.132	0.148	0.115	0.081	0.159	0.146	0.113	0.145	0.009	
Chromosome	4967091	T	G	0.003	0.099	0.0	0.005	0.0	0.0	0.0	0.016	0.081	0.0	0.0	0.0	0.0	0.0	0.0	0.015	0.073	0.0	0.0	0.007	0.006	0.0	0.0	0.0	0.0	0.01	0.0	0.003	0.0	0.0	0.0	0.0	0.0	0.003	0.006	0.0	0.0	0.0	0.0	0.0	0.016	0.0	0.007	0.01	0.004	0.0	0.012	0.0	0.0	0.007	0.006	0.0	0.0	0.007	0.0	0.0	0.007	0.0	0.0	0.003	0.0	0.003	0.005	0.0	0.0	0.004	0.0	0.003	0.0	
Chromosome	4981050	C	G	0.0	0.191	0.245	0.0	0.0	0.0	0.0	0.0	0.0	0.0	0.0	0.0	0.0	0.0	0.0	0.0	0.0	0.0	0.0	0.0	0.0	0.0	0.0	0.0	0.0	0.0	0.0	0.0	0.0	0.0	0.0	0.0	0.0	0.0	0.0	0.0	0.0	0.0	0.0	0.0	0.0	0.0	0.0	0.0	0.511	0.0	0.0	0.0	0.0	0.0	0.0	0.0	0.0	0.0	0.0	0.0	0.0	0.0	0.0	0.0	0.0	0.0	0.0	0.0	0.0	0.0	0.0	0.0	0.0	
Chromosome	5089386	A	C	0.0	0.062	0.0	0.0	0.0	0.0	0.0	0.007	0.043	0.0	0.005	0.0	0.0	0.0	0.0	0.013	0.019	0.0	0.0	0.0	0.0	0.0	0.0	0.004	0.0	0.0	0.0	0.0	0.0	0.0	0.0	0.0	0.0	0.0	0.0	0.005	0.011	0.0	0.004	0.006	0.0	0.0	0.0	0.005	0.0	0.0	0.006	0.0	0.0	0.0	0.0	0.0	0.0	0.0	0.0	0.0	0.009	0.0	0.005	0.002	0.0	0.0	0.0	0.0	0.0	0.0	0.002	0.003	0.007	
Chromosome	5089387	A	C	0.0	0.063	0.0	0.0	0.0	0.0	0.0	0.0	0.055	0.0	0.0	0.006	0.0	0.0	0.0	0.0	0.019	0.007	0.006	0.0	0.004	0.0	0.0	0.004	0.004	0.0	0.003	0.003	0.0	0.005	0.0	0.0	0.0	0.0	0.0	0.0	0.0	0.005	0.004	0.006	0.0	0.0	0.0	0.0	0.006	0.0	0.019	0.0	0.0	0.0	0.006	0.0	0.0	0.006	0.0	0.0	0.019	0.0	0.0	0.002	0.002	0.0	0.0	0.0	0.007	0.0	0.007	0.003	0.0	
Chromosome	5115098	T	G	0.203	0.136	0.117	0.157	0.112	0.185	0.181	0.17	0.122	0.181	0.177	0.203	0.152	0.12	0.172	0.24	0.193	0.168	0.195	0.252	0.196	0.08	0.124	0.114	0.093	0.149	0.155	0.165	0.104	0.105	0.139	0.166	0.184	0.194	0.162	0.0	0.23	0.202	0.18	0.0	0.162	0.0	0.074	0.164	0.141	0.142	0.205	0.204	0.177	0.174	0.184	0.222	0.17	0.152	0.177	0.15	0.094	0.092	0.0	0.207	0.193	0.156	0.113	0.104	0.193	0.141	0.178	0.228	0.0	
Chromosome	5130937	T	G	0.169	0.164	0.185	0.127	0.115	0.267	0.211	0.31	0.163	0.263	0.168	0.215	0.132	0.172	0.32	0.226	0.245	0.306	0.336	0.298	0.204	0.097	0.136	0.137	0.136	0.153	0.199	0.189	0.094	0.151	0.153	0.219	0.207	0.208	0.158	0.0	0.279	0.272	0.248	0.0	0.271	0.013	0.094	0.224	0.187	0.196	0.17	0.238	0.264	0.19	0.258	0.224	0.281	0.371	0.215	0.194	0.142	0.171	0.0	0.18	0.19	0.194	0.119	0.182	0.248	0.174	0.18	0.172	0.0	
Chromosome	5162094	C	G	0.0	0.175	0.193	0.0	0.0	0.0	0.0	0.0	0.0	0.0	0.0	0.0	0.0	0.0	0.0	0.0	0.0	0.0	0.0	0.0	0.0	0.0	0.0	0.0	0.0	0.0	0.0	0.0	0.0	0.0	0.0	0.0	0.0	0.0	0.0	0.0	0.0	0.0	0.0	0.0	0.0	0.0	0.0	0.0	0.246	0.0	0.002	0.0	0.0	0.0	0.0	0.0	0.0	0.0	0.0	0.0	0.0	0.0	0.0	0.0	0.0	0.0	0.0	0.0	0.0	0.0	0.0	0.0	0.0	
Chromosome	5213374	T	G	0.003	0.133	0.196	0.0	0.005	0.0	0.0	0.0	0.007	0.0	0.01	0.0	0.0	0.0	0.0	0.0	0.006	0.0	0.0	0.007	0.0	0.0	0.0	0.0	0.004	0.0	0.003	0.0	0.0	0.0	0.0	0.005	0.0	0.0	0.0	0.0	0.0	0.0	0.0	0.005	0.0	0.0	0.0	0.005	0.0	0.0	0.0	0.01	0.0	0.0	0.0	0.0	0.0	0.0	0.0	0.0	0.0	0.0	0.0	0.0	0.0	0.003	0.0	0.0	0.0	0.008	0.0	0.0	0.0	
Chromosome	5285794	T	TC	0.0	0.093	0.02	0.0	0.0	0.0	0.0	0.0	0.0	0.0	0.0	0.0	0.0	0.0	0.0	0.0	0.0	0.0	0.0	0.0	0.0	0.005	0.0	0.005	0.0	0.0	0.0	0.0	0.0	0.0	0.0	0.0	0.0	0.0	0.0	0.0	0.0	0.0	0.0	0.0	0.0	0.0	0.0	0.0	0.0	0.0	0.0	0.0	0.009	0.0	0.0	0.0	0.0	0.0	0.0	0.0	0.0	0.0	0.0	0.0	0.0	0.0	0.0	0.0	0.0	0.0	0.0	0.0	0.0	
Chromosome	5355871	C	A	0.0	0.162	0.0	0.0	0.0	0.0	0.0	0.0	0.0	0.0	0.0	0.0	0.0	0.0	0.0	0.006	0.0	0.0	0.006	0.006	0.0	0.0	0.0	0.0	0.0	0.0	0.0	0.003	0.0	0.0	0.0	0.0	0.0	0.0	0.0	0.0	0.0	0.004	0.0	0.0	0.0	0.0	0.0	0.0	0.0	0.208	0.0	0.0	0.0	0.0	0.0	0.0	0.007	0.0	0.0	0.0	0.0	0.0	0.0	0.0	0.003	0.007	0.0	0.0	0.0	0.0	0.0	0.0	0.0	
Chromosome	5359665	T	G	0.0	0.139	0.0	0.0	0.0	0.0	0.0	0.0	0.09	0.0	0.0	0.0	0.0	0.0	0.0	0.0	0.145	0.0	0.0	0.0	0.0	0.0	0.0	0.004	0.0	0.0	0.0	0.003	0.0	0.0	0.0	0.0	0.0	0.0	0.0	0.0	0.0	0.005	0.0	0.0	0.0	0.0	0.005	0.0	0.0	0.0	0.143	0.0	0.008	0.0	0.0	0.0	0.0	0.0	0.0	0.0	0.0	0.0	0.0	0.0	0.002	0.0	0.0	0.0	0.0	0.0	0.057	0.0	0.0	
Chromosome	5461789	T	G	0.108	0.174	0.225	0.197	0.107	0.359	0.451	0.46	0.412	0.349	0.333	0.346	0.5	0.404	0.315	0.39	0.494	0.459	0.457	0.602	0.455	0.442	0.239	0.237	0.217	0.231	0.174	0.22	0.145	0.316	0.327	0.353	0.17	0.168	0.167	0.0	0.33	0.357	0.409	0.008	0.326	0.006	0.263	0.33	0.181	0.164	0.215	0.327	0.487	0.46	0.532	0.438	0.352	0.44	0.413	0.6	0.472	0.342	0.011	0.163	0.144	0.082	0.179	0.278	0.232	0.118	0.137	0.175	0.01	
Chromosome	5461843	T	G	0.137	0.092	0.049	0.075	0.076	0.111	0.227	0.148	0.031	0.226	0.156	0.148	0.054	0.049	0.25	0.237	0.137	0.235	0.178	0.165	0.195	0.036	0.114	0.115	0.064	0.106	0.127	0.157	0.046	0.057	0.037	0.202	0.159	0.147	0.114	0.024	0.144	0.169	0.179	0.0	0.218	0.018	0.028	0.163	0.162	0.143	0.117	0.154	0.206	0.137	0.129	0.184	0.114	0.105	0.171	0.0	0.033	0.108	0.019	0.148	0.135	0.137	0.072	0.071	0.149	0.155	0.155	0.133	0.011	
Chromosome	5468002	A	C	0.038	0.105	0.083	0.074	0.044	0.124	0.084	0.069	0.091	0.123	0.102	0.093	0.121	0.118	0.1	0.148	0.086	0.056	0.084	0.055	0.085	0.106	0.069	0.025	0.087	0.071	0.053	0.044	0.075	0.146	0.108	0.121	0.078	0.053	0.032	0.007	0.095	0.078	0.068	0.0	0.095	0.006	0.09	0.077	0.031	0.065	0.055	0.043	0.086	0.081	0.143	0.067	0.108	0.129	0.115	0.205	0.089	0.122	0.006	0.054	0.069	0.077	0.082	0.066	0.103	0.048	0.057	0.094	0.006	
Chromosome	5473426	A	C	0.113	0.106	0.067	0.074	0.067	0.193	0.205	0.216	0.11	0.161	0.175	0.13	0.108	0.129	0.222	0.194	0.227	0.316	0.27	0.171	0.186	0.171	0.053	0.1	0.087	0.079	0.093	0.081	0.036	0.102	0.094	0.219	0.126	0.087	0.1	0.016	0.073	0.213	0.114	0.0	0.127	0.0	0.042	0.142	0.108	0.129	0.097	0.083	0.239	0.162	0.176	0.194	0.149	0.202	0.179	0.148	0.121	0.14	0.0	0.075	0.108	0.058	0.077	0.094	0.132	0.103	0.14	0.125	0.007	
Chromosome	5512267	A	C	0.136	0.17	0.122	0.205	0.136	0.148	0.275	0.185	0.193	0.247	0.181	0.204	0.194	0.214	0.205	0.27	0.237	0.228	0.226	0.227	0.195	0.233	0.173	0.184	0.201	0.177	0.138	0.15	0.116	0.181	0.239	0.144	0.131	0.143	0.133	0.0	0.181	0.201	0.176	0.006	0.208	0.005	0.164	0.26	0.116	0.126	0.154	0.179	0.237	0.242	0.247	0.222	0.264	0.202	0.262	0.289	0.301	0.2	0.005	0.129	0.12	0.087	0.192	0.169	0.136	0.123	0.111	0.126	0.0	
Chromosome	5631180	C	.	0.0	0.0	0.0	0.0	0.0	0.0	0.0	0.0	0.0	0.0	0.0	0.0	0.0	0.0	0.0	0.0	0.0	0.0	0.0	0.0	0.0	0.0	0.0	0.0	0.0	0.0	0.0	0.0	0.0	0.0	0.0	0.0	0.0	0.0	0.0	0.0	0.0	0.0	0.0	0.0	0.0	0.0	0.0	0.0	0.0	0.0	0.0	0.0	0.0	0.0	0.0	0.0	0.0	0.0	0.0	0.0	0.0	0.0	0.0	0.0	0.0	0.0	0.0	0.0	0.0	0.0	0.0	0.0	0.0	
Chromosome	5631181	T	G	0.164	0.197	0.164	0.158	0.078	0.233	0.271	0.17	0.313	0.22	0.221	0.215	0.172	0.186	0.176	0.244	0.196	0.162	0.252	0.214	0.271	0.228	0.156	0.198	0.179	0.162	0.184	0.211	0.201	0.11	0.211	0.146	0.18	0.221	0.2	0.059	0.153	0.294	0.224	0.045	0.253	0.07	0.145	0.183	0.23	0.233	0.148	0.282	0.291	0.214	0.292	0.176	0.248	0.224	0.208	0.228	0.27	0.175	0.086	0.251	0.24	0.213	0.195	0.173	0.218	0.185	0.196	0.172	0.103	
Chromosome	5631185	T	G	0.232	0.286	0.316	0.266	0.21	0.281	0.261	0.269	0.421	0.264	0.265	0.239	0.274	0.297	0.224	0.264	0.229	0.232	0.288	0.267	0.249	0.347	0.261	0.309	0.285	0.313	0.215	0.234	0.33	0.243	0.316	0.168	0.213	0.261	0.19	0.094	0.239	0.335	0.306	0.049	0.268	0.045	0.289	0.244	0.238	0.272	0.239	0.342	0.339	0.239	0.336	0.285	0.278	0.244	0.301	0.338	0.306	0.337	0.064	0.287	0.289	0.225	0.349	0.368	0.238	0.271	0.222	0.239	0.086	
Chromosome	5631189	C	G	0.224	0.221	0.278	0.247	0.208	0.25	0.29	0.243	0.418	0.239	0.203	0.248	0.307	0.281	0.232	0.277	0.241	0.23	0.294	0.281	0.245	0.358	0.222	0.218	0.271	0.297	0.249	0.286	0.301	0.257	0.292	0.184	0.25	0.255	0.229	0.06	0.217	0.257	0.204	0.048	0.265	0.044	0.299	0.306	0.273	0.274	0.221	0.282	0.372	0.285	0.336	0.248	0.3	0.242	0.243	0.397	0.346	0.28	0.039	0.297	0.273	0.261	0.335	0.307	0.227	0.27	0.245	0.25	0.032	
Chromosome	5631192	G	GGC	0.0	0.009	0.005	0.005	0.0	0.0	0.0	0.0	0.036	0.017	0.014	0.007	0.017	0.03	0.0	0.008	0.0	0.0	0.023	0.0	0.01	0.005	0.008	0.026	0.004	0.004	0.004	0.004	0.005	0.006	0.01	0.006	0.004	0.0	0.004	0.0	0.005	0.005	0.006	0.0	0.0	0.0	0.006	0.013	0.004	0.005	0.013	0.022	0.015	0.008	0.008	0.016	0.0	0.016	0.01	0.042	0.049	0.024	0.0	0.003	0.009	0.003	0.018	0.019	0.009	0.011	0.003	0.004	0.0	
Chromosome	5651224	C	G	0.199	0.158	0.162	0.186	0.07	0.269	0.232	0.259	0.252	0.208	0.185	0.183	0.275	0.257	0.316	0.199	0.2	0.234	0.255	0.228	0.216	0.258	0.171	0.15	0.147	0.222	0.167	0.146	0.165	0.287	0.28	0.189	0.158	0.131	0.138	0.006	0.162	0.254	0.18	0.006	0.141	0.0	0.125	0.183	0.063	0.165	0.122	0.191	0.193	0.171	0.248	0.208	0.228	0.228	0.33	0.053	0.3	0.276	0.0	0.139	0.13	0.156	0.215	0.161	0.19	0.215	0.135	0.157	0.0	
Chromosome	5651232	T	G	0.249	0.115	0.065	0.094	0.047	0.259	0.292	0.259	0.056	0.303	0.293	0.254	0.053	0.038	0.312	0.178	0.214	0.238	0.237	0.221	0.223	0.066	0.059	0.102	0.075	0.101	0.232	0.187	0.047	0.067	0.056	0.167	0.248	0.253	0.221	0.006	0.211	0.259	0.215	0.0	0.222	0.005	0.02	0.194	0.207	0.214	0.181	0.207	0.17	0.172	0.232	0.21	0.212	0.198	0.266	0.0	0.076	0.05	0.0	0.207	0.234	0.249	0.077	0.061	0.252	0.231	0.218	0.21	0.02	
Chromosome	5745253	C	A	0.0	0.158	0.21	0.0	0.0	0.014	0.007	0.0	0.0	0.0	0.0	0.005	0.0	0.0	0.0	0.0	0.0	0.0	0.0	0.006	0.0	0.0	0.0	0.005	0.0	0.0	0.0	0.004	0.0	0.0	0.0	0.0	0.003	0.0	0.0	0.0	0.005	0.0	0.0	0.0	0.0	0.0	0.0	0.0	0.475	0.003	0.002	0.0	0.0	0.007	0.0	0.0	0.0	0.0	0.0	0.0	0.0	0.0	0.0	0.0	0.0	0.0	0.0	0.005	0.0	0.0	0.003	0.0	0.0	
Chromosome	5745254	C	A	0.0	0.153	0.21	0.0	0.0	0.0	0.0	0.0	0.0	0.0	0.009	0.0	0.0	0.0	0.0	0.006	0.0	0.0	0.0	0.0	0.0	0.0	0.0	0.005	0.0	0.0	0.0	0.0	0.0	0.0	0.0	0.0	0.0	0.0	0.0	0.0	0.0	0.005	0.0	0.0	0.0	0.0	0.0	0.0	0.477	0.0	0.0	0.0	0.008	0.014	0.0	0.0	0.0	0.0	0.008	0.0	0.005	0.0	0.005	0.0	0.0	0.0	0.0	0.0	0.0	0.0	0.0	0.0	0.0	
Chromosome	5757785	T	G	0.091	0.125	0.103	0.11	0.063	0.086	0.145	0.075	0.098	0.066	0.103	0.077	0.109	0.101	0.148	0.083	0.089	0.102	0.099	0.053	0.163	0.103	0.113	0.124	0.152	0.116	0.084	0.114	0.091	0.123	0.127	0.071	0.092	0.095	0.09	0.0	0.104	0.121	0.155	0.0	0.074	0.0	0.16	0.085	0.115	0.072	0.114	0.073	0.106	0.126	0.117	0.058	0.105	0.101	0.069	0.148	0.145	0.114	0.0	0.1	0.088	0.08	0.151	0.114	0.089	0.105	0.074	0.074	0.0	
Chromosome	5783828	C	CGT	0.0	0.0	0.0	0.0	0.0	0.0	0.0	0.0	0.0	0.0	0.0	0.0	0.0	0.0	0.0	0.0	0.0	0.0	0.0	0.0	0.0	0.0	0.0	0.0	0.0	0.0	0.0	0.0	0.0	0.0	0.0	0.0	0.0	0.0	0.0	0.0	0.0	0.0	0.0	0.0	0.0	0.0	0.0	0.0	0.0	0.0	0.0	0.0	0.0	0.0	0.0	0.0	0.0	0.0	0.0	0.0	0.0	0.0	0.0	0.0	0.0	0.0	0.0	0.0	0.0	0.0	0.0	0.0	0.0	
Chromosome	5783831	T	A	0.0	0.0	0.0	0.0	0.0	0.0	0.015	0.0	0.009	0.0	0.006	0.007	0.005	0.009	0.007	0.0	0.019	0.0	0.013	0.019	0.005	0.009	0.0	0.0	0.0	0.0	0.003	0.0	0.003	0.0	0.01	0.006	0.003	0.002	0.0	0.0	0.0	0.011	0.0	0.0	0.0	0.0	0.006	0.0	0.007	0.0	0.0	0.017	0.015	0.017	0.006	0.007	0.009	0.007	0.03	0.0	0.0	0.009	0.0	0.0	0.005	0.002	0.0	0.0	0.0	0.005	0.002	0.003	0.0	
Chromosome	5812448	T	G	0.237	0.487	0.418	0.518	0.448	0.114	0.147	0.216	0.427	0.296	0.369	0.266	0.547	0.592	0.294	0.16	0.232	0.244	0.283	0.214	0.21	0.507	0.512	0.48	0.565	0.509	0.255	0.272	0.473	0.58	0.651	0.234	0.231	0.241	0.32	0.007	0.256	0.267	0.226	0.038	0.286	0.019	0.628	0.247	0.267	0.257	0.304	0.14	0.241	0.188	0.186	0.122	0.246	0.275	0.175	0.526	0.559	0.679	0.02	0.305	0.256	0.262	0.438	0.538	0.218	0.248	0.28	0.299	0.014	
Chromosome	5812451	C	A	0.082	0.107	0.029	0.042	0.076	0.056	0.028	0.02	0.038	0.063	0.024	0.021	0.065	0.071	0.042	0.021	0.036	0.022	0.021	0.085	0.027	0.0	0.025	0.024	0.017	0.048	0.078	0.099	0.051	0.041	0.047	0.091	0.097	0.081	0.086	0.0	0.033	0.048	0.061	0.0	0.011	0.0	0.022	0.033	0.092	0.074	0.087	0.038	0.094	0.0	0.035	0.0	0.069	0.075	0.026	0.0	0.0	0.0	0.0	0.093	0.094	0.125	0.014	0.0	0.074	0.065	0.09	0.096	0.0	
Chromosome	5812482	A	C	0.256	0.298	0.232	0.276	0.248	0.364	0.286	0.176	0.433	0.274	0.256	0.256	0.516	0.469	0.357	0.236	0.3	0.447	0.264	0.375	0.394	0.43	0.339	0.29	0.267	0.379	0.224	0.271	0.217	0.482	0.423	0.312	0.243	0.243	0.247	0.006	0.34	0.26	0.306	0.036	0.263	0.006	0.41	0.374	0.302	0.23	0.234	0.362	0.365	0.422	0.321	0.273	0.357	0.362	0.512	0.263	0.417	0.381	0.0	0.25	0.252	0.225	0.308	0.432	0.394	0.266	0.202	0.209	0.007	
Chromosome	5939331	T	G	0.153	0.132	0.166	0.168	0.062	0.29	0.182	0.317	0.126	0.208	0.176	0.195	0.123	0.042	0.214	0.3	0.291	0.227	0.261	0.259	0.22	0.148	0.133	0.12	0.116	0.168	0.155	0.195	0.073	0.089	0.139	0.177	0.148	0.178	0.174	0.0	0.197	0.209	0.195	0.007	0.239	0.0	0.083	0.215	0.158	0.17	0.189	0.233	0.267	0.262	0.258	0.286	0.255	0.273	0.257	0.125	0.138	0.11	0.013	0.146	0.164	0.131	0.132	0.121	0.19	0.136	0.176	0.134	0.0	
Chromosome	5994006	G	A	0.0	0.166	0.0	0.0	0.0	0.0	0.0	0.0	0.0	0.0	0.0	0.0	0.0	0.0	0.0	0.0	0.0	0.0	0.0	0.0	0.0	0.0	0.0	0.0	0.0	0.0	0.0	0.0	0.0	0.0	0.0	0.0	0.0	0.0	0.0	0.0	0.0	0.0	0.0	0.0	0.0	0.0	0.0	0.0	0.0	0.0	0.0	0.0	0.0	0.0	0.0	0.0	0.0	0.0	0.0	0.0	0.0	0.0	0.0	0.0	0.0	0.0	0.0	0.0	0.0	0.0	0.0	0.0	0.0	
Chromosome	6065279	A	C	0.132	0.136	0.14	0.127	0.092	0.213	0.229	0.288	0.165	0.171	0.211	0.178	0.215	0.134	0.203	0.27	0.198	0.23	0.222	0.204	0.207	0.184	0.102	0.126	0.117	0.118	0.119	0.136	0.049	0.166	0.196	0.177	0.13	0.136	0.117	0.0	0.129	0.199	0.181	0.0	0.173	0.0	0.161	0.157	0.11	0.107	0.121	0.198	0.196	0.284	0.145	0.16	0.215	0.28	0.21	0.2	0.21	0.181	0.0	0.152	0.167	0.17	0.132	0.108	0.122	0.111	0.13	0.125	0.0	
Chromosome	6135889	T	G	0.068	0.104	0.118	0.12	0.045	0.228	0.201	0.267	0.148	0.14	0.163	0.132	0.127	0.141	0.179	0.236	0.245	0.292	0.219	0.175	0.139	0.158	0.108	0.13	0.168	0.131	0.068	0.057	0.079	0.151	0.15	0.174	0.062	0.082	0.079	0.0	0.162	0.145	0.147	0.016	0.134	0.0	0.105	0.157	0.098	0.069	0.092	0.274	0.24	0.203	0.239	0.27	0.183	0.2	0.227	0.194	0.173	0.166	0.006	0.066	0.11	0.081	0.136	0.144	0.178	0.095	0.071	0.067	0.007	
Chromosome	6306794	T	G	0.102	0.158	0.162	0.156	0.062	0.18	0.194	0.194	0.135	0.118	0.105	0.141	0.145	0.199	0.144	0.204	0.192	0.126	0.249	0.182	0.18	0.127	0.163	0.155	0.13	0.107	0.099	0.082	0.088	0.134	0.162	0.216	0.132	0.095	0.105	0.0	0.177	0.15	0.168	0.018	0.143	0.006	0.1	0.122	0.12	0.087	0.111	0.148	0.24	0.225	0.194	0.161	0.207	0.235	0.246	0.146	0.106	0.15	0.006	0.142	0.121	0.125	0.14	0.107	0.158	0.131	0.092	0.105	0.006	
Chromosome	6336519	G	C	0.131	0.183	0.102	0.137	0.085	0.108	0.132	0.12	0.184	0.091	0.101	0.14	0.1	0.057	0.107	0.194	0.087	0.085	0.145	0.111	0.151	0.182	0.11	0.137	0.163	0.106	0.072	0.175	0.181	0.053	0.075	0.13	0.163	0.192	0.128	0.005	0.126	0.097	0.144	0.0	0.101	0.0	0.083	0.152	0.114	0.177	0.13	0.062	0.082	0.136	0.098	0.12	0.106	0.138	0.108	0.167	0.269	0.042	0.0	0.156	0.116	0.138	0.117	0.138	0.139	0.143	0.117	0.122	0.0	
Chromosome	6336520	T	G	0.244	0.35	0.312	0.4	0.276	0.378	0.288	0.297	0.35	0.317	0.281	0.321	0.315	0.571	0.4	0.316	0.278	0.293	0.39	0.352	0.407	0.392	0.328	0.381	0.292	0.258	0.246	0.307	0.324	0.34	0.286	0.416	0.335	0.325	0.268	0.005	0.323	0.296	0.347	0.013	0.339	0.017	0.256	0.409	0.246	0.397	0.282	0.415	0.356	0.308	0.3	0.413	0.348	0.358	0.269	0.643	0.367	0.391	0.005	0.317	0.296	0.269	0.343	0.368	0.331	0.288	0.281	0.346	0.0	
Chromosome	6336530	A	C	0.311	0.409	0.339	0.379	0.194	0.423	0.479	0.549	0.364	0.373	0.504	0.319	0.457	0.65	0.426	0.444	0.552	0.448	0.57	0.522	0.415	0.514	0.338	0.433	0.349	0.387	0.218	0.247	0.255	0.371	0.433	0.492	0.307	0.271	0.27	0.0	0.387	0.421	0.424	0.006	0.408	0.0	0.385	0.372	0.288	0.293	0.241	0.548	0.438	0.586	0.506	0.373	0.5	0.523	0.534	0.667	0.585	0.403	0.0	0.255	0.285	0.199	0.331	0.267	0.395	0.258	0.247	0.301	0.0	
Chromosome	6458276	T	G	0.134	0.163	0.119	0.164	0.135	0.17	0.152	0.155	0.139	0.152	0.154	0.131	0.152	0.081	0.123	0.133	0.088	0.157	0.154	0.132	0.136	0.123	0.148	0.145	0.118	0.147	0.113	0.143	0.093	0.174	0.168	0.144	0.155	0.125	0.07	0.0	0.131	0.146	0.176	0.005	0.155	0.0	0.107	0.149	0.11	0.117	0.096	0.135	0.134	0.165	0.195	0.145	0.179	0.197	0.138	0.026	0.106	0.125	0.0	0.105	0.119	0.112	0.127	0.101	0.114	0.103	0.122	0.066	0.0	
Chromosome	6478685	A	C	0.196	0.159	0.095	0.197	0.075	0.308	0.234	0.303	0.186	0.19	0.206	0.228	0.216	0.183	0.222	0.247	0.26	0.229	0.223	0.165	0.246	0.237	0.179	0.126	0.126	0.163	0.175	0.199	0.13	0.181	0.195	0.29	0.185	0.137	0.164	0.0	0.264	0.231	0.275	0.006	0.311	0.006	0.112	0.224	0.193	0.151	0.169	0.381	0.328	0.321	0.281	0.305	0.347	0.242	0.275	0.207	0.182	0.156	0.006	0.205	0.121	0.153	0.144	0.107	0.239	0.156	0.177	0.144	0.0	
Chromosome	6478690	A	C	0.176	0.192	0.174	0.205	0.093	0.306	0.242	0.271	0.244	0.223	0.195	0.215	0.207	0.183	0.27	0.239	0.265	0.26	0.193	0.248	0.271	0.253	0.176	0.176	0.124	0.199	0.203	0.196	0.146	0.201	0.206	0.275	0.195	0.176	0.141	0.0	0.27	0.287	0.257	0.006	0.327	0.0	0.112	0.229	0.196	0.202	0.182	0.363	0.285	0.252	0.296	0.308	0.305	0.296	0.255	0.241	0.199	0.18	0.0	0.193	0.166	0.147	0.188	0.162	0.247	0.124	0.19	0.182	0.023	
Chromosome	6478702	A	C	0.165	0.169	0.16	0.17	0.067	0.328	0.224	0.229	0.262	0.273	0.219	0.215	0.228	0.167	0.173	0.264	0.313	0.289	0.181	0.205	0.216	0.255	0.147	0.168	0.198	0.167	0.116	0.158	0.13	0.234	0.237	0.259	0.131	0.136	0.102	0.005	0.226	0.227	0.246	0.0	0.298	0.0	0.123	0.2	0.152	0.139	0.142	0.347	0.32	0.324	0.312	0.315	0.296	0.268	0.261	0.222	0.224	0.273	0.005	0.154	0.117	0.124	0.164	0.186	0.224	0.088	0.134	0.114	0.007	
Chromosome	6497017	G	GGCGGCGC,GGCGTGGC	0.365	0.197	0.111	0.1	0.309	0.129	0.183	0.186	0.023	0.287	0.343	0.244	0.07	0.062	0.149	0.118	0.188	0.18	0.222	0.136	0.178	0.018	0.137	0.114	0.11	0.091	0.386	0.305	0.073	0.037	0.057	0.193	0.386	0.338	0.359	0.218	0.333	0.256	0.313	0.186	0.299	0.226	0.062	0.309	0.358	0.382	0.356	0.231	0.061	0.216	0.128	0.197	0.107	0.062	0.182	0.057	0.045	0.097	0.2	0.343	0.312	0.372	0.144	0.196	0.222	0.422	0.4	0.33	0.199	
Chromosome	6501295	T	G	0.132	0.215	0.202	0.148	0.168	0.167	0.149	0.169	0.213	0.176	0.198	0.117	0.273	0.259	0.187	0.164	0.209	0.108	0.099	0.204	0.188	0.205	0.19	0.229	0.262	0.239	0.157	0.152	0.101	0.217	0.22	0.167	0.172	0.13	0.122	0.056	0.216	0.178	0.173	0.067	0.171	0.041	0.156	0.199	0.154	0.135	0.161	0.181	0.147	0.153	0.159	0.18	0.212	0.116	0.186	0.309	0.215	0.23	0.057	0.129	0.162	0.135	0.171	0.209	0.171	0.16	0.139	0.127	0.078	
Chromosome	6546135	T	G	0.072	0.084	0.059	0.061	0.042	0.104	0.024	0.059	0.059	0.052	0.071	0.045	0.031	0.08	0.035	0.063	0.105	0.06	0.072	0.093	0.076	0.089	0.044	0.071	0.098	0.067	0.053	0.069	0.043	0.102	0.039	0.07	0.082	0.044	0.068	0.058	0.049	0.032	0.085	0.076	0.036	0.065	0.068	0.06	0.075	0.045	0.052	0.074	0.074	0.054	0.057	0.055	0.076	0.049	0.061	0.026	0.062	0.072	0.055	0.053	0.052	0.066	0.07	0.056	0.086	0.066	0.065	0.056	0.121	
Chromosome	6635085	C	G	0.281	0.258	0.325	0.306	0.111	0.275	0.194	0.256	0.295	0.302	0.343	0.344	0.372	0.354	0.227	0.372	0.266	0.339	0.24	0.28	0.266	0.322	0.313	0.292	0.281	0.333	0.271	0.257	0.255	0.343	0.283	0.224	0.247	0.248	0.291	0.0	0.322	0.314	0.263	0.0	0.313	0.006	0.373	0.284	0.25	0.289	0.257	0.287	0.329	0.252	0.324	0.285	0.256	0.287	0.322	0.4	0.313	0.348	0.0	0.304	0.261	0.288	0.324	0.332	0.26	0.28	0.274	0.286	0.006	
Chromosome	6639694	T	G	0.0	0.079	0.0	0.005	0.0	0.0	0.0	0.0	0.049	0.0	0.0	0.0	0.0	0.0	0.009	0.0	0.007	0.009	0.0	0.0	0.0	0.0	0.0	0.0	0.0	0.004	0.004	0.003	0.0	0.0	0.004	0.0	0.0	0.0	0.0	0.0	0.0	0.0	0.0	0.0	0.0	0.0	0.0	0.006	0.0	0.0	0.012	0.0	0.0	0.006	0.005	0.0	0.0	0.0	0.0	0.0	0.0	0.0	0.005	0.003	0.0	0.003	0.0	0.0	0.0	0.004	0.0	0.003	0.0	
Chromosome	6641662	T	G	0.0	0.212	0.0	0.005	0.0	0.0	0.0	0.0	0.131	0.0	0.0	0.0	0.0	0.0	0.018	0.013	0.084	0.0	0.0	0.006	0.009	0.0	0.012	0.0	0.005	0.009	0.01	0.003	0.0	0.0	0.0	0.0	0.0	0.005	0.0	0.005	0.01	0.006	0.01	0.0	0.0	0.0	0.0	0.0	0.003	0.0	0.108	0.0	0.006	0.006	0.0	0.012	0.007	0.006	0.014	0.0	0.0	0.0	0.004	0.0	0.0	0.0	0.004	0.005	0.013	0.017	0.023	0.0	0.007	
Chromosome	6687520	G	C	0.231	0.259	0.262	0.184	0.181	0.286	0.258	0.238	0.504	0.228	0.278	0.223	0.375	0.453	0.136	0.263	0.313	0.274	0.2	0.336	0.32	0.56	0.257	0.238	0.232	0.234	0.146	0.214	0.237	0.311	0.413	0.242	0.215	0.192	0.161	0.0	0.261	0.207	0.242	0.0	0.238	0.0	0.381	0.302	0.226	0.212	0.181	0.346	0.383	0.324	0.371	0.393	0.171	0.36	0.302	0.441	0.5	0.411	0.005	0.221	0.206	0.159	0.209	0.26	0.269	0.216	0.177	0.223	0.005	
Chromosome	6687524	T	G	0.332	0.232	0.288	0.226	0.115	0.434	0.459	0.475	0.46	0.342	0.451	0.34	0.425	0.429	0.333	0.458	0.512	0.505	0.57	0.53	0.45	0.446	0.277	0.215	0.257	0.276	0.27	0.319	0.195	0.291	0.372	0.348	0.285	0.314	0.265	0.0	0.447	0.368	0.432	0.0	0.394	0.012	0.245	0.444	0.299	0.311	0.257	0.525	0.611	0.5	0.592	0.5	0.578	0.471	0.426	0.429	0.311	0.333	0.004	0.296	0.303	0.247	0.204	0.318	0.328	0.289	0.293	0.267	0.005	
Chromosome	6687534	G	C	0.133	0.236	0.228	0.228	0.108	0.237	0.316	0.244	0.351	0.147	0.223	0.186	0.429	0.451	0.233	0.337	0.211	0.293	0.276	0.233	0.215	0.436	0.18	0.23	0.177	0.179	0.13	0.172	0.205	0.362	0.419	0.246	0.142	0.13	0.161	0.0	0.233	0.21	0.214	0.0	0.238	0.0	0.291	0.185	0.125	0.16	0.165	0.221	0.204	0.312	0.252	0.179	0.247	0.269	0.253	0.392	0.435	0.324	0.004	0.161	0.182	0.155	0.168	0.211	0.19	0.12	0.163	0.191	0.0	
Chromosome	6689709	A	C	0.17	0.215	0.303	0.246	0.117	0.236	0.26	0.272	0.328	0.265	0.239	0.282	0.327	0.351	0.283	0.286	0.292	0.307	0.307	0.265	0.297	0.298	0.251	0.257	0.265	0.2	0.216	0.153	0.217	0.341	0.382	0.294	0.234	0.219	0.222	0.009	0.214	0.252	0.259	0.005	0.341	0.01	0.217	0.247	0.216	0.186	0.185	0.248	0.32	0.288	0.248	0.261	0.234	0.252	0.263	0.431	0.373	0.317	0.008	0.193	0.261	0.21	0.243	0.261	0.218	0.214	0.187	0.197	0.0	
Chromosome	6778434	A	C	0.006	0.015	0.019	0.01	0.007	0.02	0.009	0.021	0.022	0.016	0.004	0.02	0.017	0.0	0.017	0.023	0.015	0.041	0.02	0.0	0.035	0.017	0.003	0.018	0.004	0.011	0.004	0.004	0.012	0.021	0.018	0.014	0.003	0.002	0.016	0.015	0.028	0.01	0.026	0.034	0.039	0.016	0.01	0.035	0.007	0.0	0.004	0.009	0.007	0.02	0.007	0.014	0.008	0.006	0.017	0.014	0.018	0.015	0.031	0.021	0.003	0.016	0.01	0.015	0.007	0.007	0.0	0.01	0.062	
Chromosome	6778440	G	C	0.12	0.237	0.202	0.202	0.122	0.268	0.175	0.164	0.277	0.201	0.15	0.209	0.335	0.287	0.195	0.238	0.142	0.217	0.217	0.19	0.21	0.264	0.236	0.196	0.216	0.174	0.166	0.151	0.236	0.286	0.226	0.226	0.173	0.168	0.156	0.111	0.2	0.269	0.246	0.131	0.231	0.171	0.198	0.214	0.202	0.229	0.164	0.186	0.269	0.278	0.233	0.248	0.214	0.249	0.15	0.433	0.316	0.257	0.124	0.192	0.186	0.189	0.202	0.147	0.237	0.194	0.191	0.212	0.114	
Chromosome	6778445	A	C	0.117	0.236	0.224	0.193	0.106	0.236	0.159	0.199	0.245	0.182	0.18	0.221	0.3	0.27	0.214	0.214	0.144	0.16	0.269	0.287	0.244	0.26	0.239	0.215	0.223	0.219	0.145	0.135	0.188	0.273	0.271	0.198	0.169	0.141	0.178	0.146	0.205	0.268	0.227	0.218	0.211	0.211	0.19	0.263	0.162	0.211	0.164	0.23	0.25	0.295	0.179	0.209	0.182	0.215	0.148	0.369	0.254	0.265	0.182	0.191	0.181	0.17	0.234	0.23	0.232	0.159	0.145	0.203	0.226	
Chromosome	6778451	T	A	0.231	0.183	0.196	0.209	0.236	0.227	0.189	0.231	0.142	0.185	0.153	0.211	0.23	0.196	0.257	0.206	0.159	0.182	0.186	0.284	0.204	0.174	0.176	0.233	0.218	0.208	0.263	0.252	0.286	0.208	0.19	0.176	0.241	0.287	0.263	0.0	0.16	0.224	0.202	0.0	0.171	0.0	0.224	0.188	0.245	0.205	0.254	0.202	0.194	0.181	0.16	0.152	0.219	0.211	0.164	0.206	0.12	0.188	0.0	0.216	0.232	0.208	0.181	0.185	0.248	0.246	0.282	0.229	0.0	
Chromosome	6863235	C	A	0.0	0.217	0.0	0.004	0.0	0.0	0.0	0.012	0.0	0.004	0.005	0.004	0.0	0.0	0.0	0.011	0.0	0.0	0.0	0.0	0.0	0.0	0.003	0.0	0.0	0.0	0.0	0.003	0.0	0.0	0.0	0.0	0.0	0.0	0.0	0.008	0.0	0.0	0.0	0.0	0.0	0.005	0.0	0.0	0.003	0.225	0.0	0.0	0.0	0.0	0.0	0.0	0.0	0.0	0.0	0.0	0.0	0.0	0.004	0.0	0.0	0.0	0.0	0.0	0.003	0.0	0.0	0.0	0.0	
Chromosome	6913446	T	G	0.158	0.139	0.122	0.108	0.117	0.162	0.122	0.196	0.15	0.167	0.142	0.164	0.112	0.121	0.151	0.16	0.159	0.201	0.175	0.225	0.139	0.122	0.154	0.139	0.151	0.138	0.186	0.143	0.159	0.161	0.16	0.191	0.175	0.162	0.237	0.005	0.154	0.189	0.178	0.005	0.209	0.0	0.089	0.201	0.128	0.146	0.146	0.113	0.233	0.25	0.175	0.205	0.175	0.207	0.275	0.016	0.125	0.145	0.0	0.175	0.186	0.198	0.145	0.158	0.154	0.235	0.183	0.19	0.005	
Chromosome	6923330	T	G	0.29	0.324	0.333	0.374	0.253	0.352	0.347	0.411	0.365	0.397	0.421	0.319	0.472	0.587	0.472	0.467	0.396	0.397	0.383	0.427	0.39	0.423	0.307	0.372	0.351	0.382	0.258	0.264	0.271	0.46	0.412	0.466	0.31	0.292	0.261	0.0	0.392	0.372	0.322	0.0	0.42	0.006	0.265	0.283	0.261	0.294	0.261	0.339	0.411	0.474	0.417	0.493	0.376	0.471	0.507	0.588	0.413	0.437	0.0	0.261	0.3	0.279	0.36	0.294	0.352	0.236	0.273	0.232	0.014	
Chromosome	6923335	A	C	0.23	0.206	0.218	0.259	0.167	0.234	0.256	0.336	0.232	0.278	0.272	0.238	0.286	0.424	0.346	0.358	0.269	0.266	0.289	0.295	0.29	0.264	0.244	0.278	0.245	0.262	0.218	0.217	0.208	0.327	0.244	0.268	0.226	0.219	0.207	0.0	0.328	0.267	0.236	0.01	0.306	0.0	0.144	0.213	0.23	0.25	0.221	0.193	0.284	0.285	0.279	0.267	0.26	0.254	0.292	0.273	0.329	0.279	0.01	0.233	0.221	0.207	0.252	0.207	0.223	0.18	0.201	0.24	0.007	
Chromosome	6942629	A	G	0.0	0.026	0.006	0.014	0.008	0.0	0.0	0.0	0.0	0.0	0.0	0.0	0.003	0.016	0.0	0.0	0.0	0.0	0.0	0.0	0.004	0.0	0.009	0.0	0.0	0.0	0.0	0.003	0.007	0.008	0.007	0.007	0.0	0.004	0.0	0.0	0.0	0.0	0.0	0.005	0.0	0.005	0.0	0.0	0.005	0.0	0.004	0.0	0.011	0.0	0.0	0.0	0.0	0.0	0.0	0.0	0.0	0.006	0.0	0.0	0.002	0.0	0.0	0.006	0.0	0.0	0.0	0.0	0.0	
Chromosome	6942630	A	T	0.0	0.026	0.012	0.018	0.008	0.0	0.0	0.0	0.0	0.0	0.0	0.0	0.003	0.016	0.0	0.0	0.0	0.0	0.006	0.0	0.004	0.0	0.009	0.0	0.0	0.0	0.0	0.003	0.006	0.008	0.007	0.007	0.003	0.002	0.003	0.0	0.0	0.004	0.004	0.0	0.0	0.0	0.0	0.0	0.005	0.0	0.005	0.0	0.011	0.0	0.0	0.006	0.0	0.005	0.0	0.0	0.0	0.009	0.0	0.0	0.002	0.0	0.0	0.006	0.0	0.002	0.0	0.0	0.0	
Chromosome	6942631	C	T	0.0	0.026	0.006	0.014	0.008	0.0	0.0	0.0	0.0	0.0	0.0	0.0	0.003	0.016	0.0	0.0	0.0	0.0	0.0	0.0	0.004	0.0	0.009	0.0	0.0	0.0	0.0	0.003	0.007	0.008	0.007	0.007	0.0	0.002	0.0	0.0	0.0	0.0	0.0	0.0	0.0	0.0	0.0	0.0	0.005	0.0	0.004	0.0	0.011	0.0	0.0	0.0	0.0	0.0	0.0	0.0	0.0	0.006	0.0	0.0	0.002	0.0	0.0	0.006	0.0	0.0	0.0	0.0	0.0	
Chromosome	6960136	A	G	0.003	0.029	0.0	0.01	0.0	0.0	0.0	0.0	0.004	0.0	0.0	0.0	0.019	0.023	0.007	0.0	0.0	0.0	0.0	0.0	0.0	0.0	0.017	0.009	0.012	0.012	0.0	0.0	0.0	0.0	0.008	0.0	0.003	0.004	0.0	0.005	0.0	0.0	0.0	0.0	0.0	0.0	0.0	0.0	0.007	0.003	0.0	0.008	0.0	0.0	0.0	0.0	0.0	0.0	0.0	0.0	0.0	0.004	0.0	0.0	0.0	0.0	0.0	0.009	0.0	0.0	0.0	0.0	0.0	
Chromosome	6960137	C	G	0.003	0.029	0.0	0.01	0.0	0.0	0.0	0.0	0.004	0.0	0.0	0.0	0.019	0.023	0.015	0.0	0.0	0.0	0.0	0.0	0.0	0.0	0.017	0.009	0.012	0.012	0.0	0.0	0.0	0.0	0.008	0.0	0.003	0.004	0.0	0.0	0.0	0.0	0.0	0.0	0.0	0.0	0.0	0.0	0.01	0.003	0.0	0.0	0.0	0.0	0.0	0.0	0.0	0.0	0.0	0.0	0.0	0.004	0.0	0.0	0.0	0.0	0.0	0.009	0.0	0.0	0.0	0.0	0.0	
Chromosome	6960138	C	T	0.003	0.029	0.0	0.01	0.0	0.0	0.0	0.0	0.004	0.0	0.0	0.0	0.019	0.022	0.007	0.0	0.0	0.0	0.0	0.0	0.0	0.0	0.017	0.009	0.012	0.012	0.0	0.0	0.0	0.0	0.008	0.0	0.003	0.004	0.0	0.01	0.0	0.0	0.0	0.0	0.0	0.0	0.0	0.0	0.003	0.003	0.0	0.0	0.0	0.0	0.0	0.0	0.0	0.0	0.0	0.0	0.0	0.004	0.0	0.0	0.0	0.0	0.0	0.009	0.0	0.0	0.0	0.0	0.0	
Chromosome	6966410	A	C	0.172	0.389	0.336	0.325	0.219	0.337	0.389	0.365	0.436	0.36	0.241	0.359	0.48	0.479	0.284	0.419	0.375	0.337	0.34	0.495	0.331	0.413	0.365	0.331	0.378	0.375	0.263	0.27	0.323	0.444	0.432	0.343	0.307	0.257	0.241	0.0	0.362	0.313	0.301	0.0	0.333	0.0	0.261	0.333	0.294	0.248	0.229	0.333	0.528	0.369	0.359	0.455	0.477	0.427	0.417	0.476	0.316	0.481	0.006	0.227	0.275	0.201	0.406	0.393	0.351	0.195	0.199	0.255	0.0	
Chromosome	6986133	T	A	0.264	0.1	0.06	0.07	0.071	0.236	0.243	0.232	0.085	0.175	0.213	0.23	0.053	0.051	0.209	0.227	0.268	0.241	0.231	0.274	0.261	0.121	0.088	0.079	0.111	0.1	0.294	0.241	0.133	0.071	0.058	0.182	0.203	0.231	0.28	0.0	0.267	0.216	0.297	0.0	0.204	0.0	0.153	0.278	0.238	0.234	0.225	0.333	0.299	0.316	0.238	0.285	0.381	0.268	0.221	0.05	0.092	0.038	0.0	0.246	0.238	0.219	0.09	0.152	0.209	0.235	0.254	0.17	0.0	
