chromosome	pos	ref	mut	APAW	CombA2	CombA3	CombA	CombAu1	CombAu3	CombAu5	CombB	CombC	Ana1	BedA	BedB	BedC	BedD	CipA	CipB	CipC	CLFA	CLFB	CLFC	CycloA	CycloB	CycloC	EMBA	EMBB	EMBC	INH1	INH2	INHA	LzdA	LzdB	LzdC	M91	M92	M9B	MA_F1	MA_F2	MA_F3	MA_H1	MA_H2	MA_H3	MA_S1	MA_S2	MA_S3	MMCA	MMCB	MMCC	MockA	MockB	MockC	MockD	MockE	MockF	MockG	MockH	MockI	MockJ	MockK	MockL	NANOA	NANOB	NANOC	RIFA	RIFB	RIFC	UV1	UV2	UV3	WT_Msm
Chromosome	28670	GACAC	G	0.008	0.004	0.019	0.0	0.0	0.005	0.007	0.011	0.017	0.006	0.0	0.007	0.006	0.01	0.012	0.015	0.0	0.005	0.004	0.012	0.013	0.004	0.006	0.0	0.005	0.004	0.01	0.003	0.0	0.013	0.009	0.0	0.006	0.007	0.003	0.012	0.004	0.008	0.004	0.006	0.0	0.02	0.0	0.009	0.015	0.017	0.011	0.0	0.02	0.0	0.0	0.007	0.0	0.012	0.012	0.0	0.02	0.0	0.019	0.005	0.005	0.011	0.014	0.0	0.003	0.007	0.015	0.006	0.0	
Chromosome	64992	T	G	0.148	0.27	0.26	0.276	0.337	0.376	0.369	0.325	0.306	0.15	0.294	0.305	0.25	0.251	0.171	0.238	0.23	0.174	0.157	0.208	0.257	0.188	0.17	0.184	0.168	0.178	0.136	0.128	0.12	0.298	0.246	0.302	0.176	0.125	0.14	0.028	0.22	0.283	0.287	0.022	0.29	0.015	0.195	0.228	0.193	0.177	0.154	0.349	0.34	0.421	0.366	0.394	0.373	0.364	0.368	0.222	0.261	0.27	0.006	0.189	0.15	0.113	0.23	0.221	0.22	0.121	0.148	0.162	0.067	
Chromosome	65001	A	C	0.148	0.294	0.235	0.371	0.396	0.439	0.471	0.317	0.361	0.099	0.358	0.298	0.298	0.303	0.251	0.247	0.336	0.211	0.201	0.171	0.23	0.254	0.219	0.232	0.221	0.235	0.163	0.164	0.131	0.226	0.254	0.251	0.248	0.182	0.174	0.0	0.255	0.25	0.265	0.007	0.304	0.0	0.172	0.219	0.208	0.158	0.185	0.345	0.429	0.337	0.325	0.398	0.336	0.387	0.371	0.324	0.272	0.256	0.0	0.119	0.196	0.172	0.242	0.174	0.21	0.17	0.17	0.152	0.0	
Chromosome	202859	T	G	0.083	0.216	0.256	0.359	0.195	0.268	0.15	0.217	0.226	0.051	0.274	0.259	0.214	0.199	0.119	0.11	0.157	0.151	0.094	0.058	0.162	0.214	0.104	0.1	0.095	0.139	0.104	0.087	0.097	0.212	0.208	0.194	0.071	0.081	0.095	0.0	0.177	0.09	0.147	0.006	0.184	0.0	0.16	0.145	0.11	0.102	0.108	0.26	0.241	0.241	0.266	0.281	0.199	0.275	0.281	0.2	0.196	0.23	0.005	0.089	0.13	0.089	0.103	0.143	0.131	0.089	0.077	0.063	0.013	
Chromosome	241503	T	G	0.014	0.054	0.066	0.143	0.032	0.077	0.131	0.078	0.046	0.0	0.077	0.08	0.071	0.081	0.064	0.055	0.047	0.042	0.035	0.037	0.088	0.069	0.032	0.015	0.022	0.025	0.007	0.032	0.014	0.07	0.083	0.09	0.02	0.021	0.01	0.004	0.045	0.051	0.04	0.01	0.05	0.005	0.032	0.045	0.015	0.029	0.025	0.039	0.072	0.094	0.073	0.079	0.08	0.078	0.116	0.095	0.079	0.075	0.0	0.03	0.023	0.025	0.049	0.028	0.021	0.017	0.03	0.024	0.013	
Chromosome	280796	A	C	0.048	0.148	0.248	0.25	0.156	0.24	0.196	0.127	0.165	0.038	0.152	0.182	0.143	0.132	0.169	0.117	0.165	0.078	0.089	0.103	0.257	0.15	0.09	0.09	0.11	0.071	0.021	0.037	0.049	0.222	0.153	0.281	0.061	0.038	0.048	0.0	0.138	0.161	0.197	0.007	0.076	0.0	0.061	0.091	0.07	0.058	0.064	0.275	0.251	0.191	0.286	0.227	0.206	0.21	0.115	0.229	0.182	0.182	0.0	0.042	0.062	0.078	0.047	0.123	0.114	0.072	0.055	0.055	0.0	
Chromosome	419998	A	C	0.022	0.081	0.118	0.089	0.145	0.122	0.118	0.178	0.096	0.034	0.108	0.109	0.104	0.076	0.07	0.062	0.063	0.032	0.049	0.038	0.075	0.049	0.033	0.033	0.024	0.049	0.017	0.03	0.017	0.075	0.067	0.086	0.013	0.024	0.015	0.005	0.042	0.052	0.065	0.0	0.046	0.005	0.058	0.051	0.019	0.028	0.015	0.125	0.154	0.078	0.15	0.097	0.076	0.155	0.142	0.051	0.119	0.102	0.0	0.02	0.03	0.017	0.026	0.021	0.04	0.009	0.007	0.019	0.0	
Chromosome	674318	CA	C	0.003	0.004	0.0	0.221	0.0	0.0	0.007	0.013	0.006	0.006	0.0	0.008	0.013	0.004	0.005	0.018	0.0	0.01	0.005	0.005	0.007	0.008	0.011	0.004	0.0	0.0	0.0	0.006	0.0	0.011	0.004	0.0	0.003	0.007	0.01	0.0	0.0	0.005	0.013	0.006	0.006	0.0	0.006	0.0	0.003	0.0	0.008	0.016	0.0	0.016	0.005	0.013	0.007	0.0	0.0	0.0	0.0	0.0	0.004	0.005	0.0	0.005	0.004	0.005	0.007	0.006	0.0	0.008	0.014	
Chromosome	698978	C	CCCA	0.0	0.0	0.0	0.01	0.0	0.0	0.0	0.0	0.0	0.0	0.0	0.0	0.0	0.0	0.0	0.0	0.0	0.0	0.0	0.0	0.0	0.0	0.0	0.0	0.0	0.0	0.0	0.0	0.0	0.0	0.0	0.0	0.0	0.0	0.0	0.0	0.0	0.0	0.0	0.0	0.0	0.0	0.0	0.0	0.0	0.0	0.0	0.0	0.0	0.0	0.0	0.0	0.0	0.0	0.0	0.0	0.0	0.004	0.0	0.0	0.0	0.0	0.0	0.0	0.0	0.0	0.0	0.0	0.0	
Chromosome	698981	A	AAC	0.0	0.0	0.0	0.01	0.0	0.0	0.0	0.0	0.0	0.0	0.0	0.0	0.0	0.0	0.0	0.0	0.0	0.0	0.0	0.0	0.0	0.0	0.0	0.0	0.0	0.0	0.0	0.0	0.0	0.0	0.0	0.0	0.0	0.0	0.0	0.0	0.0	0.0	0.0	0.0	0.0	0.0	0.0	0.0	0.0	0.0	0.0	0.0	0.0	0.0	0.0	0.0	0.0	0.0	0.0	0.0	0.0	0.0	0.0	0.0	0.0	0.0	0.0	0.0	0.0	0.0	0.0	0.0	0.0	
Chromosome	1340210	G	GC	0.0	0.0	0.0	0.171	0.0	0.0	0.0	0.0	0.0	0.0	0.0	0.0	0.0	0.0	0.0	0.0	0.0	0.0	0.0	0.0	0.0	0.0	0.0	0.004	0.0	0.0	0.0	0.0	0.0	0.0	0.0	0.0	0.003	0.0	0.003	0.0	0.0	0.0	0.0	0.0	0.0	0.0	0.0	0.0	0.0	0.0	0.002	0.0	0.0	0.0	0.0	0.0	0.0	0.0	0.0	0.0	0.0	0.0	0.0	0.0	0.003	0.0	0.0	0.0	0.0	0.0	0.0	0.0	0.0	
Chromosome	1341535	T	TGGCTCTTCGCACTTGACGGTGTAGAGA	0.0	0.0	0.0	0.0	0.0	0.0	0.0	0.0	0.0	0.0	0.0	0.0	0.0	0.0	0.0	0.0	0.0	0.0	0.0	0.0	0.0	0.0	0.0	0.0	0.0	0.0	0.0	0.0	0.0	0.0	0.0	0.0	0.0	0.0	0.0	0.0	0.0	0.0	0.0	0.0	0.0	0.0	0.0	0.0	0.0	0.0	0.0	0.0	0.0	0.0	0.0	0.0	0.0	0.0	0.0	0.0	0.0	0.0	0.0	0.0	0.0	0.0	0.0	0.0	0.0	0.0	0.0	0.0	0.0	
Chromosome	1357845	T	G	0.07	0.033	0.078	0.148	0.066	0.082	0.069	0.072	0.057	0.053	0.066	0.092	0.029	0.092	0.115	0.092	0.1	0.124	0.112	0.075	0.077	0.068	0.105	0.118	0.093	0.12	0.049	0.066	0.034	0.057	0.12	0.08	0.069	0.044	0.065	0.0	0.107	0.104	0.052	0.0	0.075	0.0	0.04	0.063	0.072	0.06	0.072	0.088	0.04	0.058	0.117	0.086	0.015	0.057	0.062	0.056	0.052	0.066	0.0	0.072	0.099	0.041	0.082	0.067	0.072	0.071	0.073	0.059	0.0	
Chromosome	1508475	G	C	0.003	0.016	0.016	0.036	0.0	0.007	0.0	0.0	0.0	0.0	0.0	0.0	0.008	0.0	0.014	0.0	0.0	0.0	0.005	0.009	0.009	0.0	0.019	0.014	0.036	0.008	0.0	0.008	0.004	0.012	0.02	0.013	0.0	0.0	0.0	0.0	0.0	0.0	0.005	0.011	0.0	0.0	0.0	0.0	0.007	0.004	0.005	0.0	0.0	0.007	0.0	0.0	0.0	0.0	0.0	0.0	0.0	0.007	0.0	0.0	0.0	0.0	0.0	0.019	0.0	0.0	0.0	0.0	0.0	
Chromosome	1508476	G	C	0.0	0.011	0.016	0.036	0.0	0.0	0.0	0.0	0.0	0.0	0.0	0.0	0.0	0.0	0.009	0.0	0.0	0.0	0.005	0.013	0.0	0.0	0.02	0.014	0.036	0.008	0.0	0.008	0.004	0.012	0.02	0.013	0.0	0.0	0.0	0.0	0.0	0.0	0.0	0.0	0.0	0.0	0.0	0.0	0.007	0.004	0.005	0.0	0.0	0.0	0.0	0.0	0.0	0.0	0.0	0.0	0.0	0.007	0.0	0.0	0.0	0.0	0.0	0.02	0.004	0.0	0.002	0.0	0.006	
Chromosome	1574111	T	G	0.091	0.153	0.171	0.231	0.173	0.168	0.186	0.184	0.246	0.08	0.243	0.197	0.163	0.134	0.096	0.108	0.124	0.085	0.112	0.151	0.117	0.08	0.116	0.117	0.125	0.129	0.064	0.048	0.07	0.109	0.187	0.119	0.102	0.09	0.084	0.005	0.119	0.12	0.1	0.006	0.148	0.0	0.081	0.118	0.118	0.063	0.066	0.209	0.16	0.17	0.197	0.252	0.28	0.207	0.157	0.085	0.116	0.119	0.0	0.08	0.062	0.106	0.076	0.094	0.078	0.061	0.069	0.062	0.0	
Chromosome	1574114	T	G	0.158	0.26	0.312	0.263	0.298	0.318	0.274	0.299	0.268	0.177	0.245	0.262	0.197	0.219	0.177	0.218	0.18	0.146	0.167	0.224	0.211	0.16	0.177	0.204	0.179	0.144	0.135	0.095	0.16	0.214	0.232	0.183	0.194	0.142	0.113	0.005	0.135	0.168	0.213	0.012	0.128	0.006	0.156	0.213	0.154	0.128	0.178	0.29	0.281	0.365	0.298	0.309	0.315	0.302	0.293	0.125	0.192	0.237	0.011	0.142	0.13	0.149	0.171	0.201	0.155	0.132	0.118	0.134	0.007	
Chromosome	1653614	A	C	0.089	0.274	0.23	0.156	0.213	0.237	0.258	0.285	0.215	0.065	0.183	0.177	0.299	0.221	0.171	0.171	0.103	0.149	0.113	0.143	0.17	0.265	0.12	0.116	0.15	0.098	0.104	0.083	0.088	0.163	0.2	0.206	0.1	0.124	0.084	0.0	0.157	0.147	0.142	0.0	0.129	0.0	0.147	0.101	0.096	0.107	0.117	0.276	0.233	0.304	0.232	0.306	0.234	0.3	0.215	0.2	0.223	0.222	0.0	0.127	0.113	0.072	0.159	0.139	0.124	0.102	0.085	0.101	0.0	
Chromosome	1807017	A	C	0.055	0.07	0.058	0.136	0.055	0.044	0.094	0.062	0.052	0.048	0.087	0.048	0.073	0.061	0.109	0.048	0.076	0.078	0.082	0.1	0.049	0.034	0.085	0.111	0.114	0.119	0.069	0.045	0.029	0.068	0.102	0.072	0.076	0.072	0.042	0.0	0.061	0.056	0.08	0.0	0.06	0.0	0.044	0.059	0.071	0.037	0.047	0.034	0.051	0.062	0.072	0.075	0.047	0.098	0.033	0.025	0.083	0.066	0.0	0.058	0.073	0.05	0.074	0.079	0.077	0.031	0.043	0.04	0.0	
Chromosome	1979870	T	G	0.143	0.207	0.135	0.276	0.297	0.294	0.187	0.25	0.197	0.072	0.285	0.246	0.26	0.197	0.258	0.212	0.302	0.121	0.169	0.157	0.299	0.167	0.102	0.126	0.168	0.2	0.139	0.142	0.088	0.19	0.188	0.18	0.173	0.143	0.118	0.005	0.249	0.198	0.159	0.0	0.201	0.0	0.121	0.218	0.143	0.177	0.15	0.285	0.248	0.372	0.386	0.282	0.264	0.338	0.255	0.167	0.24	0.283	0.0	0.127	0.144	0.093	0.131	0.142	0.188	0.125	0.134	0.141	0.011	
Chromosome	2117916	T	G	0.016	0.082	0.121	0.169	0.038	0.085	0.073	0.038	0.031	0.0	0.067	0.062	0.045	0.047	0.035	0.04	0.033	0.025	0.034	0.017	0.052	0.069	0.019	0.041	0.031	0.039	0.022	0.004	0.012	0.063	0.035	0.034	0.007	0.019	0.021	0.0	0.017	0.02	0.023	0.0	0.044	0.006	0.017	0.04	0.026	0.012	0.026	0.069	0.058	0.087	0.072	0.156	0.043	0.04	0.063	0.053	0.102	0.037	0.0	0.016	0.027	0.01	0.013	0.024	0.032	0.021	0.019	0.007	0.0	
Chromosome	2154684	A	C	0.121	0.193	0.22	0.242	0.335	0.162	0.229	0.196	0.227	0.091	0.229	0.244	0.25	0.191	0.211	0.185	0.166	0.17	0.116	0.126	0.176	0.184	0.141	0.155	0.101	0.142	0.084	0.077	0.086	0.211	0.224	0.244	0.088	0.105	0.099	0.0	0.181	0.217	0.134	0.013	0.182	0.0	0.093	0.173	0.111	0.089	0.112	0.217	0.227	0.209	0.192	0.223	0.219	0.286	0.241	0.346	0.211	0.153	0.0	0.116	0.13	0.093	0.13	0.135	0.153	0.123	0.096	0.109	0.0	
Chromosome	2157397	C	T	0.0	0.0	0.0	0.208	0.0	0.0	0.0	0.0	0.0	0.0	0.0	0.0	0.0	0.0	0.0	0.0	0.0	0.0	0.0	0.0	0.0	0.0	0.0	0.005	0.004	0.0	0.0	0.0	0.0	0.0	0.0	0.0	0.0	0.0	0.0	0.0	0.0	0.0	0.0	0.0	0.0	0.0	0.0	0.0	0.0	0.0	0.002	0.0	0.0	0.0	0.0	0.007	0.0	0.0	0.0	0.0	0.0	0.0	0.0	0.0	0.0	0.0	0.0	0.0	0.0	0.0	0.003	0.0	0.0	
Chromosome	2195100	T	G	0.089	0.174	0.151	0.198	0.141	0.22	0.198	0.168	0.155	0.085	0.124	0.186	0.12	0.178	0.192	0.205	0.162	0.186	0.129	0.143	0.199	0.129	0.151	0.145	0.137	0.179	0.112	0.094	0.09	0.15	0.143	0.184	0.114	0.142	0.121	0.0	0.156	0.119	0.225	0.0	0.156	0.005	0.149	0.074	0.142	0.103	0.093	0.132	0.184	0.188	0.225	0.17	0.144	0.201	0.16	0.14	0.164	0.128	0.0	0.119	0.12	0.141	0.158	0.131	0.204	0.109	0.116	0.088	0.007	
Chromosome	2195144	T	G	0.142	0.129	0.1	0.244	0.254	0.201	0.19	0.203	0.194	0.092	0.217	0.177	0.189	0.099	0.226	0.268	0.225	0.162	0.072	0.084	0.234	0.093	0.124	0.058	0.129	0.163	0.164	0.174	0.063	0.107	0.083	0.205	0.161	0.17	0.181	0.0	0.202	0.254	0.218	0.006	0.251	0.006	0.068	0.187	0.164	0.145	0.177	0.233	0.247	0.229	0.25	0.221	0.208	0.22	0.191	0.147	0.07	0.083	0.0	0.171	0.199	0.159	0.15	0.156	0.186	0.196	0.16	0.124	0.0	
Chromosome	2224338	G	GGCGTGACGAGGTCAGATGCCGACCAGA	0.512	0.48	0.556	0.667	0.582	0.439	0.484	0.55	0.614	0.4	0.529	0.452	0.526	0.458	0.51	0.468	0.391	0.508	0.377	0.481	0.562	0.453	0.455	0.581	0.577	0.597	0.517	0.567	0.456	0.634	0.483	0.611	0.543	0.571	0.532	0.364	0.571	0.442	0.538	0.204	0.56	0.417	0.537	0.571	0.488	0.536	0.495	0.519	0.613	0.545	0.533	0.591	0.5	0.474	0.744	0.562	0.538	0.5	0.354	0.504	0.531	0.582	0.479	0.5	0.687	0.553	0.574	0.447	0.333	
Chromosome	2355770	A	G	0.115	0.0	0.0	0.19	0.0	0.0	0.0	0.091	0.308	0.0	0.0	0.0	0.404	0.0	0.0	0.0	0.0	0.0	0.0	0.0	0.0	0.0	0.0	0.0	0.0	0.0	0.003	0.0	0.0	0.0	0.0	0.0	0.0	0.0	0.0	0.0	0.0	0.0	0.0	0.013	0.0	0.0	0.0	0.0	0.0	0.0	0.0	0.134	0.413	0.191	0.0	0.0	0.0	0.158	0.0	0.0	0.0	0.0	0.0	0.0	0.0	0.0	0.136	0.0	0.0	0.0	0.0	0.0	0.0	
Chromosome	2425088	A	C	0.059	0.145	0.15	0.202	0.104	0.09	0.088	0.099	0.127	0.064	0.103	0.118	0.113	0.071	0.115	0.094	0.122	0.084	0.074	0.096	0.127	0.091	0.1	0.094	0.092	0.107	0.061	0.082	0.057	0.082	0.105	0.126	0.062	0.067	0.083	0.0	0.094	0.074	0.066	0.0	0.082	0.007	0.101	0.083	0.067	0.067	0.062	0.172	0.123	0.1	0.101	0.142	0.127	0.168	0.09	0.138	0.076	0.114	0.008	0.071	0.07	0.06	0.061	0.086	0.085	0.057	0.06	0.048	0.008	
Chromosome	2579189	A	C	0.173	0.261	0.246	0.282	0.237	0.297	0.183	0.206	0.319	0.134	0.268	0.276	0.242	0.322	0.271	0.222	0.31	0.219	0.219	0.213	0.253	0.25	0.187	0.23	0.232	0.224	0.248	0.226	0.202	0.275	0.243	0.239	0.21	0.225	0.223	0.006	0.273	0.263	0.274	0.0	0.395	0.0	0.226	0.303	0.277	0.259	0.226	0.283	0.34	0.287	0.219	0.263	0.281	0.333	0.308	0.238	0.256	0.256	0.0	0.225	0.219	0.226	0.154	0.254	0.234	0.26	0.238	0.244	0.013	
Chromosome	2584916	A	C	0.011	0.01	0.0	0.072	0.038	0.017	0.017	0.018	0.037	0.007	0.0	0.008	0.007	0.012	0.008	0.005	0.005	0.009	0.005	0.009	0.012	0.005	0.023	0.005	0.008	0.012	0.007	0.012	0.004	0.011	0.033	0.014	0.028	0.012	0.014	0.0	0.019	0.005	0.018	0.0	0.018	0.0	0.012	0.009	0.016	0.003	0.013	0.008	0.023	0.0	0.007	0.013	0.007	0.014	0.027	0.0	0.0	0.009	0.0	0.012	0.008	0.02	0.012	0.014	0.004	0.01	0.008	0.019	0.0	
Chromosome	2777544	G	A	0.005	0.0	0.0	0.026	0.0	0.0	0.0	0.0	0.0	0.0	0.0	0.0	0.0	0.0	0.0	0.0	0.0	0.0	0.0	0.0	0.0	0.0	0.0	0.0	0.0	0.0	0.0	0.0	0.0	0.0	0.006	0.0	0.0	0.0	0.0	0.0	0.0	0.0	0.0	0.0	0.0	0.0	0.0	0.0	0.0	0.0	0.0	0.0	0.0	0.0	0.0	0.0	0.0	0.0	0.0	0.0	0.0	0.005	0.0	0.0	0.0	0.0	0.0	0.0	0.0	0.0	0.0	0.0	0.006	
Chromosome	3123426	T	G	0.146	0.27	0.245	0.343	0.197	0.273	0.209	0.254	0.204	0.126	0.244	0.243	0.258	0.263	0.228	0.21	0.237	0.243	0.218	0.161	0.286	0.241	0.283	0.173	0.237	0.205	0.135	0.095	0.131	0.256	0.257	0.206	0.154	0.163	0.142	0.006	0.287	0.24	0.205	0.0	0.195	0.007	0.176	0.237	0.155	0.113	0.163	0.248	0.169	0.377	0.25	0.245	0.33	0.227	0.246	0.348	0.246	0.188	0.0	0.189	0.178	0.115	0.226	0.19	0.214	0.123	0.119	0.135	0.0	
Chromosome	3794876	T	G	0.025	0.126	0.154	0.159	0.222	0.111	0.158	0.114	0.124	0.028	0.164	0.062	0.159	0.115	0.12	0.125	0.128	0.099	0.059	0.066	0.127	0.126	0.077	0.063	0.081	0.067	0.02	0.048	0.062	0.103	0.088	0.091	0.062	0.053	0.043	0.0	0.128	0.116	0.115	0.007	0.094	0.007	0.065	0.115	0.078	0.04	0.049	0.189	0.19	0.156	0.166	0.188	0.094	0.209	0.16	0.222	0.098	0.142	0.0	0.059	0.051	0.026	0.091	0.045	0.124	0.06	0.057	0.033	0.0	
Chromosome	3908331	G	C	0.0	0.0	0.0	0.328	0.0	0.0	0.0	0.0	0.0	0.0	0.0	0.0	0.0	0.0	0.0	0.0	0.0	0.0	0.0	0.0	0.0	0.0	0.0	0.0	0.0	0.0	0.0	0.0	0.0	0.0	0.0	0.0	0.0	0.0	0.0	0.0	0.0	0.0	0.0	0.0	0.0	0.0	0.0	0.0	0.0	0.0	0.002	0.0	0.0	0.0	0.0	0.0	0.0	0.0	0.0	0.0	0.0	0.0	0.0	0.0	0.0	0.0	0.0	0.0	0.0	0.0	0.0	0.0	0.0	
Chromosome	3985684	A	G	0.0	0.0	0.0	0.221	0.0	0.0	0.0	0.0	0.0	0.0	0.0	0.0	0.0	0.0	0.0	0.0	0.0	0.0	0.0	0.0	0.0	0.0	0.0	0.0	0.0	0.0	0.0	0.0	0.0	0.0	0.0	0.0	0.0	0.0	0.003	0.0	0.0	0.0	0.0	0.0	0.0	0.0	0.0	0.0	0.0	0.0	0.0	0.0	0.0	0.0	0.0	0.0	0.0	0.0	0.0	0.0	0.0	0.0	0.0	0.0	0.0	0.0	0.0	0.0	0.0	0.0	0.0	0.0	0.0	
Chromosome	4063198	T	G	0.088	0.163	0.132	0.177	0.072	0.041	0.074	0.074	0.062	0.058	0.088	0.093	0.036	0.084	0.092	0.117	0.081	0.081	0.117	0.054	0.127	0.051	0.114	0.102	0.084	0.093	0.081	0.077	0.057	0.071	0.07	0.052	0.063	0.066	0.039	0.0	0.082	0.11	0.06	0.0	0.148	0.0	0.055	0.103	0.064	0.062	0.073	0.071	0.053	0.038	0.107	0.083	0.062	0.107	0.059	0.105	0.095	0.083	0.0	0.075	0.047	0.066	0.094	0.108	0.081	0.05	0.027	0.054	0.0	
Chromosome	4196572	T	G	0.032	0.058	0.097	0.152	0.033	0.11	0.052	0.096	0.091	0.033	0.053	0.09	0.07	0.056	0.087	0.078	0.045	0.049	0.057	0.043	0.113	0.091	0.037	0.042	0.034	0.049	0.012	0.013	0.017	0.084	0.065	0.121	0.039	0.019	0.03	0.0	0.041	0.083	0.052	0.0	0.081	0.0	0.043	0.059	0.046	0.018	0.035	0.097	0.066	0.15	0.123	0.086	0.063	0.078	0.075	0.081	0.07	0.071	0.005	0.038	0.037	0.025	0.037	0.039	0.026	0.026	0.032	0.014	0.0	
Chromosome	4214560	C	A	0.452	0.465	0.544	0.5	0.53	0.506	0.48	0.485	0.401	0.533	0.441	0.444	0.525	0.503	0.477	0.478	0.474	0.465	0.518	0.466	0.533	0.478	0.449	0.475	0.494	0.517	0.494	0.476	0.515	0.485	0.48	0.481	0.502	0.45	0.481	0.463	0.458	0.491	0.505	0.538	0.511	0.524	0.498	0.496	0.478	0.497	0.486	0.431	0.453	0.479	0.42	0.509	0.468	0.49	0.472	0.509	0.462	0.494	0.408	0.494	0.506	0.43	0.49	0.489	0.515	0.442	0.432	0.326	0.498	
Chromosome	4214739	G	GT	0.34	0.368	0.472	0.392	0.342	0.38	0.312	0.339	0.353	0.395	0.304	0.332	0.352	0.324	0.364	0.304	0.32	0.338	0.351	0.336	0.34	0.358	0.313	0.303	0.316	0.331	0.332	0.321	0.353	0.327	0.388	0.339	0.358	0.305	0.333	0.327	0.332	0.362	0.287	0.317	0.332	0.357	0.306	0.309	0.32	0.334	0.355	0.331	0.371	0.301	0.321	0.371	0.324	0.352	0.367	0.535	0.391	0.331	0.26	0.338	0.314	0.329	0.36	0.327	0.316	0.303	0.304	0.266	0.329	
Chromosome	4214852	A	AGCAATGATCAATACCTGTGGATGAG	0.06	0.069	0.07	0.099	0.049	0.107	0.048	0.074	0.046	0.074	0.043	0.078	0.072	0.05	0.058	0.023	0.048	0.056	0.076	0.083	0.047	0.057	0.059	0.07	0.045	0.05	0.069	0.061	0.07	0.066	0.067	0.066	0.062	0.073	0.066	0.022	0.065	0.047	0.037	0.051	0.087	0.097	0.015	0.066	0.044	0.084	0.064	0.024	0.074	0.088	0.054	0.039	0.026	0.069	0.048	0.065	0.06	0.058	0.082	0.057	0.058	0.053	0.058	0.067	0.049	0.073	0.054	0.058	0.045	
Chromosome	4296386	A	C	0.03	0.027	0.031	0.149	0.089	0.066	0.09	0.072	0.055	0.017	0.044	0.024	0.039	0.065	0.052	0.03	0.026	0.02	0.031	0.028	0.096	0.037	0.037	0.024	0.009	0.035	0.042	0.014	0.023	0.032	0.062	0.079	0.023	0.02	0.009	0.005	0.045	0.034	0.039	0.0	0.075	0.007	0.032	0.049	0.021	0.023	0.028	0.097	0.061	0.056	0.082	0.058	0.078	0.096	0.09	0.0	0.061	0.054	0.0	0.026	0.036	0.017	0.021	0.02	0.036	0.033	0.024	0.012	0.007	
Chromosome	4709847	G	GC,GCC	0.017	0.188	0.0	0.276	0.932	0.022	0.0	0.014	0.008	0.125	0.014	0.0	0.0	0.005	0.014	0.01	0.242	0.005	0.022	0.019	0.005	0.119	0.014	0.012	0.036	0.01	0.007	0.011	0.23	0.234	0.157	0.0	0.007	0.0	0.007	0.017	0.189	0.011	0.008	0.0	0.023	0.006	0.014	0.021	0.018	0.004	0.002	0.0	0.006	0.008	0.007	0.007	0.19	0.02	0.018	0.0	0.007	0.009	0.006	0.011	0.02	0.008	0.015	0.018	0.005	0.027	0.012	0.08	0.018	
Chromosome	4724242	G	C	0.222	0.304	0.25	0.205	0.265	0.33	0.286	0.295	0.258	0.172	0.247	0.248	0.245	0.321	0.261	0.251	0.255	0.217	0.187	0.201	0.222	0.327	0.208	0.202	0.176	0.162	0.3	0.212	0.255	0.207	0.324	0.253	0.221	0.226	0.193	0.0	0.203	0.259	0.235	0.005	0.252	0.0	0.234	0.264	0.235	0.233	0.235	0.369	0.29	0.315	0.309	0.196	0.235	0.31	0.25	0.34	0.319	0.283	0.006	0.218	0.205	0.206	0.198	0.214	0.276	0.215	0.238	0.141	0.0	
Chromosome	4724246	A	C	0.306	0.284	0.262	0.278	0.311	0.315	0.245	0.342	0.275	0.171	0.299	0.304	0.243	0.243	0.289	0.344	0.258	0.223	0.244	0.235	0.318	0.268	0.261	0.269	0.232	0.23	0.31	0.277	0.203	0.22	0.297	0.348	0.235	0.269	0.275	0.0	0.272	0.29	0.267	0.0	0.327	0.006	0.157	0.354	0.294	0.358	0.288	0.386	0.398	0.367	0.33	0.206	0.277	0.389	0.23	0.233	0.248	0.219	0.0	0.281	0.263	0.26	0.281	0.251	0.312	0.275	0.296	0.192	0.0	
Chromosome	4724247	T	G	0.085	0.048	0.078	0.097	0.088	0.055	0.045	0.073	0.104	0.038	0.138	0.057	0.098	0.033	0.106	0.143	0.141	0.072	0.097	0.05	0.095	0.07	0.098	0.081	0.087	0.079	0.087	0.102	0.03	0.033	0.047	0.118	0.056	0.093	0.081	0.0	0.116	0.178	0.09	0.0	0.076	0.006	0.057	0.135	0.074	0.112	0.065	0.04	0.082	0.092	0.095	0.062	0.04	0.114	0.079	0.077	0.071	0.04	0.0	0.064	0.074	0.066	0.106	0.126	0.145	0.095	0.09	0.02	0.0	
Chromosome	4738611	T	G	0.169	0.209	0.241	0.272	0.245	0.196	0.2	0.32	0.314	0.053	0.229	0.292	0.291	0.165	0.205	0.146	0.202	0.181	0.13	0.106	0.275	0.227	0.138	0.191	0.095	0.132	0.143	0.158	0.092	0.174	0.157	0.219	0.099	0.146	0.119	0.006	0.167	0.21	0.203	0.0	0.219	0.0	0.11	0.2	0.135	0.132	0.15	0.277	0.315	0.287	0.278	0.303	0.211	0.293	0.275	0.105	0.163	0.189	0.0	0.142	0.151	0.104	0.112	0.12	0.231	0.153	0.134	0.13	0.0	
Chromosome	4948868	T	G	0.188	0.16	0.123	0.244	0.353	0.357	0.28	0.333	0.274	0.117	0.217	0.29	0.282	0.193	0.254	0.245	0.267	0.157	0.175	0.134	0.236	0.203	0.187	0.165	0.176	0.198	0.181	0.21	0.129	0.194	0.16	0.263	0.154	0.203	0.19	0.0	0.259	0.212	0.23	0.006	0.221	0.0	0.109	0.271	0.223	0.159	0.172	0.242	0.248	0.311	0.252	0.239	0.192	0.26	0.333	0.231	0.221	0.169	0.0	0.211	0.226	0.247	0.12	0.186	0.174	0.221	0.226	0.217	0.0	
Chromosome	5461789	T	G	0.108	0.5	0.404	0.315	0.39	0.494	0.459	0.457	0.602	0.107	0.359	0.451	0.46	0.412	0.349	0.333	0.346	0.225	0.197	0.174	0.455	0.442	0.239	0.237	0.217	0.231	0.174	0.22	0.145	0.316	0.327	0.353	0.17	0.168	0.167	0.0	0.33	0.357	0.409	0.008	0.326	0.006	0.263	0.33	0.181	0.164	0.215	0.327	0.487	0.46	0.532	0.438	0.352	0.44	0.413	0.6	0.472	0.342	0.011	0.163	0.144	0.082	0.179	0.278	0.232	0.118	0.137	0.175	0.01	
Chromosome	5461806	A	C	0.089	0.15	0.105	0.194	0.305	0.162	0.238	0.222	0.333	0.037	0.242	0.213	0.242	0.126	0.229	0.184	0.15	0.091	0.176	0.115	0.274	0.125	0.113	0.092	0.076	0.119	0.089	0.106	0.09	0.15	0.119	0.294	0.141	0.115	0.079	0.0	0.214	0.2	0.194	0.0	0.144	0.0	0.057	0.103	0.166	0.069	0.11	0.153	0.209	0.186	0.229	0.152	0.151	0.205	0.262	0.179	0.153	0.179	0.0	0.118	0.075	0.092	0.101	0.144	0.144	0.09	0.101	0.098	0.01	
Chromosome	5471538	A	C	0.0	0.0	0.0	0.239	0.0	0.0	0.0	0.0	0.0	0.0	0.014	0.007	0.0	0.0	0.0	0.005	0.009	0.009	0.005	0.0	0.0	0.009	0.0	0.0	0.0	0.0	0.0	0.0	0.0	0.0	0.005	0.0	0.0	0.0	0.0	0.005	0.0	0.0	0.0	0.0	0.0	0.019	0.0	0.0	0.0	0.0	0.006	0.0	0.0	0.008	0.0	0.0	0.0	0.0	0.0	0.0	0.006	0.0	0.006	0.0	0.0	0.003	0.004	0.0	0.0	0.003	0.005	0.0	0.04	
Chromosome	5512267	A	C	0.136	0.194	0.214	0.205	0.27	0.237	0.228	0.226	0.227	0.136	0.148	0.275	0.185	0.193	0.247	0.181	0.204	0.122	0.205	0.17	0.195	0.233	0.173	0.184	0.201	0.177	0.138	0.15	0.116	0.181	0.239	0.144	0.131	0.143	0.133	0.0	0.181	0.201	0.176	0.006	0.208	0.005	0.164	0.26	0.116	0.126	0.154	0.179	0.237	0.242	0.247	0.222	0.264	0.202	0.262	0.289	0.301	0.2	0.005	0.129	0.12	0.087	0.192	0.169	0.136	0.123	0.111	0.126	0.0	
Chromosome	5693406	T	TGGG	0.009	0.0	0.0	0.022	0.0	0.012	0.0	0.0	0.022	0.0	0.0	0.014	0.027	0.016	0.013	0.0	0.0	0.007	0.0	0.0	0.014	0.008	0.0	0.006	0.0	0.0	0.009	0.005	0.0	0.0	0.0	0.017	0.005	0.0	0.0	0.0	0.007	0.009	0.0	0.0	0.0	0.0	0.0	0.014	0.014	0.005	0.0	0.0	0.024	0.041	0.033	0.029	0.024	0.012	0.019	0.0	0.0	0.0	0.0	0.0	0.0	0.004	0.0	0.0	0.006	0.004	0.014	0.0	0.0	
Chromosome	5693409	C	G	0.205	0.525	0.508	0.348	0.316	0.427	0.388	0.347	0.42	0.115	0.458	0.42	0.361	0.413	0.286	0.275	0.295	0.238	0.159	0.164	0.432	0.374	0.217	0.246	0.267	0.244	0.248	0.23	0.26	0.37	0.408	0.339	0.245	0.208	0.2	0.0	0.291	0.274	0.224	0.0	0.196	0.0	0.21	0.281	0.193	0.258	0.211	0.348	0.524	0.549	0.461	0.455	0.434	0.378	0.37	0.629	0.437	0.394	0.0	0.242	0.238	0.229	0.248	0.239	0.322	0.243	0.225	0.17	0.0	
Chromosome	5757785	T	G	0.091	0.109	0.101	0.148	0.083	0.089	0.102	0.099	0.053	0.063	0.086	0.145	0.075	0.098	0.066	0.103	0.077	0.103	0.11	0.125	0.163	0.103	0.113	0.124	0.152	0.116	0.084	0.114	0.091	0.123	0.127	0.071	0.092	0.095	0.09	0.0	0.104	0.121	0.155	0.0	0.074	0.0	0.16	0.085	0.115	0.072	0.114	0.073	0.106	0.126	0.117	0.058	0.105	0.101	0.069	0.148	0.145	0.114	0.0	0.1	0.088	0.08	0.151	0.114	0.089	0.105	0.074	0.074	0.0	
Chromosome	5775948	C	T	0.0	0.0	0.0	0.175	0.0	0.0	0.0	0.0	0.0	0.0	0.0	0.0	0.0	0.0	0.0	0.0	0.0	0.0	0.0	0.0	0.0	0.0	0.0	0.0	0.0	0.0	0.0	0.0	0.0	0.0	0.0	0.0	0.0	0.0	0.0	0.0	0.0	0.0	0.0	0.0	0.0	0.0	0.0	0.0	0.0	0.0	0.0	0.0	0.0	0.0	0.0	0.0	0.0	0.0	0.0	0.0	0.0	0.0	0.0	0.0	0.0	0.0	0.0	0.0	0.0	0.0	0.0	0.0	0.0	
Chromosome	5824677	T	G	0.023	0.037	0.029	0.093	0.029	0.019	0.049	0.033	0.033	0.012	0.03	0.031	0.03	0.02	0.031	0.053	0.037	0.046	0.032	0.019	0.067	0.016	0.016	0.05	0.028	0.047	0.018	0.02	0.004	0.043	0.056	0.016	0.009	0.009	0.012	0.0	0.03	0.027	0.014	0.014	0.015	0.0	0.035	0.01	0.014	0.02	0.02	0.027	0.034	0.034	0.016	0.046	0.028	0.038	0.007	0.047	0.021	0.058	0.0	0.031	0.022	0.014	0.012	0.036	0.02	0.025	0.02	0.024	0.0	
Chromosome	5864763	A	C	0.075	0.112	0.123	0.137	0.062	0.074	0.052	0.107	0.098	0.072	0.064	0.116	0.088	0.073	0.111	0.171	0.082	0.108	0.086	0.079	0.135	0.073	0.118	0.09	0.108	0.122	0.071	0.063	0.073	0.114	0.101	0.101	0.044	0.076	0.076	0.0	0.056	0.085	0.104	0.0	0.096	0.0	0.11	0.063	0.105	0.061	0.062	0.047	0.036	0.121	0.141	0.078	0.116	0.095	0.125	0.143	0.077	0.076	0.0	0.091	0.052	0.09	0.101	0.073	0.083	0.075	0.057	0.043	0.0	
Chromosome	6135889	T	G	0.068	0.127	0.141	0.179	0.236	0.245	0.292	0.219	0.175	0.045	0.228	0.201	0.267	0.148	0.14	0.163	0.132	0.118	0.12	0.104	0.139	0.158	0.108	0.13	0.168	0.131	0.068	0.057	0.079	0.151	0.15	0.174	0.062	0.082	0.079	0.0	0.162	0.145	0.147	0.016	0.134	0.0	0.105	0.157	0.098	0.069	0.092	0.274	0.24	0.203	0.239	0.27	0.183	0.2	0.227	0.194	0.173	0.166	0.006	0.066	0.11	0.081	0.136	0.144	0.178	0.095	0.071	0.067	0.007	
Chromosome	6425911	T	G	0.074	0.07	0.076	0.093	0.09	0.043	0.123	0.081	0.076	0.071	0.067	0.098	0.087	0.112	0.12	0.073	0.068	0.105	0.079	0.085	0.182	0.105	0.084	0.052	0.13	0.123	0.074	0.086	0.073	0.099	0.073	0.125	0.077	0.044	0.047	0.0	0.054	0.07	0.077	0.0	0.059	0.0	0.082	0.078	0.073	0.079	0.079	0.103	0.073	0.077	0.052	0.073	0.083	0.094	0.1	0.235	0.076	0.097	0.0	0.039	0.054	0.045	0.066	0.101	0.073	0.071	0.068	0.064	0.0	
Chromosome	6500438	A	C	0.034	0.058	0.045	0.134	0.113	0.099	0.119	0.146	0.146	0.015	0.119	0.168	0.114	0.04	0.106	0.13	0.064	0.061	0.049	0.083	0.1	0.038	0.057	0.031	0.04	0.036	0.072	0.06	0.033	0.043	0.057	0.101	0.05	0.066	0.064	0.0	0.114	0.111	0.073	0.011	0.093	0.0	0.032	0.108	0.053	0.04	0.043	0.165	0.108	0.144	0.093	0.167	0.165	0.108	0.113	0.075	0.051	0.084	0.0	0.053	0.065	0.045	0.054	0.079	0.076	0.047	0.065	0.041	0.0	
Chromosome	6652405	G	A	0.0	0.0	0.0	0.213	0.005	0.0	0.0	0.0	0.0	0.0	0.0	0.0	0.0	0.0	0.0	0.0	0.0	0.0	0.0	0.0	0.0	0.004	0.003	0.0	0.0	0.0	0.0	0.0	0.0	0.0	0.0	0.0	0.0	0.0	0.0	0.005	0.0	0.0	0.0	0.0	0.0	0.0	0.0	0.0	0.0	0.0	0.0	0.0	0.0	0.0	0.0	0.0	0.007	0.0	0.0	0.0	0.0	0.0	0.0	0.002	0.0	0.0	0.0	0.0	0.0	0.0	0.0	0.0	0.0	
