chromosome	pos	ref	mut	APAW	CombC	CombA2	CombA3	CombA	CombAu1	CombAu3	CombAu5	CombB	Ana1	BedA	BedB	BedC	BedD	CipA	CipB	CipC	CLFA	CLFB	CLFC	CycloA	CycloB	CycloC	EMBA	EMBB	EMBC	INH1	INH2	INHA	LzdA	LzdB	LzdC	M91	M92	M9B	MA_F1	MA_F2	MA_F3	MA_H1	MA_H2	MA_H3	MA_S1	MA_S2	MA_S3	MMCA	MMCB	MMCC	MockA	MockB	MockC	MockD	MockE	MockF	MockG	MockH	MockI	MockJ	MockK	MockL	NANOA	NANOB	NANOC	RIFA	RIFB	RIFC	UV1	UV2	UV3	WT_Msm
Chromosome	64992	T	G	0.148	0.306	0.27	0.26	0.276	0.337	0.376	0.369	0.325	0.15	0.294	0.305	0.25	0.251	0.171	0.238	0.23	0.174	0.157	0.208	0.257	0.188	0.17	0.184	0.168	0.178	0.136	0.128	0.12	0.298	0.246	0.302	0.176	0.125	0.14	0.028	0.22	0.283	0.287	0.022	0.29	0.015	0.195	0.228	0.193	0.177	0.154	0.349	0.34	0.421	0.366	0.394	0.373	0.364	0.368	0.222	0.261	0.27	0.006	0.189	0.15	0.113	0.23	0.221	0.22	0.121	0.148	0.162	0.067	
Chromosome	94192	T	G	0.023	0.145	0.046	0.039	0.079	0.06	0.038	0.065	0.044	0.0	0.084	0.098	0.051	0.078	0.075	0.089	0.088	0.02	0.03	0.027	0.046	0.059	0.022	0.039	0.036	0.042	0.01	0.023	0.02	0.077	0.057	0.056	0.018	0.033	0.037	0.009	0.045	0.06	0.069	0.005	0.064	0.0	0.051	0.065	0.042	0.007	0.014	0.063	0.084	0.059	0.077	0.091	0.066	0.104	0.08	0.062	0.033	0.069	0.0	0.047	0.015	0.025	0.038	0.017	0.028	0.008	0.029	0.028	0.0	
Chromosome	280796	A	C	0.048	0.165	0.148	0.248	0.25	0.156	0.24	0.196	0.127	0.038	0.152	0.182	0.143	0.132	0.169	0.117	0.165	0.078	0.089	0.103	0.257	0.15	0.09	0.09	0.11	0.071	0.021	0.037	0.049	0.222	0.153	0.281	0.061	0.038	0.048	0.0	0.138	0.161	0.197	0.007	0.076	0.0	0.061	0.091	0.07	0.058	0.064	0.275	0.251	0.191	0.286	0.227	0.206	0.21	0.115	0.229	0.182	0.182	0.0	0.042	0.062	0.078	0.047	0.123	0.114	0.072	0.055	0.055	0.0	
Chromosome	640735	CG	C	0.006	0.165	0.007	0.013	0.02	0.0	0.0	0.0	0.0	0.011	0.0	0.008	0.0	0.016	0.015	0.0	0.005	0.009	0.005	0.008	0.008	0.009	0.006	0.016	0.009	0.011	0.003	0.003	0.011	0.004	0.004	0.0	0.014	0.002	0.012	0.005	0.0	0.0	0.0	0.0	0.005	0.005	0.0	0.0	0.009	0.01	0.008	0.008	0.006	0.015	0.011	0.006	0.008	0.012	0.0	0.0	0.02	0.021	0.005	0.005	0.005	0.006	0.0	0.005	0.007	0.01	0.0	0.006	0.006	
Chromosome	679524	C	T	0.0	0.145	0.0	0.0	0.0	0.0	0.0	0.0	0.0	0.0	0.0	0.0	0.0	0.0	0.003	0.0	0.0	0.0	0.0	0.0	0.0	0.0	0.0	0.0	0.0	0.004	0.0	0.0	0.007	0.0	0.004	0.0	0.0	0.0	0.003	0.0	0.0	0.0	0.0	0.0	0.0	0.0	0.0	0.0	0.0	0.0	0.0	0.0	0.0	0.0	0.0	0.0	0.0	0.012	0.0	0.0	0.0	0.0	0.0	0.0	0.0	0.003	0.0	0.0	0.0	0.0	0.0	0.0	0.0	
Chromosome	725042	A	C	0.132	0.314	0.196	0.111	0.104	0.183	0.243	0.208	0.214	0.077	0.2	0.168	0.253	0.198	0.235	0.194	0.193	0.144	0.11	0.147	0.209	0.17	0.181	0.148	0.156	0.094	0.156	0.147	0.131	0.145	0.167	0.215	0.112	0.132	0.113	0.0	0.228	0.188	0.209	0.0	0.23	0.0	0.161	0.164	0.117	0.124	0.141	0.229	0.256	0.231	0.203	0.229	0.351	0.225	0.184	0.185	0.216	0.178	0.01	0.161	0.16	0.114	0.119	0.193	0.186	0.119	0.129	0.157	0.0	
Chromosome	767491	T	G	0.115	0.292	0.143	0.139	0.208	0.331	0.217	0.265	0.234	0.04	0.213	0.245	0.362	0.158	0.162	0.197	0.206	0.102	0.136	0.113	0.132	0.145	0.138	0.165	0.108	0.141	0.076	0.083	0.064	0.143	0.167	0.192	0.086	0.086	0.092	0.0	0.171	0.205	0.163	0.006	0.167	0.0	0.118	0.196	0.076	0.063	0.079	0.242	0.333	0.255	0.29	0.302	0.297	0.285	0.19	0.205	0.223	0.152	0.007	0.081	0.091	0.071	0.138	0.135	0.105	0.074	0.093	0.055	0.0	
Chromosome	767503	A	C	0.108	0.197	0.046	0.116	0.157	0.289	0.194	0.208	0.26	0.067	0.233	0.28	0.29	0.098	0.123	0.153	0.153	0.086	0.103	0.084	0.145	0.071	0.063	0.086	0.086	0.052	0.083	0.074	0.04	0.09	0.079	0.162	0.099	0.066	0.056	0.01	0.138	0.133	0.153	0.006	0.118	0.006	0.034	0.152	0.094	0.066	0.065	0.206	0.31	0.216	0.212	0.199	0.216	0.186	0.212	0.086	0.087	0.077	0.006	0.084	0.073	0.065	0.103	0.064	0.095	0.061	0.074	0.087	0.0	
Chromosome	767511	T	G	0.095	0.319	0.179	0.189	0.188	0.359	0.313	0.327	0.331	0.065	0.303	0.325	0.349	0.169	0.213	0.198	0.199	0.099	0.101	0.124	0.183	0.134	0.083	0.116	0.078	0.061	0.104	0.067	0.081	0.139	0.126	0.16	0.102	0.126	0.068	0.005	0.185	0.256	0.209	0.0	0.214	0.0	0.098	0.169	0.105	0.064	0.087	0.32	0.345	0.289	0.353	0.321	0.337	0.362	0.321	0.194	0.209	0.141	0.0	0.089	0.079	0.088	0.134	0.049	0.138	0.087	0.086	0.064	0.0	
Chromosome	1335824	T	TGGCTCTTCGCAGTTGAGGGTGTAGAGGTCG	0.0	0.0	0.0	0.0	0.0	0.0	0.0	0.0	0.0	0.0	0.0	0.0	0.0	0.0	0.0	0.0	0.0	0.0	0.0	0.0	0.0	0.0	0.0	0.0	0.0	0.0	0.0	0.0	0.0	0.0	0.0	0.0	0.0	0.0	0.0	0.0	0.0	0.0	0.0	0.0	0.0	0.0	0.0	0.0	0.0	0.0	0.0	0.0	0.0	0.0	0.0	0.0	0.0	0.0	0.0	0.0	0.0	0.0	0.0	0.0	0.0	0.0	0.0	0.0	0.0	0.0	0.0	0.0	0.0	
Chromosome	1385245	A	C	0.089	0.134	0.172	0.167	0.203	0.158	0.089	0.115	0.1	0.083	0.153	0.126	0.137	0.108	0.179	0.161	0.137	0.184	0.178	0.179	0.105	0.096	0.155	0.121	0.189	0.165	0.103	0.121	0.082	0.158	0.167	0.164	0.091	0.126	0.105	0.006	0.14	0.172	0.144	0.012	0.157	0.0	0.124	0.121	0.125	0.124	0.099	0.154	0.137	0.14	0.131	0.114	0.135	0.198	0.075	0.186	0.132	0.158	0.0	0.117	0.139	0.103	0.197	0.17	0.174	0.1	0.09	0.115	0.007	
Chromosome	1411142	T	G	0.142	0.305	0.024	0.072	0.265	0.268	0.189	0.24	0.252	0.096	0.198	0.2	0.17	0.102	0.188	0.216	0.222	0.092	0.056	0.068	0.184	0.038	0.059	0.068	0.115	0.023	0.113	0.139	0.055	0.073	0.021	0.179	0.13	0.109	0.081	0.005	0.15	0.186	0.226	0.006	0.148	0.0	0.037	0.229	0.087	0.099	0.153	0.222	0.257	0.157	0.278	0.232	0.247	0.198	0.169	0.0	0.031	0.069	0.0	0.118	0.112	0.092	0.063	0.07	0.163	0.129	0.124	0.107	0.008	
Chromosome	1476147	A	T	0.02	0.103	0.039	0.027	0.03	0.068	0.057	0.056	0.061	0.0	0.058	0.071	0.081	0.019	0.024	0.033	0.017	0.005	0.0	0.023	0.036	0.032	0.008	0.016	0.005	0.006	0.012	0.022	0.008	0.026	0.036	0.035	0.004	0.008	0.007	0.0	0.034	0.047	0.05	0.0	0.027	0.0	0.017	0.027	0.004	0.011	0.008	0.147	0.086	0.113	0.068	0.106	0.092	0.066	0.07	0.083	0.022	0.052	0.0	0.019	0.012	0.021	0.011	0.016	0.008	0.004	0.0	0.007	0.0	
Chromosome	1574114	T	G	0.158	0.268	0.26	0.312	0.263	0.298	0.318	0.274	0.299	0.177	0.245	0.262	0.197	0.219	0.177	0.218	0.18	0.146	0.167	0.224	0.211	0.16	0.177	0.204	0.179	0.144	0.135	0.095	0.16	0.214	0.232	0.183	0.194	0.142	0.113	0.005	0.135	0.168	0.213	0.012	0.128	0.006	0.156	0.213	0.154	0.128	0.178	0.29	0.281	0.365	0.298	0.309	0.315	0.302	0.293	0.125	0.192	0.237	0.011	0.142	0.13	0.149	0.171	0.201	0.155	0.132	0.118	0.134	0.007	
Chromosome	1787487	T	G	0.139	0.243	0.223	0.176	0.24	0.181	0.238	0.304	0.275	0.062	0.315	0.247	0.187	0.22	0.223	0.221	0.225	0.131	0.193	0.117	0.234	0.261	0.157	0.106	0.13	0.146	0.14	0.115	0.136	0.212	0.187	0.249	0.162	0.14	0.196	0.0	0.194	0.233	0.197	0.006	0.223	0.006	0.18	0.216	0.156	0.156	0.167	0.191	0.237	0.241	0.227	0.211	0.196	0.221	0.255	0.212	0.259	0.203	0.006	0.154	0.16	0.174	0.179	0.128	0.239	0.144	0.158	0.127	0.007	
Chromosome	1939109	A	G	0.0	0.0	0.0	0.0	0.0	0.0	0.0	0.0	0.0	0.0	0.0	0.0	0.0	0.0	0.0	0.0	0.0	0.0	0.0	0.018	0.0	0.0	0.0	0.0	0.0	0.0	0.0	0.0	0.0	0.0	0.0	0.0	0.0	0.0	0.0	0.0	0.0	0.0	0.0	0.0	0.0	0.0	0.0	0.0	0.0	0.01	0.0	0.0	0.0	0.0	0.0	0.038	0.0	0.0	0.0	0.0	0.0	0.0	0.0	0.0	0.0	0.0	0.0	0.0	0.0	0.0	0.0	0.0	0.0	
Chromosome	2195100	T	G	0.089	0.155	0.174	0.151	0.198	0.141	0.22	0.198	0.168	0.085	0.124	0.186	0.12	0.178	0.192	0.205	0.162	0.186	0.129	0.143	0.199	0.129	0.151	0.145	0.137	0.179	0.112	0.094	0.09	0.15	0.143	0.184	0.114	0.142	0.121	0.0	0.156	0.119	0.225	0.0	0.156	0.005	0.149	0.074	0.142	0.103	0.093	0.132	0.184	0.188	0.225	0.17	0.144	0.201	0.16	0.14	0.164	0.128	0.0	0.119	0.12	0.141	0.158	0.131	0.204	0.109	0.116	0.088	0.007	
Chromosome	2195144	T	G	0.142	0.194	0.129	0.1	0.244	0.254	0.201	0.19	0.203	0.092	0.217	0.177	0.189	0.099	0.226	0.268	0.225	0.162	0.072	0.084	0.234	0.093	0.124	0.058	0.129	0.163	0.164	0.174	0.063	0.107	0.083	0.205	0.161	0.17	0.181	0.0	0.202	0.254	0.218	0.006	0.251	0.006	0.068	0.187	0.164	0.145	0.177	0.233	0.247	0.229	0.25	0.221	0.208	0.22	0.191	0.147	0.07	0.083	0.0	0.171	0.199	0.159	0.15	0.156	0.186	0.196	0.16	0.124	0.0	
Chromosome	2223894	A	C	0.076	0.116	0.09	0.117	0.113	0.102	0.072	0.066	0.068	0.046	0.102	0.041	0.087	0.11	0.114	0.12	0.142	0.088	0.15	0.083	0.114	0.114	0.098	0.073	0.105	0.113	0.094	0.061	0.075	0.161	0.107	0.177	0.08	0.065	0.082	0.071	0.097	0.112	0.156	0.049	0.139	0.023	0.049	0.121	0.074	0.06	0.064	0.044	0.113	0.092	0.083	0.106	0.042	0.092	0.087	0.178	0.086	0.127	0.021	0.073	0.052	0.103	0.11	0.126	0.122	0.078	0.075	0.061	0.033	
Chromosome	2355770	A	G	0.115	0.308	0.0	0.0	0.19	0.0	0.0	0.0	0.091	0.0	0.0	0.0	0.404	0.0	0.0	0.0	0.0	0.0	0.0	0.0	0.0	0.0	0.0	0.0	0.0	0.0	0.003	0.0	0.0	0.0	0.0	0.0	0.0	0.0	0.0	0.0	0.0	0.0	0.0	0.013	0.0	0.0	0.0	0.0	0.0	0.0	0.0	0.134	0.413	0.191	0.0	0.0	0.0	0.158	0.0	0.0	0.0	0.0	0.0	0.0	0.0	0.0	0.136	0.0	0.0	0.0	0.0	0.0	0.0	
Chromosome	2445338	A	C	0.059	0.076	0.018	0.021	0.075	0.026	0.061	0.089	0.044	0.023	0.048	0.016	0.049	0.025	0.096	0.032	0.063	0.034	0.037	0.044	0.082	0.038	0.025	0.041	0.04	0.024	0.057	0.031	0.032	0.013	0.022	0.072	0.046	0.067	0.049	0.0	0.052	0.057	0.058	0.0	0.043	0.0	0.045	0.071	0.059	0.051	0.044	0.048	0.043	0.117	0.058	0.073	0.089	0.058	0.085	0.0	0.017	0.03	0.006	0.042	0.035	0.04	0.04	0.045	0.094	0.035	0.041	0.035	0.0	
Chromosome	2501764	TGCTGCCCGTACTGGG	T	0.006	0.046	0.0	0.0	0.0	0.012	0.006	0.008	0.0	0.0	0.024	0.0	0.007	0.014	0.004	0.005	0.007	0.005	0.005	0.005	0.005	0.005	0.01	0.0	0.005	0.019	0.013	0.0	0.003	0.007	0.005	0.005	0.006	0.007	0.013	0.014	0.024	0.005	0.009	0.006	0.018	0.009	0.009	0.011	0.0	0.008	0.005	0.031	0.007	0.015	0.007	0.007	0.01	0.012	0.025	0.0	0.0	0.0	0.011	0.007	0.013	0.007	0.004	0.0	0.01	0.017	0.002	0.006	0.011	
Chromosome	2752945	T	G	0.0	0.0	0.0	0.0	0.0	0.0	0.0	0.007	0.0	0.0	0.0	0.0	0.0	0.0	0.0	0.0	0.0	0.0	0.0	0.0	0.0	0.0	0.0	0.0	0.0	0.0	0.0	0.0	0.0	0.0	0.0	0.0	0.0	0.0	0.0	0.0	0.0	0.0	0.0	0.0	0.0	0.0	0.0	0.0	0.0	0.0	0.0	0.0	0.0	0.0	0.0	0.0	0.0	0.0	0.0	0.0	0.0	0.0	0.0	0.0	0.0	0.0	0.0	0.0	0.0	0.0	0.0	0.0	0.0	
Chromosome	2794654	A	C	0.103	0.202	0.105	0.094	0.104	0.141	0.104	0.136	0.152	0.051	0.167	0.125	0.123	0.038	0.096	0.127	0.116	0.084	0.067	0.087	0.137	0.073	0.095	0.121	0.075	0.1	0.075	0.08	0.067	0.046	0.094	0.121	0.075	0.069	0.095	0.005	0.112	0.109	0.141	0.006	0.149	0.0	0.049	0.132	0.08	0.044	0.084	0.13	0.136	0.161	0.174	0.142	0.134	0.115	0.137	0.071	0.095	0.102	0.006	0.096	0.121	0.078	0.059	0.058	0.108	0.087	0.1	0.087	0.007	
Chromosome	3021211	T	G	0.035	0.151	0.095	0.071	0.087	0.089	0.097	0.074	0.085	0.007	0.122	0.075	0.07	0.094	0.075	0.062	0.052	0.057	0.042	0.05	0.101	0.103	0.062	0.042	0.05	0.041	0.024	0.042	0.039	0.076	0.081	0.126	0.03	0.049	0.039	0.0	0.079	0.071	0.064	0.0	0.069	0.0	0.028	0.082	0.054	0.04	0.04	0.145	0.102	0.208	0.085	0.123	0.108	0.115	0.141	0.067	0.125	0.087	0.0	0.051	0.048	0.037	0.047	0.054	0.056	0.031	0.042	0.026	0.006	
Chromosome	3096318	T	A	0.041	0.114	0.06	0.092	0.074	0.103	0.131	0.127	0.096	0.065	0.085	0.136	0.111	0.07	0.047	0.094	0.098	0.053	0.042	0.028	0.11	0.057	0.024	0.039	0.03	0.051	0.039	0.04	0.037	0.052	0.066	0.071	0.055	0.06	0.033	0.0	0.063	0.065	0.079	0.0	0.088	0.0	0.038	0.071	0.042	0.048	0.055	0.069	0.121	0.088	0.122	0.115	0.05	0.087	0.107	0.127	0.067	0.092	0.0	0.055	0.039	0.029	0.027	0.039	0.074	0.057	0.037	0.052	0.0	
Chromosome	3727653	T	G	0.047	0.15	0.055	0.044	0.139	0.116	0.083	0.128	0.138	0.032	0.149	0.149	0.068	0.059	0.047	0.109	0.111	0.058	0.044	0.072	0.101	0.024	0.043	0.054	0.042	0.051	0.047	0.027	0.019	0.079	0.035	0.141	0.042	0.054	0.032	0.005	0.058	0.079	0.084	0.006	0.085	0.0	0.052	0.081	0.048	0.053	0.055	0.092	0.094	0.136	0.133	0.142	0.113	0.156	0.164	0.07	0.034	0.06	0.007	0.043	0.051	0.038	0.075	0.044	0.067	0.051	0.045	0.058	0.0	
Chromosome	3777636	A	C	0.131	0.218	0.169	0.16	0.263	0.215	0.288	0.211	0.173	0.019	0.202	0.246	0.301	0.105	0.251	0.185	0.18	0.117	0.114	0.12	0.203	0.167	0.109	0.067	0.117	0.085	0.121	0.164	0.082	0.147	0.124	0.209	0.12	0.112	0.106	0.006	0.21	0.201	0.148	0.007	0.182	0.007	0.099	0.189	0.146	0.07	0.125	0.225	0.276	0.23	0.225	0.235	0.304	0.171	0.23	0.3	0.216	0.157	0.0	0.119	0.151	0.132	0.121	0.11	0.193	0.121	0.106	0.097	0.0	
Chromosome	3777637	A	C	0.147	0.21	0.331	0.224	0.237	0.292	0.281	0.223	0.308	0.108	0.253	0.286	0.32	0.217	0.283	0.261	0.265	0.153	0.228	0.209	0.256	0.254	0.293	0.188	0.189	0.138	0.196	0.201	0.169	0.219	0.211	0.23	0.161	0.185	0.179	0.0	0.31	0.262	0.275	0.0	0.264	0.007	0.218	0.222	0.146	0.205	0.184	0.233	0.378	0.218	0.275	0.316	0.418	0.315	0.24	0.51	0.287	0.219	0.0	0.188	0.154	0.143	0.242	0.248	0.215	0.151	0.174	0.155	0.006	
Chromosome	3862940	A	C	0.051	0.2	0.082	0.104	0.129	0.195	0.154	0.248	0.154	0.065	0.212	0.213	0.23	0.109	0.142	0.053	0.131	0.045	0.109	0.068	0.108	0.096	0.055	0.074	0.091	0.098	0.056	0.065	0.042	0.104	0.087	0.134	0.06	0.056	0.067	0.0	0.094	0.054	0.076	0.0	0.135	0.0	0.054	0.092	0.095	0.051	0.065	0.12	0.202	0.156	0.122	0.185	0.153	0.151	0.255	0.156	0.036	0.064	0.0	0.057	0.043	0.046	0.069	0.045	0.097	0.048	0.047	0.034	0.0	
Chromosome	4000350	A	C	0.102	0.176	0.083	0.038	0.128	0.185	0.192	0.171	0.127	0.031	0.152	0.1	0.148	0.144	0.126	0.145	0.085	0.084	0.055	0.092	0.1	0.071	0.089	0.1	0.097	0.078	0.11	0.067	0.044	0.087	0.098	0.154	0.108	0.104	0.108	0.005	0.152	0.15	0.149	0.0	0.144	0.0	0.089	0.156	0.076	0.08	0.102	0.176	0.167	0.148	0.157	0.116	0.168	0.189	0.167	0.095	0.083	0.103	0.006	0.106	0.106	0.091	0.079	0.104	0.114	0.121	0.112	0.084	0.0	
Chromosome	4028636	G	C	0.279	0.363	0.403	0.396	0.186	0.377	0.333	0.231	0.31	0.3	0.337	0.26	0.358	0.423	0.302	0.41	0.268	0.354	0.34	0.379	0.345	0.397	0.33	0.393	0.339	0.353	0.376	0.345	0.346	0.427	0.389	0.371	0.347	0.374	0.317	0.005	0.328	0.386	0.311	0.0	0.41	0.0	0.431	0.335	0.384	0.371	0.322	0.412	0.315	0.304	0.327	0.374	0.347	0.333	0.364	0.426	0.414	0.393	0.0	0.328	0.339	0.366	0.279	0.317	0.314	0.374	0.341	0.41	0.0	
Chromosome	4214560	C	A	0.452	0.401	0.465	0.544	0.5	0.53	0.506	0.48	0.485	0.533	0.441	0.444	0.525	0.503	0.477	0.478	0.474	0.465	0.518	0.466	0.533	0.478	0.449	0.475	0.494	0.517	0.494	0.476	0.515	0.485	0.48	0.481	0.502	0.45	0.481	0.463	0.458	0.491	0.505	0.538	0.511	0.524	0.498	0.496	0.478	0.497	0.486	0.431	0.453	0.479	0.42	0.509	0.468	0.49	0.472	0.509	0.462	0.494	0.408	0.494	0.506	0.43	0.49	0.489	0.515	0.442	0.432	0.326	0.498	
Chromosome	4214739	G	GT	0.34	0.353	0.368	0.472	0.392	0.342	0.38	0.312	0.339	0.395	0.304	0.332	0.352	0.324	0.364	0.304	0.32	0.338	0.351	0.336	0.34	0.358	0.313	0.303	0.316	0.331	0.332	0.321	0.353	0.327	0.388	0.339	0.358	0.305	0.333	0.327	0.332	0.362	0.287	0.317	0.332	0.357	0.306	0.309	0.32	0.334	0.355	0.331	0.371	0.301	0.321	0.371	0.324	0.352	0.367	0.535	0.391	0.331	0.26	0.338	0.314	0.329	0.36	0.327	0.316	0.303	0.304	0.266	0.329	
Chromosome	4214852	A	AGCAATGATCAATACCTGTGGATGAGCCT	0.06	0.046	0.069	0.07	0.099	0.049	0.107	0.048	0.074	0.074	0.043	0.078	0.072	0.05	0.058	0.023	0.048	0.056	0.076	0.083	0.047	0.057	0.059	0.07	0.045	0.05	0.069	0.061	0.07	0.066	0.067	0.066	0.062	0.073	0.066	0.022	0.065	0.047	0.037	0.051	0.087	0.097	0.015	0.066	0.044	0.084	0.064	0.024	0.074	0.088	0.054	0.039	0.026	0.069	0.048	0.065	0.06	0.058	0.082	0.057	0.058	0.053	0.058	0.067	0.049	0.073	0.054	0.058	0.045	
Chromosome	4337155	A	T	0.0	0.179	0.0	0.0	0.0	0.006	0.0	0.0	0.0	0.0	0.0	0.0	0.0	0.0	0.0	0.0	0.0	0.0	0.0	0.0	0.0	0.0	0.0	0.0	0.0	0.0	0.0	0.0	0.003	0.0	0.0	0.005	0.0	0.0	0.0	0.0	0.0	0.0	0.004	0.0	0.0	0.0	0.0	0.0	0.0	0.004	0.0	0.0	0.014	0.0	0.0	0.0	0.0	0.0	0.0	0.0	0.005	0.0	0.0	0.002	0.002	0.004	0.0	0.0	0.0	0.0	0.0	0.0	0.006	
Chromosome	4337156	G	T	0.0	0.182	0.0	0.0	0.0	0.0	0.0	0.0	0.0	0.0	0.0	0.0	0.013	0.0	0.0	0.0	0.0	0.0	0.0	0.0	0.005	0.0	0.0	0.0	0.0	0.0	0.0	0.0	0.0	0.0	0.0	0.0	0.0	0.002	0.0	0.0	0.0	0.0	0.0	0.0	0.0	0.0	0.0	0.0	0.0	0.0	0.0	0.009	0.0	0.0	0.0	0.0	0.0	0.0	0.0	0.0	0.0	0.0	0.0	0.0	0.0	0.0	0.0	0.0	0.0	0.0	0.0	0.0	0.0	
Chromosome	4639740	A	C	0.103	0.177	0.286	0.268	0.217	0.248	0.173	0.263	0.284	0.077	0.239	0.208	0.314	0.24	0.254	0.246	0.234	0.164	0.141	0.153	0.169	0.267	0.132	0.132	0.111	0.145	0.113	0.12	0.108	0.23	0.218	0.254	0.157	0.125	0.111	0.014	0.189	0.18	0.19	0.005	0.218	0.0	0.219	0.233	0.132	0.125	0.115	0.232	0.265	0.212	0.268	0.262	0.243	0.363	0.214	0.16	0.251	0.202	0.005	0.134	0.124	0.127	0.169	0.175	0.171	0.149	0.122	0.122	0.006	
Chromosome	4693154	G	GGGGGGGGGGGGGGGGGGGGGGGCCCCC	0.149	0.237	0.056	0.008	0.111	0.172	0.205	0.292	0.246	0.037	0.211	0.246	0.176	0.031	0.264	0.134	0.178	0.028	0.048	0.045	0.144	0.051	0.072	0.027	0.047	0.055	0.181	0.222	0.026	0.045	0.033	0.254	0.212	0.188	0.182	0.0	0.178	0.118	0.145	0.0	0.129	0.0	0.02	0.178	0.21	0.205	0.167	0.12	0.229	0.133	0.239	0.216	0.186	0.18	0.167	0.022	0.04	0.032	0.0	0.198	0.161	0.181	0.036	0.056	0.171	0.199	0.176	0.16	0.0	
Chromosome	4738611	T	G	0.169	0.314	0.209	0.241	0.272	0.245	0.196	0.2	0.32	0.053	0.229	0.292	0.291	0.165	0.205	0.146	0.202	0.181	0.13	0.106	0.275	0.227	0.138	0.191	0.095	0.132	0.143	0.158	0.092	0.174	0.157	0.219	0.099	0.146	0.119	0.006	0.167	0.21	0.203	0.0	0.219	0.0	0.11	0.2	0.135	0.132	0.15	0.277	0.315	0.287	0.278	0.303	0.211	0.293	0.275	0.105	0.163	0.189	0.0	0.142	0.151	0.104	0.112	0.12	0.231	0.153	0.134	0.13	0.0	
Chromosome	4782670	A	C	0.04	0.096	0.063	0.094	0.087	0.083	0.082	0.076	0.144	0.058	0.069	0.087	0.095	0.06	0.146	0.085	0.091	0.065	0.048	0.044	0.103	0.043	0.064	0.057	0.032	0.048	0.08	0.067	0.04	0.07	0.083	0.075	0.069	0.054	0.056	0.0	0.089	0.07	0.064	0.0	0.045	0.005	0.057	0.061	0.037	0.095	0.049	0.027	0.071	0.087	0.069	0.057	0.062	0.105	0.075	0.062	0.105	0.066	0.0	0.034	0.046	0.027	0.073	0.065	0.064	0.043	0.023	0.033	0.0	
Chromosome	4948874	T	A	0.105	0.061	0.042	0.038	0.125	0.048	0.083	0.113	0.062	0.106	0.073	0.098	0.085	0.037	0.085	0.096	0.086	0.049	0.064	0.062	0.086	0.068	0.078	0.062	0.07	0.013	0.147	0.17	0.065	0.069	0.035	0.116	0.085	0.087	0.119	0.0	0.065	0.085	0.094	0.0	0.09	0.0	0.082	0.107	0.156	0.13	0.105	0.052	0.105	0.085	0.068	0.043	0.048	0.087	0.097	0.054	0.075	0.041	0.0	0.109	0.123	0.127	0.032	0.05	0.102	0.164	0.122	0.086	0.0	
Chromosome	4948887	A	C	0.113	0.205	0.048	0.117	0.237	0.272	0.276	0.215	0.254	0.048	0.179	0.17	0.258	0.087	0.171	0.171	0.249	0.058	0.107	0.068	0.208	0.075	0.086	0.069	0.09	0.08	0.162	0.197	0.076	0.078	0.073	0.252	0.12	0.159	0.15	0.0	0.23	0.194	0.194	0.006	0.149	0.0	0.079	0.171	0.16	0.15	0.164	0.19	0.245	0.261	0.202	0.228	0.16	0.213	0.202	0.135	0.03	0.058	0.0	0.17	0.168	0.155	0.086	0.108	0.161	0.208	0.178	0.159	0.01	
Chromosome	4987024	A	C	0.1	0.154	0.128	0.148	0.221	0.16	0.151	0.195	0.129	0.072	0.16	0.167	0.115	0.208	0.107	0.093	0.142	0.058	0.081	0.074	0.144	0.171	0.067	0.078	0.069	0.056	0.069	0.064	0.065	0.181	0.166	0.155	0.098	0.064	0.068	0.0	0.115	0.076	0.133	0.0	0.113	0.0	0.085	0.136	0.07	0.039	0.068	0.162	0.142	0.168	0.206	0.138	0.103	0.214	0.262	0.125	0.138	0.135	0.0	0.053	0.062	0.051	0.078	0.063	0.106	0.053	0.058	0.052	0.007	
Chromosome	5046374	T	TGGGGGGGGG	0.0	0.0	0.0	0.0	0.0	0.0	0.0	0.0	0.0	0.0	0.0	0.0	0.0	0.0	0.0	0.0	0.0	0.0	0.0	0.0	0.0	0.0	0.0	0.0	0.0	0.0	0.0	0.0	0.0	0.0	0.0	0.0	0.0	0.0	0.0	0.0	0.0	0.0	0.0	0.0	0.0	0.0	0.0	0.0	0.0	0.0	0.0	0.0	0.0	0.0	0.0	0.0	0.0	0.0	0.0	0.0	0.0	0.0	0.0	0.0	0.0	0.0	0.0	0.0	0.0	0.0	0.0	0.0	0.0	
Chromosome	5046375	C	G	0.0	0.015	0.015	0.054	0.031	0.081	0.088	0.078	0.07	0.0	0.078	0.092	0.069	0.016	0.031	0.028	0.019	0.015	0.015	0.004	0.026	0.036	0.0	0.014	0.008	0.0	0.0	0.007	0.0	0.032	0.028	0.01	0.003	0.003	0.003	0.0	0.019	0.009	0.009	0.0	0.023	0.0	0.011	0.025	0.0	0.0	0.01	0.111	0.078	0.065	0.073	0.051	0.051	0.106	0.067	0.071	0.057	0.027	0.0	0.004	0.002	0.0	0.0	0.005	0.03	0.003	0.002	0.003	0.0	
Chromosome	5115098	T	G	0.203	0.252	0.152	0.12	0.172	0.24	0.193	0.168	0.195	0.112	0.185	0.181	0.17	0.122	0.181	0.177	0.203	0.117	0.157	0.136	0.196	0.08	0.124	0.114	0.093	0.149	0.155	0.165	0.104	0.105	0.139	0.166	0.184	0.194	0.162	0.0	0.23	0.202	0.18	0.0	0.162	0.0	0.074	0.164	0.141	0.142	0.205	0.204	0.177	0.174	0.184	0.222	0.17	0.152	0.177	0.15	0.094	0.092	0.0	0.207	0.193	0.156	0.113	0.104	0.193	0.141	0.178	0.228	0.0	
Chromosome	5359307	A	C	0.12	0.301	0.105	0.148	0.242	0.268	0.265	0.267	0.25	0.051	0.295	0.265	0.266	0.089	0.15	0.182	0.175	0.149	0.141	0.12	0.241	0.127	0.13	0.121	0.099	0.113	0.131	0.147	0.071	0.127	0.142	0.215	0.163	0.119	0.131	0.005	0.205	0.227	0.258	0.0	0.231	0.005	0.142	0.197	0.145	0.132	0.149	0.25	0.301	0.293	0.333	0.247	0.211	0.302	0.34	0.093	0.115	0.121	0.0	0.134	0.144	0.091	0.115	0.132	0.16	0.144	0.123	0.108	0.0	
Chromosome	5461789	T	G	0.108	0.602	0.5	0.404	0.315	0.39	0.494	0.459	0.457	0.107	0.359	0.451	0.46	0.412	0.349	0.333	0.346	0.225	0.197	0.174	0.455	0.442	0.239	0.237	0.217	0.231	0.174	0.22	0.145	0.316	0.327	0.353	0.17	0.168	0.167	0.0	0.33	0.357	0.409	0.008	0.326	0.006	0.263	0.33	0.181	0.164	0.215	0.327	0.487	0.46	0.532	0.438	0.352	0.44	0.413	0.6	0.472	0.342	0.011	0.163	0.144	0.082	0.179	0.278	0.232	0.118	0.137	0.175	0.01	
Chromosome	5461806	A	C	0.089	0.333	0.15	0.105	0.194	0.305	0.162	0.238	0.222	0.037	0.242	0.213	0.242	0.126	0.229	0.184	0.15	0.091	0.176	0.115	0.274	0.125	0.113	0.092	0.076	0.119	0.089	0.106	0.09	0.15	0.119	0.294	0.141	0.115	0.079	0.0	0.214	0.2	0.194	0.0	0.144	0.0	0.057	0.103	0.166	0.069	0.11	0.153	0.209	0.186	0.229	0.152	0.151	0.205	0.262	0.179	0.153	0.179	0.0	0.118	0.075	0.092	0.101	0.144	0.144	0.09	0.101	0.098	0.01	
Chromosome	5512267	A	C	0.136	0.227	0.194	0.214	0.205	0.27	0.237	0.228	0.226	0.136	0.148	0.275	0.185	0.193	0.247	0.181	0.204	0.122	0.205	0.17	0.195	0.233	0.173	0.184	0.201	0.177	0.138	0.15	0.116	0.181	0.239	0.144	0.131	0.143	0.133	0.0	0.181	0.201	0.176	0.006	0.208	0.005	0.164	0.26	0.116	0.126	0.154	0.179	0.237	0.242	0.247	0.222	0.264	0.202	0.262	0.289	0.301	0.2	0.005	0.129	0.12	0.087	0.192	0.169	0.136	0.123	0.111	0.126	0.0	
Chromosome	5521109	A	C	0.077	0.109	0.157	0.189	0.169	0.147	0.154	0.19	0.153	0.03	0.151	0.144	0.111	0.146	0.139	0.135	0.081	0.082	0.05	0.068	0.133	0.135	0.095	0.119	0.06	0.066	0.06	0.076	0.053	0.133	0.113	0.109	0.09	0.058	0.05	0.0	0.091	0.134	0.139	0.011	0.178	0.0	0.094	0.114	0.04	0.042	0.075	0.179	0.18	0.167	0.189	0.174	0.131	0.214	0.155	0.121	0.139	0.156	0.0	0.076	0.052	0.096	0.112	0.075	0.087	0.063	0.062	0.057	0.006	
Chromosome	5730202	T	G	0.034	0.152	0.058	0.044	0.08	0.114	0.08	0.118	0.167	0.018	0.139	0.081	0.127	0.09	0.06	0.083	0.056	0.072	0.025	0.049	0.076	0.089	0.042	0.073	0.062	0.058	0.053	0.042	0.024	0.034	0.061	0.066	0.019	0.04	0.044	0.022	0.117	0.063	0.093	0.0	0.092	0.006	0.079	0.069	0.053	0.048	0.037	0.16	0.162	0.136	0.131	0.131	0.083	0.145	0.138	0.033	0.09	0.055	0.005	0.028	0.028	0.04	0.047	0.045	0.06	0.028	0.044	0.027	0.0	
Chromosome	5787047	A	C	0.026	0.352	0.064	0.079	0.08	0.291	0.295	0.283	0.232	0.016	0.37	0.186	0.304	0.061	0.072	0.066	0.041	0.028	0.045	0.038	0.098	0.066	0.052	0.073	0.041	0.005	0.011	0.034	0.026	0.069	0.068	0.053	0.016	0.029	0.018	0.0	0.075	0.07	0.064	0.0	0.088	0.0	0.058	0.092	0.041	0.013	0.046	0.307	0.248	0.247	0.36	0.292	0.297	0.301	0.286	0.091	0.055	0.028	0.006	0.032	0.023	0.017	0.045	0.054	0.033	0.013	0.028	0.013	0.0	
Chromosome	6373640	T	G	0.0	0.227	0.0	0.0	0.0	0.005	0.0	0.0	0.0	0.0	0.0	0.0	0.0	0.0	0.0	0.0	0.0	0.0	0.0	0.0	0.0	0.0	0.0	0.0	0.0	0.0	0.0	0.0	0.0	0.0	0.0	0.0	0.0	0.0	0.0	0.0	0.0	0.0	0.0	0.0	0.0	0.011	0.0	0.0	0.0	0.0	0.0	0.0	0.0	0.0	0.0	0.0	0.007	0.0	0.0	0.0	0.0	0.0	0.004	0.0	0.0	0.0	0.0	0.0	0.0	0.0	0.002	0.0	0.0	
Chromosome	6416309	G	C	0.052	0.067	0.005	0.008	0.041	0.075	0.089	0.052	0.05	0.008	0.098	0.095	0.08	0.044	0.025	0.013	0.063	0.009	0.024	0.046	0.042	0.065	0.024	0.033	0.054	0.016	0.038	0.042	0.033	0.038	0.039	0.051	0.024	0.054	0.065	0.04	0.053	0.045	0.036	0.021	0.044	0.027	0.009	0.027	0.052	0.022	0.039	0.063	0.066	0.052	0.083	0.042	0.099	0.032	0.075	0.053	0.012	0.036	0.045	0.06	0.079	0.063	0.033	0.025	0.068	0.063	0.062	0.101	0.026	
Chromosome	6912436	A	C	0.063	0.173	0.119	0.067	0.095	0.122	0.141	0.112	0.106	0.03	0.068	0.066	0.103	0.089	0.121	0.102	0.097	0.086	0.089	0.052	0.103	0.095	0.063	0.064	0.067	0.057	0.082	0.054	0.051	0.077	0.068	0.106	0.079	0.054	0.075	0.018	0.098	0.094	0.09	0.011	0.127	0.0	0.044	0.091	0.059	0.085	0.062	0.058	0.117	0.122	0.092	0.091	0.122	0.118	0.112	0.125	0.078	0.114	0.005	0.043	0.072	0.072	0.043	0.059	0.076	0.042	0.043	0.06	0.006	
Chromosome	6966376	T	G	0.285	0.373	0.483	0.545	0.41	0.383	0.276	0.327	0.306	0.341	0.413	0.413	0.413	0.54	0.416	0.309	0.425	0.448	0.357	0.442	0.401	0.476	0.483	0.439	0.405	0.444	0.352	0.329	0.396	0.5	0.486	0.379	0.346	0.312	0.312	0.0	0.355	0.342	0.365	0.0	0.273	0.0	0.41	0.392	0.327	0.396	0.323	0.394	0.346	0.365	0.368	0.378	0.429	0.364	0.301	0.308	0.398	0.47	0.0	0.304	0.335	0.345	0.511	0.354	0.393	0.324	0.346	0.338	0.0	
Chromosome	6966403	G	C	0.121	0.295	0.232	0.2	0.293	0.217	0.293	0.362	0.321	0.025	0.28	0.257	0.263	0.15	0.183	0.144	0.196	0.181	0.12	0.119	0.261	0.178	0.168	0.182	0.168	0.131	0.167	0.146	0.125	0.189	0.218	0.27	0.186	0.186	0.165	0.0	0.187	0.242	0.224	0.0	0.209	0.0	0.169	0.23	0.17	0.198	0.182	0.303	0.333	0.358	0.25	0.247	0.298	0.412	0.417	0.043	0.143	0.299	0.0	0.179	0.17	0.121	0.146	0.144	0.244	0.144	0.144	0.163	0.0	
Chromosome	6966410	A	C	0.172	0.495	0.48	0.479	0.284	0.419	0.375	0.337	0.34	0.219	0.337	0.389	0.365	0.436	0.36	0.241	0.359	0.336	0.325	0.389	0.331	0.413	0.365	0.331	0.378	0.375	0.263	0.27	0.323	0.444	0.432	0.343	0.307	0.257	0.241	0.0	0.362	0.313	0.301	0.0	0.333	0.0	0.261	0.333	0.294	0.248	0.229	0.333	0.528	0.369	0.359	0.455	0.477	0.427	0.417	0.476	0.316	0.481	0.006	0.227	0.275	0.201	0.406	0.393	0.351	0.195	0.199	0.255	0.0	
Chromosome	6966411	G	C	0.226	0.466	0.397	0.44	0.375	0.434	0.404	0.356	0.355	0.093	0.455	0.324	0.42	0.345	0.297	0.298	0.303	0.289	0.165	0.26	0.365	0.355	0.268	0.212	0.231	0.321	0.278	0.259	0.185	0.427	0.435	0.319	0.317	0.265	0.198	0.0	0.309	0.349	0.286	0.0	0.306	0.0	0.301	0.286	0.268	0.264	0.215	0.277	0.591	0.476	0.415	0.41	0.481	0.416	0.452	0.19	0.218	0.422	0.006	0.261	0.257	0.206	0.266	0.256	0.3	0.225	0.223	0.246	0.0	
