chromosome	pos	ref	mut	APAW	CombB	CombA2	CombA3	CombA	CombAu1	CombAu3	CombAu5	CombC	Ana1	BedA	BedB	BedC	BedD	CipA	CipB	CipC	CLFA	CLFB	CLFC	CycloA	CycloB	CycloC	EMBA	EMBB	EMBC	INH1	INH2	INHA	LzdA	LzdB	LzdC	M91	M92	M9B	MA_F1	MA_F2	MA_F3	MA_H1	MA_H2	MA_H3	MA_S1	MA_S2	MA_S3	MMCA	MMCB	MMCC	MockA	MockB	MockC	MockD	MockE	MockF	MockG	MockH	MockI	MockJ	MockK	MockL	NANOA	NANOB	NANOC	RIFA	RIFB	RIFC	UV1	UV2	UV3	WT_Msm
Chromosome	35052	T	A	0.163	0.29	0.151	0.184	0.247	0.289	0.267	0.205	0.208	0.091	0.242	0.257	0.277	0.177	0.232	0.177	0.209	0.115	0.113	0.073	0.368	0.175	0.083	0.108	0.181	0.104	0.218	0.185	0.139	0.147	0.169	0.329	0.221	0.211	0.163	0.0	0.26	0.183	0.219	0.0	0.192	0.0	0.12	0.241	0.185	0.197	0.212	0.289	0.279	0.258	0.315	0.289	0.326	0.392	0.299	0.25	0.2	0.169	0.0	0.206	0.186	0.142	0.125	0.073	0.244	0.153	0.224	0.168	0.0	
Chromosome	65001	A	C	0.148	0.317	0.294	0.235	0.371	0.396	0.439	0.471	0.361	0.099	0.358	0.298	0.298	0.303	0.251	0.247	0.336	0.211	0.201	0.171	0.23	0.254	0.219	0.232	0.221	0.235	0.163	0.164	0.131	0.226	0.254	0.251	0.248	0.182	0.174	0.0	0.255	0.25	0.265	0.007	0.304	0.0	0.172	0.219	0.208	0.158	0.185	0.345	0.429	0.337	0.325	0.398	0.336	0.387	0.371	0.324	0.272	0.256	0.0	0.119	0.196	0.172	0.242	0.174	0.21	0.17	0.17	0.152	0.0	
Chromosome	215758	A	C	0.075	0.084	0.11	0.062	0.058	0.045	0.053	0.074	0.044	0.071	0.126	0.066	0.077	0.079	0.091	0.048	0.09	0.074	0.087	0.044	0.091	0.096	0.09	0.127	0.132	0.066	0.034	0.051	0.08	0.059	0.073	0.065	0.027	0.081	0.07	0.005	0.072	0.098	0.052	0.0	0.073	0.0	0.033	0.09	0.067	0.054	0.075	0.066	0.062	0.068	0.067	0.06	0.058	0.136	0.065	0.053	0.093	0.068	0.004	0.076	0.099	0.062	0.121	0.125	0.107	0.061	0.033	0.056	0.005	
Chromosome	241503	T	G	0.014	0.078	0.054	0.066	0.143	0.032	0.077	0.131	0.046	0.0	0.077	0.08	0.071	0.081	0.064	0.055	0.047	0.042	0.035	0.037	0.088	0.069	0.032	0.015	0.022	0.025	0.007	0.032	0.014	0.07	0.083	0.09	0.02	0.021	0.01	0.004	0.045	0.051	0.04	0.01	0.05	0.005	0.032	0.045	0.015	0.029	0.025	0.039	0.072	0.094	0.073	0.079	0.08	0.078	0.116	0.095	0.079	0.075	0.0	0.03	0.023	0.025	0.049	0.028	0.021	0.017	0.03	0.024	0.013	
Chromosome	272793	A	C	0.025	0.16	0.078	0.109	0.103	0.088	0.049	0.081	0.086	0.018	0.116	0.093	0.163	0.061	0.076	0.077	0.043	0.033	0.037	0.045	0.102	0.085	0.028	0.065	0.035	0.05	0.022	0.023	0.029	0.065	0.077	0.112	0.017	0.041	0.043	0.004	0.072	0.071	0.06	0.005	0.097	0.0	0.026	0.06	0.031	0.029	0.028	0.094	0.153	0.166	0.129	0.112	0.12	0.133	0.132	0.184	0.098	0.068	0.005	0.043	0.027	0.029	0.035	0.047	0.045	0.025	0.02	0.043	0.005	
Chromosome	287561	T	G	0.042	0.152	0.09	0.158	0.143	0.119	0.149	0.147	0.146	0.019	0.106	0.143	0.119	0.155	0.085	0.074	0.1	0.072	0.07	0.075	0.174	0.13	0.061	0.077	0.05	0.07	0.055	0.071	0.04	0.138	0.111	0.164	0.056	0.068	0.04	0.0	0.055	0.112	0.07	0.0	0.113	0.005	0.051	0.09	0.054	0.047	0.071	0.122	0.164	0.126	0.187	0.13	0.095	0.119	0.166	0.132	0.16	0.091	0.005	0.062	0.054	0.028	0.069	0.075	0.1	0.037	0.046	0.055	0.0	
Chromosome	289687	G	T	0.0	0.083	0.0	0.0	0.0	0.007	0.0	0.0	0.007	0.0	0.0	0.0	0.008	0.0	0.0	0.007	0.0	0.0	0.0	0.0	0.0	0.0	0.0	0.005	0.0	0.0	0.0	0.003	0.0	0.006	0.0	0.005	0.003	0.0	0.0	0.0	0.0	0.0	0.008	0.0	0.0	0.005	0.0	0.006	0.003	0.003	0.0	0.0	0.014	0.0	0.0	0.014	0.0	0.0	0.0	0.0	0.0	0.005	0.0	0.0	0.0	0.003	0.0	0.0	0.004	0.0	0.0	0.0	0.006	
Chromosome	317346	C	G	0.0	0.106	0.0	0.0	0.0	0.0	0.0	0.0	0.0	0.0	0.0	0.0	0.0	0.0	0.0	0.0	0.0	0.004	0.0	0.0	0.0	0.004	0.0	0.0	0.0	0.0	0.0	0.0	0.0	0.0	0.0	0.0	0.003	0.0	0.0	0.0	0.0	0.0	0.004	0.0	0.0	0.0	0.0	0.0	0.0	0.0	0.0	0.0	0.0	0.0	0.0	0.0	0.0	0.0	0.0	0.0	0.0	0.0	0.0	0.0	0.0	0.0	0.0	0.0	0.0	0.0	0.003	0.0	0.0	
Chromosome	419998	A	C	0.022	0.178	0.081	0.118	0.089	0.145	0.122	0.118	0.096	0.034	0.108	0.109	0.104	0.076	0.07	0.062	0.063	0.032	0.049	0.038	0.075	0.049	0.033	0.033	0.024	0.049	0.017	0.03	0.017	0.075	0.067	0.086	0.013	0.024	0.015	0.005	0.042	0.052	0.065	0.0	0.046	0.005	0.058	0.051	0.019	0.028	0.015	0.125	0.154	0.078	0.15	0.097	0.076	0.155	0.142	0.051	0.119	0.102	0.0	0.02	0.03	0.017	0.026	0.021	0.04	0.009	0.007	0.019	0.0	
Chromosome	702177	T	G	0.091	0.166	0.171	0.216	0.172	0.141	0.124	0.151	0.159	0.074	0.233	0.175	0.217	0.166	0.159	0.168	0.17	0.125	0.129	0.114	0.159	0.119	0.09	0.132	0.142	0.1	0.139	0.081	0.102	0.178	0.121	0.193	0.128	0.098	0.101	0.0	0.128	0.186	0.205	0.0	0.178	0.0	0.101	0.183	0.108	0.117	0.135	0.144	0.164	0.111	0.154	0.136	0.187	0.173	0.134	0.294	0.184	0.156	0.0	0.095	0.131	0.128	0.09	0.115	0.117	0.094	0.094	0.096	0.007	
Chromosome	706123	T	G	0.145	0.163	0.173	0.132	0.2	0.212	0.221	0.237	0.243	0.094	0.195	0.196	0.2	0.155	0.187	0.222	0.226	0.158	0.104	0.112	0.209	0.172	0.167	0.155	0.149	0.15	0.167	0.092	0.128	0.159	0.108	0.251	0.16	0.141	0.143	0.0	0.209	0.181	0.209	0.006	0.205	0.005	0.114	0.151	0.106	0.158	0.138	0.219	0.212	0.236	0.263	0.204	0.225	0.25	0.253	0.205	0.168	0.171	0.005	0.139	0.15	0.164	0.11	0.167	0.186	0.162	0.134	0.171	0.007	
Chromosome	708677	A	C	0.24	0.303	0.288	0.254	0.267	0.351	0.324	0.357	0.27	0.152	0.293	0.262	0.33	0.28	0.295	0.306	0.324	0.221	0.237	0.264	0.223	0.333	0.181	0.226	0.205	0.189	0.189	0.168	0.228	0.295	0.335	0.222	0.205	0.216	0.184	0.0	0.265	0.255	0.305	0.008	0.295	0.0	0.26	0.239	0.193	0.235	0.22	0.3	0.28	0.312	0.305	0.31	0.292	0.217	0.292	0.386	0.356	0.267	0.0	0.175	0.24	0.18	0.233	0.25	0.206	0.201	0.187	0.215	0.0	
Chromosome	710450	T	G	0.05	0.15	0.087	0.08	0.149	0.092	0.069	0.083	0.119	0.014	0.117	0.096	0.1	0.081	0.089	0.09	0.068	0.057	0.065	0.065	0.129	0.121	0.067	0.028	0.024	0.039	0.046	0.046	0.056	0.068	0.098	0.139	0.046	0.046	0.034	0.004	0.074	0.144	0.1	0.011	0.129	0.006	0.105	0.113	0.064	0.05	0.057	0.043	0.141	0.154	0.099	0.104	0.145	0.124	0.085	0.143	0.136	0.099	0.005	0.024	0.042	0.06	0.063	0.067	0.086	0.034	0.028	0.043	0.0	
Chromosome	767473	T	G	0.075	0.31	0.157	0.143	0.213	0.266	0.276	0.232	0.256	0.066	0.231	0.265	0.273	0.117	0.196	0.156	0.184	0.078	0.103	0.072	0.187	0.143	0.07	0.131	0.103	0.078	0.132	0.105	0.119	0.178	0.136	0.164	0.132	0.12	0.134	0.0	0.201	0.245	0.229	0.006	0.164	0.006	0.103	0.194	0.128	0.104	0.107	0.248	0.274	0.25	0.295	0.293	0.336	0.273	0.248	0.143	0.203	0.137	0.026	0.114	0.099	0.114	0.106	0.087	0.152	0.12	0.111	0.115	0.0	
Chromosome	767511	T	G	0.095	0.331	0.179	0.189	0.188	0.359	0.313	0.327	0.319	0.065	0.303	0.325	0.349	0.169	0.213	0.198	0.199	0.099	0.101	0.124	0.183	0.134	0.083	0.116	0.078	0.061	0.104	0.067	0.081	0.139	0.126	0.16	0.102	0.126	0.068	0.005	0.185	0.256	0.209	0.0	0.214	0.0	0.098	0.169	0.105	0.064	0.087	0.32	0.345	0.289	0.353	0.321	0.337	0.362	0.321	0.194	0.209	0.141	0.0	0.089	0.079	0.088	0.134	0.049	0.138	0.087	0.086	0.064	0.0	
Chromosome	788001	A	C	0.258	0.222	0.113	0.154	0.267	0.263	0.231	0.264	0.145	0.136	0.252	0.202	0.325	0.092	0.229	0.282	0.281	0.195	0.235	0.206	0.264	0.057	0.196	0.176	0.258	0.222	0.25	0.234	0.195	0.131	0.113	0.288	0.253	0.249	0.193	0.005	0.275	0.309	0.269	0.008	0.266	0.0	0.16	0.243	0.263	0.269	0.268	0.238	0.21	0.25	0.28	0.206	0.255	0.148	0.183	0.024	0.072	0.098	0.005	0.244	0.241	0.231	0.142	0.157	0.268	0.263	0.257	0.277	0.007	
Chromosome	788006	G	C	0.255	0.217	0.103	0.152	0.224	0.245	0.219	0.22	0.148	0.131	0.239	0.193	0.283	0.084	0.219	0.282	0.279	0.144	0.214	0.125	0.218	0.057	0.155	0.157	0.209	0.175	0.274	0.255	0.166	0.096	0.089	0.29	0.285	0.25	0.238	0.0	0.291	0.295	0.259	0.008	0.247	0.0	0.146	0.234	0.261	0.292	0.317	0.24	0.203	0.218	0.27	0.207	0.239	0.135	0.177	0.0	0.035	0.068	0.005	0.25	0.262	0.258	0.102	0.133	0.227	0.277	0.263	0.306	0.0	
Chromosome	788007	A	C	0.178	0.178	0.063	0.071	0.162	0.227	0.193	0.182	0.141	0.058	0.162	0.164	0.248	0.047	0.163	0.17	0.256	0.085	0.102	0.075	0.185	0.032	0.076	0.089	0.104	0.099	0.174	0.183	0.047	0.058	0.025	0.245	0.19	0.187	0.125	0.0	0.235	0.232	0.204	0.016	0.2	0.0	0.033	0.137	0.165	0.193	0.168	0.216	0.174	0.192	0.23	0.165	0.232	0.127	0.162	0.0	0.021	0.033	0.0	0.182	0.182	0.146	0.073	0.073	0.199	0.187	0.169	0.207	0.0	
Chromosome	954126	ACCG	A	0.003	0.028	0.0	0.019	0.017	0.017	0.0	0.015	0.007	0.005	0.0	0.0	0.006	0.015	0.018	0.009	0.02	0.0	0.016	0.0	0.011	0.016	0.012	0.0	0.006	0.023	0.009	0.004	0.015	0.031	0.005	0.014	0.008	0.009	0.006	0.0	0.017	0.006	0.0	0.007	0.0	0.019	0.008	0.013	0.011	0.011	0.009	0.0	0.012	0.0	0.015	0.0	0.0	0.0	0.017	0.038	0.011	0.008	0.038	0.013	0.003	0.013	0.013	0.0	0.004	0.0	0.006	0.007	0.0	
Chromosome	1216617	C	T	0.0	0.189	0.0	0.0	0.0	0.0	0.0	0.0	0.0	0.0	0.0	0.113	0.0	0.0	0.0	0.0	0.0	0.0	0.0	0.0	0.0	0.0	0.0	0.0	0.0	0.0	0.005	0.0	0.0	0.0	0.004	0.004	0.0	0.0	0.0	0.0	0.0	0.0	0.0	0.0	0.0	0.0	0.0	0.0	0.0	0.0	0.0	0.0	0.0	0.0	0.0	0.0	0.0	0.0	0.0	0.0	0.0	0.0	0.0	0.0	0.0	0.0	0.0	0.0	0.0	0.0	0.0	0.0	0.0	
Chromosome	1370349	A	C	0.087	0.281	0.231	0.207	0.2	0.243	0.292	0.274	0.226	0.038	0.231	0.26	0.219	0.194	0.188	0.209	0.158	0.126	0.105	0.086	0.252	0.18	0.083	0.144	0.111	0.091	0.078	0.12	0.086	0.184	0.182	0.217	0.131	0.096	0.083	0.006	0.173	0.124	0.163	0.006	0.235	0.006	0.112	0.242	0.103	0.094	0.106	0.253	0.214	0.237	0.273	0.227	0.184	0.24	0.243	0.229	0.258	0.169	0.0	0.1	0.117	0.081	0.139	0.115	0.159	0.099	0.126	0.131	0.008	
Chromosome	1574107	A	C	0.078	0.254	0.146	0.105	0.155	0.205	0.203	0.301	0.195	0.025	0.151	0.165	0.22	0.183	0.119	0.109	0.136	0.113	0.079	0.104	0.126	0.16	0.1	0.065	0.076	0.109	0.065	0.087	0.043	0.2	0.173	0.149	0.083	0.057	0.057	0.0	0.137	0.12	0.094	0.006	0.144	0.0	0.038	0.102	0.085	0.059	0.074	0.152	0.261	0.196	0.167	0.156	0.234	0.283	0.277	0.123	0.119	0.155	0.0	0.077	0.088	0.058	0.102	0.09	0.114	0.071	0.091	0.067	0.0	
Chromosome	1574111	T	G	0.091	0.184	0.153	0.171	0.231	0.173	0.168	0.186	0.246	0.08	0.243	0.197	0.163	0.134	0.096	0.108	0.124	0.085	0.112	0.151	0.117	0.08	0.116	0.117	0.125	0.129	0.064	0.048	0.07	0.109	0.187	0.119	0.102	0.09	0.084	0.005	0.119	0.12	0.1	0.006	0.148	0.0	0.081	0.118	0.118	0.063	0.066	0.209	0.16	0.17	0.197	0.252	0.28	0.207	0.157	0.085	0.116	0.119	0.0	0.08	0.062	0.106	0.076	0.094	0.078	0.061	0.069	0.062	0.0	
Chromosome	1574114	T	G	0.158	0.299	0.26	0.312	0.263	0.298	0.318	0.274	0.268	0.177	0.245	0.262	0.197	0.219	0.177	0.218	0.18	0.146	0.167	0.224	0.211	0.16	0.177	0.204	0.179	0.144	0.135	0.095	0.16	0.214	0.232	0.183	0.194	0.142	0.113	0.005	0.135	0.168	0.213	0.012	0.128	0.006	0.156	0.213	0.154	0.128	0.178	0.29	0.281	0.365	0.298	0.309	0.315	0.302	0.293	0.125	0.192	0.237	0.011	0.142	0.13	0.149	0.171	0.201	0.155	0.132	0.118	0.134	0.007	
Chromosome	1613646	T	G	0.081	0.183	0.139	0.168	0.099	0.103	0.123	0.114	0.072	0.048	0.123	0.147	0.161	0.129	0.068	0.116	0.024	0.07	0.099	0.086	0.113	0.126	0.1	0.101	0.079	0.104	0.064	0.097	0.088	0.153	0.13	0.114	0.083	0.053	0.063	0.005	0.144	0.079	0.095	0.0	0.077	0.005	0.049	0.08	0.044	0.077	0.086	0.211	0.118	0.176	0.167	0.172	0.149	0.136	0.113	0.192	0.16	0.147	0.0	0.058	0.062	0.078	0.088	0.074	0.124	0.09	0.07	0.08	0.0	
Chromosome	1756623	A	C	0.065	0.232	0.085	0.061	0.141	0.17	0.152	0.185	0.121	0.008	0.175	0.169	0.194	0.087	0.1	0.147	0.088	0.06	0.044	0.072	0.093	0.072	0.068	0.087	0.049	0.069	0.065	0.071	0.05	0.088	0.063	0.154	0.092	0.083	0.061	0.0	0.091	0.138	0.101	0.0	0.098	0.0	0.068	0.124	0.088	0.074	0.056	0.121	0.169	0.147	0.151	0.169	0.154	0.166	0.203	0.05	0.076	0.12	0.0	0.083	0.08	0.037	0.095	0.08	0.104	0.078	0.078	0.073	0.0	
Chromosome	1756627	T	G	0.135	0.218	0.108	0.082	0.211	0.201	0.176	0.201	0.148	0.048	0.225	0.149	0.21	0.097	0.142	0.17	0.136	0.126	0.139	0.101	0.152	0.061	0.101	0.099	0.1	0.115	0.094	0.092	0.077	0.099	0.086	0.184	0.128	0.11	0.079	0.005	0.177	0.178	0.104	0.007	0.155	0.006	0.086	0.165	0.108	0.112	0.116	0.257	0.2	0.134	0.205	0.272	0.225	0.252	0.211	0.125	0.045	0.109	0.006	0.105	0.115	0.042	0.083	0.083	0.155	0.104	0.104	0.087	0.0	
Chromosome	1777813	T	G	0.226	0.337	0.185	0.263	0.25	0.276	0.271	0.349	0.257	0.168	0.269	0.253	0.331	0.182	0.259	0.266	0.28	0.226	0.243	0.179	0.249	0.19	0.225	0.237	0.221	0.19	0.269	0.273	0.161	0.161	0.168	0.281	0.23	0.259	0.193	0.004	0.286	0.299	0.278	0.0	0.328	0.005	0.206	0.35	0.223	0.335	0.237	0.299	0.314	0.305	0.335	0.327	0.391	0.387	0.38	0.273	0.235	0.207	0.0	0.232	0.204	0.2	0.237	0.182	0.32	0.224	0.23	0.221	0.006	
Chromosome	1909824	A	C	0.017	0.075	0.012	0.042	0.075	0.063	0.035	0.047	0.038	0.012	0.015	0.043	0.049	0.057	0.024	0.033	0.02	0.03	0.085	0.018	0.07	0.029	0.024	0.047	0.047	0.06	0.053	0.014	0.032	0.043	0.066	0.045	0.045	0.037	0.009	0.0	0.027	0.051	0.026	0.015	0.041	0.012	0.021	0.019	0.046	0.033	0.028	0.067	0.066	0.074	0.103	0.052	0.025	0.031	0.034	0.027	0.049	0.061	0.0	0.032	0.016	0.021	0.053	0.049	0.044	0.038	0.0	0.02	0.033	
Chromosome	1979870	T	G	0.143	0.25	0.207	0.135	0.276	0.297	0.294	0.187	0.197	0.072	0.285	0.246	0.26	0.197	0.258	0.212	0.302	0.121	0.169	0.157	0.299	0.167	0.102	0.126	0.168	0.2	0.139	0.142	0.088	0.19	0.188	0.18	0.173	0.143	0.118	0.005	0.249	0.198	0.159	0.0	0.201	0.0	0.121	0.218	0.143	0.177	0.15	0.285	0.248	0.372	0.386	0.282	0.264	0.338	0.255	0.167	0.24	0.283	0.0	0.127	0.144	0.093	0.131	0.142	0.188	0.125	0.134	0.141	0.011	
Chromosome	2117924	A	C	0.205	0.295	0.289	0.32	0.318	0.223	0.281	0.287	0.349	0.18	0.273	0.344	0.321	0.286	0.224	0.288	0.303	0.168	0.246	0.244	0.273	0.26	0.238	0.19	0.291	0.266	0.239	0.219	0.177	0.258	0.278	0.322	0.206	0.207	0.231	0.006	0.242	0.219	0.219	0.0	0.212	0.0	0.195	0.215	0.215	0.211	0.225	0.3	0.19	0.266	0.309	0.267	0.296	0.25	0.351	0.37	0.352	0.259	0.0	0.222	0.231	0.19	0.192	0.138	0.247	0.157	0.152	0.228	0.0	
Chromosome	2139972	T	G	0.031	0.105	0.053	0.033	0.065	0.037	0.015	0.016	0.029	0.0	0.008	0.009	0.07	0.073	0.045	0.024	0.047	0.039	0.038	0.023	0.02	0.011	0.017	0.041	0.015	0.009	0.018	0.016	0.022	0.0	0.011	0.03	0.013	0.047	0.01	0.0	0.007	0.018	0.04	0.005	0.007	0.005	0.017	0.036	0.051	0.063	0.035	0.01	0.024	0.008	0.071	0.015	0.027	0.092	0.0	0.0	0.023	0.035	0.006	0.005	0.005	0.02	0.042	0.022	0.038	0.015	0.016	0.03	0.017	
Chromosome	2195100	T	G	0.089	0.168	0.174	0.151	0.198	0.141	0.22	0.198	0.155	0.085	0.124	0.186	0.12	0.178	0.192	0.205	0.162	0.186	0.129	0.143	0.199	0.129	0.151	0.145	0.137	0.179	0.112	0.094	0.09	0.15	0.143	0.184	0.114	0.142	0.121	0.0	0.156	0.119	0.225	0.0	0.156	0.005	0.149	0.074	0.142	0.103	0.093	0.132	0.184	0.188	0.225	0.17	0.144	0.201	0.16	0.14	0.164	0.128	0.0	0.119	0.12	0.141	0.158	0.131	0.204	0.109	0.116	0.088	0.007	
Chromosome	2195144	T	G	0.142	0.203	0.129	0.1	0.244	0.254	0.201	0.19	0.194	0.092	0.217	0.177	0.189	0.099	0.226	0.268	0.225	0.162	0.072	0.084	0.234	0.093	0.124	0.058	0.129	0.163	0.164	0.174	0.063	0.107	0.083	0.205	0.161	0.17	0.181	0.0	0.202	0.254	0.218	0.006	0.251	0.006	0.068	0.187	0.164	0.145	0.177	0.233	0.247	0.229	0.25	0.221	0.208	0.22	0.191	0.147	0.07	0.083	0.0	0.171	0.199	0.159	0.15	0.156	0.186	0.196	0.16	0.124	0.0	
Chromosome	2224338	G	GGCGTGACGAGGTCAGATGCCGACC	0.512	0.55	0.48	0.556	0.667	0.582	0.439	0.484	0.614	0.4	0.529	0.452	0.526	0.458	0.51	0.468	0.391	0.508	0.377	0.481	0.562	0.453	0.455	0.581	0.577	0.597	0.517	0.567	0.456	0.634	0.483	0.611	0.543	0.571	0.532	0.364	0.571	0.442	0.538	0.204	0.56	0.417	0.537	0.571	0.488	0.536	0.495	0.519	0.613	0.545	0.533	0.591	0.5	0.474	0.744	0.562	0.538	0.5	0.354	0.504	0.531	0.582	0.479	0.5	0.687	0.553	0.574	0.447	0.333	
Chromosome	2355770	A	G	0.115	0.091	0.0	0.0	0.19	0.0	0.0	0.0	0.308	0.0	0.0	0.0	0.404	0.0	0.0	0.0	0.0	0.0	0.0	0.0	0.0	0.0	0.0	0.0	0.0	0.0	0.003	0.0	0.0	0.0	0.0	0.0	0.0	0.0	0.0	0.0	0.0	0.0	0.0	0.013	0.0	0.0	0.0	0.0	0.0	0.0	0.0	0.134	0.413	0.191	0.0	0.0	0.0	0.158	0.0	0.0	0.0	0.0	0.0	0.0	0.0	0.0	0.136	0.0	0.0	0.0	0.0	0.0	0.0	
Chromosome	2579189	A	C	0.173	0.206	0.261	0.246	0.282	0.237	0.297	0.183	0.319	0.134	0.268	0.276	0.242	0.322	0.271	0.222	0.31	0.219	0.219	0.213	0.253	0.25	0.187	0.23	0.232	0.224	0.248	0.226	0.202	0.275	0.243	0.239	0.21	0.225	0.223	0.006	0.273	0.263	0.274	0.0	0.395	0.0	0.226	0.303	0.277	0.259	0.226	0.283	0.34	0.287	0.219	0.263	0.281	0.333	0.308	0.238	0.256	0.256	0.0	0.225	0.219	0.226	0.154	0.254	0.234	0.26	0.238	0.244	0.013	
Chromosome	2838382	A	C	0.155	0.207	0.194	0.186	0.195	0.176	0.146	0.125	0.121	0.128	0.14	0.146	0.098	0.155	0.156	0.203	0.224	0.175	0.176	0.133	0.216	0.19	0.145	0.128	0.2	0.146	0.137	0.126	0.127	0.199	0.189	0.193	0.161	0.153	0.134	0.006	0.159	0.16	0.159	0.0	0.242	0.0	0.162	0.137	0.189	0.18	0.151	0.178	0.189	0.144	0.223	0.189	0.16	0.187	0.157	0.211	0.163	0.216	0.008	0.126	0.134	0.138	0.13	0.151	0.136	0.128	0.108	0.116	0.009	
Chromosome	2952396	T	G	0.089	0.257	0.259	0.289	0.123	0.199	0.264	0.271	0.11	0.085	0.217	0.175	0.175	0.207	0.18	0.152	0.203	0.18	0.095	0.114	0.21	0.172	0.144	0.122	0.151	0.14	0.086	0.082	0.087	0.18	0.169	0.21	0.06	0.105	0.056	0.005	0.139	0.194	0.109	0.0	0.186	0.0	0.096	0.168	0.063	0.09	0.12	0.186	0.203	0.243	0.2	0.145	0.219	0.211	0.21	0.182	0.209	0.188	0.0	0.096	0.073	0.061	0.136	0.102	0.103	0.051	0.091	0.075	0.0	
Chromosome	2982301	T	G	0.055	0.164	0.049	0.0	0.011	0.041	0.022	0.018	0.018	0.0	0.017	0.012	0.016	0.021	0.006	0.006	0.006	0.0	0.016	0.0	0.026	0.014	0.004	0.005	0.005	0.041	0.004	0.004	0.0	0.0	0.011	0.012	0.0	0.016	0.014	0.0	0.0	0.013	0.0	0.0	0.0	0.0	0.0	0.006	0.017	0.022	0.017	0.0	0.009	0.017	0.017	0.021	0.009	0.056	0.009	0.016	0.017	0.005	0.0	0.007	0.003	0.022	0.0	0.0	0.005	0.016	0.0	0.008	0.008	
Chromosome	3030967	A	C	0.347	0.43	0.566	0.676	0.512	0.409	0.514	0.563	0.37	0.255	0.5	0.368	0.451	0.587	0.396	0.345	0.489	0.437	0.421	0.388	0.488	0.567	0.506	0.368	0.451	0.35	0.307	0.314	0.456	0.586	0.61	0.54	0.34	0.377	0.383	0.0	0.375	0.446	0.483	0.007	0.438	0.0	0.456	0.394	0.337	0.331	0.378	0.623	0.525	0.565	0.522	0.614	0.5	0.455	0.6	0.634	0.724	0.594	0.0	0.359	0.361	0.402	0.407	0.389	0.368	0.286	0.403	0.299	0.0	
Chromosome	3096315	T	A	0.053	0.139	0.074	0.097	0.101	0.135	0.162	0.135	0.135	0.032	0.083	0.126	0.126	0.071	0.073	0.13	0.094	0.063	0.067	0.024	0.151	0.061	0.04	0.052	0.041	0.053	0.045	0.046	0.034	0.058	0.076	0.086	0.072	0.068	0.036	0.0	0.041	0.06	0.117	0.0	0.084	0.0	0.054	0.059	0.057	0.062	0.068	0.103	0.157	0.102	0.139	0.145	0.051	0.11	0.115	0.147	0.058	0.092	0.0	0.054	0.039	0.035	0.056	0.049	0.07	0.07	0.048	0.041	0.0	
Chromosome	3215656	T	G	0.133	0.29	0.088	0.102	0.203	0.314	0.322	0.269	0.1	0.032	0.262	0.286	0.252	0.125	0.185	0.156	0.212	0.093	0.087	0.085	0.241	0.168	0.103	0.123	0.089	0.096	0.144	0.135	0.069	0.167	0.102	0.176	0.161	0.149	0.11	0.063	0.248	0.221	0.236	0.055	0.261	0.056	0.117	0.184	0.146	0.161	0.145	0.223	0.183	0.288	0.283	0.298	0.3	0.331	0.148	0.148	0.179	0.095	0.06	0.139	0.18	0.139	0.122	0.107	0.144	0.157	0.156	0.148	0.06	
Chromosome	3412424	G	T	0.0	0.168	0.0	0.0	0.0	0.0	0.0	0.0	0.0	0.0	0.0	0.0	0.0	0.0	0.0	0.0	0.006	0.0	0.0	0.0	0.0	0.0	0.004	0.0	0.0	0.004	0.0	0.0	0.0	0.0	0.0	0.004	0.0	0.0	0.0	0.0	0.0	0.006	0.0	0.0	0.0	0.0	0.0	0.0	0.0	0.0	0.0	0.0	0.0	0.009	0.0	0.0	0.0	0.0	0.0	0.0	0.006	0.0	0.0	0.002	0.0	0.0	0.0	0.0	0.0	0.0	0.0	0.003	0.0	
Chromosome	3698291	A	C	0.131	0.237	0.207	0.234	0.283	0.25	0.254	0.194	0.218	0.086	0.226	0.198	0.288	0.176	0.205	0.214	0.207	0.148	0.106	0.131	0.217	0.216	0.073	0.116	0.113	0.118	0.108	0.123	0.096	0.206	0.185	0.227	0.105	0.074	0.094	0.0	0.188	0.17	0.152	0.0	0.191	0.0	0.104	0.145	0.158	0.116	0.112	0.314	0.277	0.274	0.287	0.293	0.25	0.283	0.216	0.256	0.193	0.177	0.0	0.13	0.139	0.111	0.089	0.086	0.222	0.09	0.104	0.116	0.007	
Chromosome	3723478	A	C	0.061	0.252	0.161	0.194	0.158	0.209	0.223	0.14	0.271	0.029	0.126	0.184	0.143	0.165	0.154	0.139	0.125	0.061	0.068	0.071	0.141	0.159	0.048	0.088	0.062	0.053	0.022	0.046	0.061	0.137	0.152	0.081	0.061	0.075	0.055	0.007	0.167	0.154	0.202	0.02	0.151	0.014	0.108	0.134	0.07	0.114	0.065	0.217	0.222	0.229	0.27	0.258	0.186	0.254	0.219	0.255	0.181	0.19	0.014	0.076	0.076	0.062	0.054	0.101	0.094	0.067	0.072	0.042	0.018	
Chromosome	3749895	T	G	0.023	0.178	0.045	0.094	0.096	0.124	0.106	0.123	0.104	0.0	0.152	0.152	0.13	0.054	0.043	0.032	0.021	0.023	0.033	0.015	0.072	0.051	0.016	0.022	0.023	0.016	0.017	0.011	0.006	0.057	0.031	0.062	0.014	0.005	0.015	0.0	0.046	0.039	0.051	0.0	0.027	0.011	0.026	0.025	0.016	0.015	0.02	0.095	0.114	0.114	0.153	0.116	0.133	0.174	0.161	0.057	0.066	0.053	0.0	0.02	0.013	0.016	0.025	0.011	0.024	0.006	0.021	0.014	0.0	
Chromosome	3777637	A	C	0.147	0.308	0.331	0.224	0.237	0.292	0.281	0.223	0.21	0.108	0.253	0.286	0.32	0.217	0.283	0.261	0.265	0.153	0.228	0.209	0.256	0.254	0.293	0.188	0.189	0.138	0.196	0.201	0.169	0.219	0.211	0.23	0.161	0.185	0.179	0.0	0.31	0.262	0.275	0.0	0.264	0.007	0.218	0.222	0.146	0.205	0.184	0.233	0.378	0.218	0.275	0.316	0.418	0.315	0.24	0.51	0.287	0.219	0.0	0.188	0.154	0.143	0.242	0.248	0.215	0.151	0.174	0.155	0.006	
Chromosome	3827094	G	C	0.0	0.2	0.0	0.0	0.0	0.0	0.0	0.0	0.0	0.0	0.0	0.0	0.0	0.0	0.0	0.0	0.0	0.0	0.0	0.0	0.0	0.0	0.0	0.005	0.0	0.0	0.0	0.0	0.0	0.0	0.005	0.0	0.0	0.0	0.0	0.0	0.0	0.0	0.0	0.007	0.0	0.0	0.0	0.0	0.0	0.0	0.0	0.0	0.0	0.0	0.0	0.0	0.0	0.0	0.0	0.0	0.0	0.0	0.0	0.0	0.0	0.0	0.0	0.0	0.0	0.0	0.0	0.0	0.0	
Chromosome	3847886	T	A	0.206	0.235	0.297	0.26	0.225	0.3	0.203	0.205	0.234	0.167	0.214	0.246	0.165	0.36	0.279	0.2	0.241	0.186	0.171	0.147	0.259	0.333	0.253	0.227	0.134	0.206	0.159	0.258	0.204	0.267	0.251	0.258	0.24	0.2	0.207	0.0	0.243	0.263	0.259	0.0	0.274	0.0	0.238	0.245	0.229	0.269	0.219	0.236	0.183	0.256	0.22	0.195	0.187	0.223	0.237	0.408	0.286	0.291	0.0	0.274	0.253	0.219	0.169	0.238	0.27	0.242	0.245	0.224	0.0	
Chromosome	3965512	A	C	0.072	0.19	0.116	0.096	0.051	0.144	0.121	0.053	0.14	0.049	0.134	0.138	0.108	0.083	0.07	0.108	0.118	0.124	0.109	0.077	0.127	0.114	0.052	0.08	0.081	0.086	0.106	0.089	0.069	0.133	0.111	0.153	0.067	0.077	0.07	0.0	0.073	0.077	0.092	0.0	0.096	0.012	0.084	0.116	0.056	0.056	0.085	0.079	0.112	0.146	0.137	0.15	0.183	0.139	0.143	0.107	0.086	0.103	0.006	0.062	0.094	0.08	0.105	0.087	0.09	0.07	0.054	0.044	0.007	
Chromosome	4028636	G	C	0.279	0.31	0.403	0.396	0.186	0.377	0.333	0.231	0.363	0.3	0.337	0.26	0.358	0.423	0.302	0.41	0.268	0.354	0.34	0.379	0.345	0.397	0.33	0.393	0.339	0.353	0.376	0.345	0.346	0.427	0.389	0.371	0.347	0.374	0.317	0.005	0.328	0.386	0.311	0.0	0.41	0.0	0.431	0.335	0.384	0.371	0.322	0.412	0.315	0.304	0.327	0.374	0.347	0.333	0.364	0.426	0.414	0.393	0.0	0.328	0.339	0.366	0.279	0.317	0.314	0.374	0.341	0.41	0.0	
Chromosome	4214560	C	A	0.452	0.485	0.465	0.544	0.5	0.53	0.506	0.48	0.401	0.533	0.441	0.444	0.525	0.503	0.477	0.478	0.474	0.465	0.518	0.466	0.533	0.478	0.449	0.475	0.494	0.517	0.494	0.476	0.515	0.485	0.48	0.481	0.502	0.45	0.481	0.463	0.458	0.491	0.505	0.538	0.511	0.524	0.498	0.496	0.478	0.497	0.486	0.431	0.453	0.479	0.42	0.509	0.468	0.49	0.472	0.509	0.462	0.494	0.408	0.494	0.506	0.43	0.49	0.489	0.515	0.442	0.432	0.326	0.498	
Chromosome	4214739	G	GT	0.34	0.339	0.368	0.472	0.392	0.342	0.38	0.312	0.353	0.395	0.304	0.332	0.352	0.324	0.364	0.304	0.32	0.338	0.351	0.336	0.34	0.358	0.313	0.303	0.316	0.331	0.332	0.321	0.353	0.327	0.388	0.339	0.358	0.305	0.333	0.327	0.332	0.362	0.287	0.317	0.332	0.357	0.306	0.309	0.32	0.334	0.355	0.331	0.371	0.301	0.321	0.371	0.324	0.352	0.367	0.535	0.391	0.331	0.26	0.338	0.314	0.329	0.36	0.327	0.316	0.303	0.304	0.266	0.329	
Chromosome	4214852	A	AG	0.06	0.074	0.069	0.07	0.099	0.049	0.107	0.048	0.046	0.074	0.043	0.078	0.072	0.05	0.058	0.023	0.048	0.056	0.076	0.083	0.047	0.057	0.059	0.07	0.045	0.05	0.069	0.061	0.07	0.066	0.067	0.066	0.062	0.073	0.066	0.022	0.065	0.047	0.037	0.051	0.087	0.097	0.015	0.066	0.044	0.084	0.064	0.024	0.074	0.088	0.054	0.039	0.026	0.069	0.048	0.065	0.06	0.058	0.082	0.057	0.058	0.053	0.058	0.067	0.049	0.073	0.054	0.058	0.045	
Chromosome	4214853	C	CAAT	0.0	0.006	0.0	0.0	0.0	0.006	0.0	0.0	0.0	0.0	0.0	0.0	0.008	0.0	0.004	0.0	0.0	0.0	0.013	0.003	0.0	0.004	0.0	0.008	0.003	0.0	0.0	0.003	0.004	0.0	0.004	0.0	0.0	0.0	0.003	0.011	0.0	0.006	0.0	0.034	0.0	0.067	0.0	0.004	0.0	0.0	0.004	0.0	0.0	0.0	0.0	0.007	0.0	0.006	0.008	0.0	0.004	0.006	0.06	0.0	0.0	0.0	0.008	0.009	0.0	0.0	0.0	0.0	0.019	
Chromosome	4214855	A	ATCAAT	0.045	0.067	0.07	0.066	0.096	0.044	0.102	0.049	0.041	0.048	0.05	0.07	0.072	0.049	0.05	0.009	0.039	0.042	0.082	0.072	0.045	0.046	0.048	0.066	0.041	0.039	0.058	0.066	0.071	0.065	0.071	0.058	0.069	0.069	0.071	0.022	0.059	0.048	0.036	0.045	0.078	0.078	0.015	0.062	0.044	0.067	0.06	0.04	0.07	0.081	0.048	0.052	0.027	0.07	0.056	0.107	0.055	0.061	0.05	0.052	0.072	0.057	0.058	0.058	0.057	0.062	0.05	0.051	0.032	
Chromosome	4214859	C	T	0.036	0.059	0.061	0.05	0.085	0.033	0.101	0.052	0.036	0.045	0.042	0.073	0.065	0.044	0.036	0.009	0.041	0.049	0.07	0.058	0.042	0.04	0.046	0.059	0.039	0.032	0.057	0.062	0.066	0.051	0.056	0.051	0.066	0.069	0.059	0.023	0.056	0.049	0.025	0.046	0.073	0.077	0.015	0.061	0.039	0.061	0.052	0.043	0.065	0.051	0.049	0.041	0.028	0.071	0.058	0.088	0.05	0.058	0.052	0.05	0.059	0.048	0.051	0.052	0.051	0.05	0.047	0.05	0.028	
Chromosome	4214862	C	G	0.033	0.06	0.062	0.051	0.076	0.02	0.088	0.042	0.03	0.041	0.043	0.067	0.058	0.034	0.032	0.005	0.036	0.04	0.059	0.05	0.035	0.04	0.037	0.056	0.036	0.029	0.051	0.06	0.066	0.047	0.052	0.037	0.06	0.057	0.046	0.023	0.04	0.031	0.025	0.029	0.061	0.066	0.01	0.049	0.034	0.057	0.041	0.034	0.048	0.044	0.029	0.021	0.022	0.056	0.057	0.09	0.046	0.052	0.041	0.038	0.047	0.038	0.047	0.044	0.044	0.04	0.029	0.04	0.014	
Chromosome	4214864	C	A	0.031	0.048	0.055	0.051	0.066	0.021	0.084	0.034	0.045	0.03	0.034	0.057	0.057	0.03	0.032	0.01	0.045	0.04	0.042	0.044	0.031	0.032	0.03	0.049	0.036	0.022	0.051	0.043	0.055	0.033	0.045	0.024	0.052	0.049	0.04	0.018	0.034	0.019	0.024	0.024	0.037	0.066	0.01	0.041	0.03	0.051	0.035	0.034	0.034	0.038	0.028	0.021	0.022	0.042	0.048	0.078	0.034	0.041	0.03	0.033	0.038	0.038	0.035	0.04	0.044	0.04	0.035	0.037	0.014	
Chromosome	4214865	C	T	0.025	0.048	0.044	0.052	0.041	0.021	0.066	0.034	0.038	0.024	0.026	0.047	0.056	0.027	0.016	0.005	0.032	0.035	0.024	0.037	0.023	0.027	0.03	0.041	0.035	0.015	0.047	0.039	0.047	0.029	0.046	0.021	0.042	0.049	0.043	0.012	0.028	0.019	0.024	0.018	0.037	0.066	0.01	0.037	0.027	0.047	0.032	0.034	0.034	0.03	0.028	0.014	0.015	0.042	0.048	0.078	0.022	0.028	0.03	0.029	0.038	0.035	0.022	0.035	0.037	0.036	0.026	0.033	0.014	
Chromosome	4445222	G	A	0.0	0.129	0.0	0.0	0.0	0.0	0.0	0.0	0.0	0.014	0.0	0.0	0.0	0.0	0.0	0.0	0.006	0.0	0.0	0.0	0.0	0.0	0.0	0.0	0.005	0.0	0.0	0.0	0.0	0.0	0.0	0.0	0.0	0.0	0.0	0.0	0.0	0.0	0.0	0.0	0.0	0.0	0.0	0.0	0.0	0.0	0.0	0.0	0.0	0.0	0.0	0.0	0.0	0.0	0.0	0.0	0.0	0.0	0.0	0.0	0.0	0.0	0.0	0.0	0.0	0.0	0.0	0.0	0.0	
Chromosome	4471046	G	A	0.0	0.175	0.0	0.0	0.0	0.0	0.0	0.0	0.0	0.0	0.0	0.0	0.0	0.0	0.0	0.0	0.005	0.0	0.0	0.0	0.0	0.0	0.0	0.0	0.0	0.0	0.0	0.004	0.0	0.0	0.0	0.0	0.0	0.0	0.0	0.0	0.007	0.0	0.005	0.0	0.0	0.005	0.0	0.0	0.0	0.0	0.0	0.0	0.0	0.0	0.0	0.0	0.0	0.0	0.0	0.0	0.0	0.0	0.0	0.0	0.0	0.0	0.0	0.0	0.0	0.0	0.0	0.0	0.0	
Chromosome	4709847	GC	G	0.031	0.138	0.188	0.0	0.286	0.947	0.051	0.02	0.008	0.143	0.028	0.019	0.0	0.018	0.021	0.03	0.255	0.028	0.022	0.019	0.005	0.129	0.014	0.012	0.046	0.02	0.021	0.026	0.234	0.234	0.162	0.029	0.017	0.006	0.01	0.028	0.196	0.057	0.02	0.014	0.046	0.011	0.014	0.032	0.041	0.011	0.012	0.036	0.013	0.042	0.021	0.015	0.207	0.04	0.018	0.0	0.014	0.191	0.012	0.027	0.039	0.018	0.024	0.03	0.028	0.048	0.028	0.086	0.026	
Chromosome	4724246	A	C	0.306	0.342	0.284	0.262	0.278	0.311	0.315	0.245	0.275	0.171	0.299	0.304	0.243	0.243	0.289	0.344	0.258	0.223	0.244	0.235	0.318	0.268	0.261	0.269	0.232	0.23	0.31	0.277	0.203	0.22	0.297	0.348	0.235	0.269	0.275	0.0	0.272	0.29	0.267	0.0	0.327	0.006	0.157	0.354	0.294	0.358	0.288	0.386	0.398	0.367	0.33	0.206	0.277	0.389	0.23	0.233	0.248	0.219	0.0	0.281	0.263	0.26	0.281	0.251	0.312	0.275	0.296	0.192	0.0	
Chromosome	4724247	T	G	0.085	0.073	0.048	0.078	0.097	0.088	0.055	0.045	0.104	0.038	0.138	0.057	0.098	0.033	0.106	0.143	0.141	0.072	0.097	0.05	0.095	0.07	0.098	0.081	0.087	0.079	0.087	0.102	0.03	0.033	0.047	0.118	0.056	0.093	0.081	0.0	0.116	0.178	0.09	0.0	0.076	0.006	0.057	0.135	0.074	0.112	0.065	0.04	0.082	0.092	0.095	0.062	0.04	0.114	0.079	0.077	0.071	0.04	0.0	0.064	0.074	0.066	0.106	0.126	0.145	0.095	0.09	0.02	0.0	
Chromosome	4738601	T	G	0.179	0.268	0.231	0.247	0.348	0.21	0.277	0.194	0.255	0.07	0.196	0.211	0.261	0.184	0.199	0.215	0.208	0.181	0.141	0.131	0.246	0.207	0.138	0.145	0.158	0.209	0.157	0.132	0.082	0.258	0.21	0.297	0.152	0.193	0.133	0.0	0.202	0.177	0.219	0.011	0.212	0.0	0.188	0.241	0.133	0.138	0.187	0.25	0.208	0.254	0.261	0.229	0.239	0.279	0.229	0.2	0.233	0.288	0.0	0.134	0.163	0.163	0.163	0.142	0.234	0.193	0.164	0.15	0.006	
Chromosome	4782670	A	C	0.04	0.144	0.063	0.094	0.087	0.083	0.082	0.076	0.096	0.058	0.069	0.087	0.095	0.06	0.146	0.085	0.091	0.065	0.048	0.044	0.103	0.043	0.064	0.057	0.032	0.048	0.08	0.067	0.04	0.07	0.083	0.075	0.069	0.054	0.056	0.0	0.089	0.07	0.064	0.0	0.045	0.005	0.057	0.061	0.037	0.095	0.049	0.027	0.071	0.087	0.069	0.057	0.062	0.105	0.075	0.062	0.105	0.066	0.0	0.034	0.046	0.027	0.073	0.065	0.064	0.043	0.023	0.033	0.0	
Chromosome	5231357	T	G	0.108	0.118	0.158	0.187	0.113	0.076	0.074	0.079	0.112	0.115	0.082	0.137	0.089	0.134	0.062	0.074	0.105	0.128	0.136	0.084	0.114	0.097	0.104	0.109	0.132	0.108	0.111	0.076	0.109	0.14	0.113	0.1	0.071	0.107	0.089	0.005	0.129	0.111	0.094	0.006	0.115	0.0	0.083	0.113	0.101	0.096	0.076	0.111	0.082	0.145	0.162	0.136	0.065	0.076	0.129	0.161	0.1	0.116	0.0	0.106	0.123	0.085	0.12	0.103	0.121	0.091	0.069	0.091	0.0	
Chromosome	5437973	A	C	0.047	0.175	0.179	0.144	0.127	0.132	0.134	0.037	0.118	0.056	0.079	0.131	0.087	0.111	0.094	0.056	0.113	0.086	0.048	0.078	0.172	0.146	0.088	0.055	0.071	0.078	0.084	0.059	0.03	0.107	0.075	0.112	0.081	0.049	0.034	0.01	0.063	0.073	0.08	0.0	0.12	0.0	0.036	0.087	0.058	0.11	0.075	0.045	0.167	0.115	0.145	0.121	0.193	0.083	0.188	0.045	0.095	0.128	0.006	0.066	0.062	0.04	0.047	0.035	0.073	0.024	0.04	0.035	0.0	
Chromosome	5461772	A	C	0.172	0.195	0.112	0.167	0.241	0.157	0.257	0.188	0.277	0.093	0.221	0.175	0.328	0.107	0.19	0.256	0.257	0.137	0.141	0.068	0.202	0.078	0.058	0.136	0.091	0.132	0.176	0.189	0.104	0.136	0.156	0.181	0.172	0.172	0.19	0.0	0.248	0.259	0.287	0.008	0.207	0.012	0.137	0.284	0.124	0.175	0.202	0.457	0.415	0.338	0.351	0.287	0.27	0.41	0.302	0.088	0.078	0.056	0.01	0.152	0.167	0.125	0.152	0.165	0.205	0.191	0.131	0.168	0.028	
Chromosome	5521106	A	C	0.049	0.142	0.158	0.144	0.132	0.13	0.162	0.131	0.173	0.036	0.13	0.189	0.122	0.146	0.126	0.139	0.124	0.078	0.068	0.053	0.123	0.136	0.086	0.057	0.058	0.071	0.068	0.08	0.056	0.139	0.127	0.163	0.058	0.081	0.051	0.0	0.078	0.071	0.133	0.0	0.138	0.006	0.121	0.11	0.059	0.059	0.072	0.176	0.195	0.212	0.2	0.144	0.163	0.19	0.204	0.057	0.145	0.105	0.004	0.053	0.072	0.077	0.109	0.093	0.082	0.077	0.051	0.078	0.0	
Chromosome	5671905	A	C	0.092	0.113	0.105	0.196	0.092	0.131	0.102	0.058	0.112	0.093	0.105	0.073	0.064	0.13	0.13	0.146	0.088	0.096	0.103	0.093	0.151	0.152	0.104	0.123	0.13	0.085	0.089	0.083	0.062	0.144	0.11	0.123	0.064	0.078	0.101	0.013	0.091	0.092	0.127	0.025	0.084	0.01	0.083	0.16	0.075	0.099	0.108	0.118	0.094	0.066	0.14	0.085	0.11	0.071	0.079	0.211	0.169	0.15	0.023	0.084	0.082	0.08	0.089	0.133	0.092	0.087	0.057	0.085	0.024	
Chromosome	5693404	C	CGGGGGG	0.0	0.0	0.0	0.0	0.023	0.0	0.011	0.0	0.011	0.0	0.0	0.0	0.013	0.007	0.0	0.0	0.0	0.0	0.0	0.0	0.021	0.007	0.0	0.0	0.0	0.0	0.0	0.0	0.0	0.0	0.0	0.017	0.005	0.0	0.0	0.0	0.0	0.0	0.006	0.0	0.0	0.0	0.0	0.0	0.0	0.0	0.0	0.015	0.0	0.014	0.0	0.0	0.0	0.0	0.0	0.0	0.0	0.013	0.0	0.0	0.004	0.0	0.0	0.0	0.006	0.0	0.0	0.0	0.0	
Chromosome	5693406	T	G	0.162	0.213	0.204	0.343	0.196	0.286	0.353	0.279	0.363	0.044	0.177	0.348	0.288	0.23	0.181	0.171	0.255	0.143	0.16	0.117	0.268	0.273	0.18	0.182	0.141	0.149	0.12	0.115	0.081	0.186	0.262	0.214	0.119	0.154	0.11	0.0	0.25	0.274	0.218	0.0	0.174	0.0	0.065	0.238	0.164	0.167	0.141	0.206	0.369	0.397	0.244	0.485	0.366	0.293	0.259	0.4	0.247	0.303	0.0	0.162	0.132	0.16	0.142	0.131	0.201	0.18	0.12	0.134	0.0	
Chromosome	5723905	T	G	0.018	0.071	0.024	0.04	0.066	0.057	0.069	0.072	0.064	0.016	0.068	0.053	0.036	0.034	0.034	0.031	0.0	0.024	0.025	0.023	0.074	0.04	0.017	0.028	0.005	0.013	0.011	0.01	0.004	0.012	0.016	0.062	0.019	0.017	0.01	0.0	0.027	0.045	0.029	0.0	0.039	0.006	0.044	0.035	0.02	0.004	0.01	0.035	0.084	0.074	0.051	0.064	0.069	0.07	0.073	0.043	0.05	0.047	0.0	0.012	0.018	0.007	0.014	0.022	0.03	0.008	0.005	0.016	0.0	
Chromosome	5730202	T	G	0.034	0.167	0.058	0.044	0.08	0.114	0.08	0.118	0.152	0.018	0.139	0.081	0.127	0.09	0.06	0.083	0.056	0.072	0.025	0.049	0.076	0.089	0.042	0.073	0.062	0.058	0.053	0.042	0.024	0.034	0.061	0.066	0.019	0.04	0.044	0.022	0.117	0.063	0.093	0.0	0.092	0.006	0.079	0.069	0.053	0.048	0.037	0.16	0.162	0.136	0.131	0.131	0.083	0.145	0.138	0.033	0.09	0.055	0.005	0.028	0.028	0.04	0.047	0.045	0.06	0.028	0.044	0.027	0.0	
Chromosome	5758976	T	G	0.068	0.163	0.114	0.111	0.148	0.102	0.129	0.119	0.115	0.024	0.109	0.095	0.153	0.105	0.105	0.125	0.098	0.068	0.065	0.069	0.094	0.098	0.048	0.066	0.071	0.056	0.045	0.062	0.038	0.077	0.083	0.105	0.077	0.036	0.061	0.011	0.121	0.156	0.102	0.006	0.134	0.0	0.069	0.077	0.056	0.057	0.078	0.135	0.06	0.143	0.12	0.167	0.144	0.111	0.161	0.097	0.099	0.091	0.0	0.057	0.054	0.049	0.041	0.075	0.101	0.054	0.07	0.05	0.015	
Chromosome	5939331	T	G	0.153	0.261	0.123	0.042	0.214	0.3	0.291	0.227	0.259	0.062	0.29	0.182	0.317	0.126	0.208	0.176	0.195	0.166	0.168	0.132	0.22	0.148	0.133	0.12	0.116	0.168	0.155	0.195	0.073	0.089	0.139	0.177	0.148	0.178	0.174	0.0	0.197	0.209	0.195	0.007	0.239	0.0	0.083	0.215	0.158	0.17	0.189	0.233	0.267	0.262	0.258	0.286	0.255	0.273	0.257	0.125	0.138	0.11	0.013	0.146	0.164	0.131	0.132	0.121	0.19	0.136	0.176	0.134	0.0	
Chromosome	6135889	T	G	0.068	0.219	0.127	0.141	0.179	0.236	0.245	0.292	0.175	0.045	0.228	0.201	0.267	0.148	0.14	0.163	0.132	0.118	0.12	0.104	0.139	0.158	0.108	0.13	0.168	0.131	0.068	0.057	0.079	0.151	0.15	0.174	0.062	0.082	0.079	0.0	0.162	0.145	0.147	0.016	0.134	0.0	0.105	0.157	0.098	0.069	0.092	0.274	0.24	0.203	0.239	0.27	0.183	0.2	0.227	0.194	0.173	0.166	0.006	0.066	0.11	0.081	0.136	0.144	0.178	0.095	0.071	0.067	0.007	
Chromosome	6336530	A	C	0.311	0.57	0.457	0.65	0.426	0.444	0.552	0.448	0.522	0.194	0.423	0.479	0.549	0.364	0.373	0.504	0.319	0.339	0.379	0.409	0.415	0.514	0.338	0.433	0.349	0.387	0.218	0.247	0.255	0.371	0.433	0.492	0.307	0.271	0.27	0.0	0.387	0.421	0.424	0.006	0.408	0.0	0.385	0.372	0.288	0.293	0.241	0.548	0.438	0.586	0.506	0.373	0.5	0.523	0.534	0.667	0.585	0.403	0.0	0.255	0.285	0.199	0.331	0.267	0.395	0.258	0.247	0.301	0.0	
Chromosome	6458276	T	G	0.134	0.154	0.152	0.081	0.123	0.133	0.088	0.157	0.132	0.135	0.17	0.152	0.155	0.139	0.152	0.154	0.131	0.119	0.164	0.163	0.136	0.123	0.148	0.145	0.118	0.147	0.113	0.143	0.093	0.174	0.168	0.144	0.155	0.125	0.07	0.0	0.131	0.146	0.176	0.005	0.155	0.0	0.107	0.149	0.11	0.117	0.096	0.135	0.134	0.165	0.195	0.145	0.179	0.197	0.138	0.026	0.106	0.125	0.0	0.105	0.119	0.112	0.127	0.101	0.114	0.103	0.122	0.066	0.0	
Chromosome	6687534	G	C	0.133	0.276	0.429	0.451	0.233	0.337	0.211	0.293	0.233	0.108	0.237	0.316	0.244	0.351	0.147	0.223	0.186	0.228	0.228	0.236	0.215	0.436	0.18	0.23	0.177	0.179	0.13	0.172	0.205	0.362	0.419	0.246	0.142	0.13	0.161	0.0	0.233	0.21	0.214	0.0	0.238	0.0	0.291	0.185	0.125	0.16	0.165	0.221	0.204	0.312	0.252	0.179	0.247	0.269	0.253	0.392	0.435	0.324	0.004	0.161	0.182	0.155	0.168	0.211	0.19	0.12	0.163	0.191	0.0	
Chromosome	6869288	C	G	0.067	0.094	0.067	0.054	0.076	0.073	0.106	0.068	0.117	0.037	0.085	0.072	0.092	0.029	0.111	0.101	0.129	0.025	0.059	0.029	0.127	0.09	0.048	0.018	0.056	0.044	0.063	0.059	0.031	0.033	0.037	0.088	0.056	0.062	0.082	0.0	0.124	0.102	0.121	0.0	0.14	0.0	0.029	0.138	0.056	0.081	0.067	0.072	0.105	0.084	0.115	0.108	0.071	0.114	0.14	0.125	0.081	0.042	0.0	0.081	0.066	0.07	0.032	0.04	0.08	0.047	0.047	0.053	0.0	
Chromosome	6869289	T	G	0.16	0.19	0.136	0.137	0.143	0.227	0.258	0.224	0.246	0.08	0.201	0.159	0.192	0.123	0.185	0.232	0.236	0.115	0.135	0.133	0.192	0.199	0.118	0.08	0.133	0.132	0.196	0.178	0.126	0.144	0.107	0.201	0.168	0.158	0.208	0.0	0.235	0.195	0.21	0.0	0.265	0.009	0.096	0.223	0.141	0.135	0.18	0.194	0.211	0.192	0.223	0.245	0.165	0.226	0.279	0.25	0.191	0.14	0.0	0.183	0.155	0.206	0.114	0.111	0.207	0.147	0.142	0.172	0.0	
Chromosome	6869292	T	G	0.107	0.129	0.038	0.029	0.086	0.144	0.172	0.169	0.123	0.022	0.111	0.101	0.147	0.059	0.117	0.156	0.204	0.033	0.043	0.063	0.118	0.057	0.062	0.045	0.038	0.042	0.121	0.084	0.037	0.041	0.023	0.107	0.074	0.103	0.101	0.0	0.148	0.138	0.15	0.0	0.193	0.0	0.023	0.188	0.099	0.054	0.104	0.139	0.123	0.108	0.149	0.179	0.132	0.147	0.169	0.047	0.041	0.024	0.0	0.125	0.103	0.11	0.035	0.05	0.161	0.085	0.097	0.099	0.007	
Chromosome	6923330	T	G	0.29	0.383	0.472	0.587	0.472	0.467	0.396	0.397	0.427	0.253	0.352	0.347	0.411	0.365	0.397	0.421	0.319	0.333	0.374	0.324	0.39	0.423	0.307	0.372	0.351	0.382	0.258	0.264	0.271	0.46	0.412	0.466	0.31	0.292	0.261	0.0	0.392	0.372	0.322	0.0	0.42	0.006	0.265	0.283	0.261	0.294	0.261	0.339	0.411	0.474	0.417	0.493	0.376	0.471	0.507	0.588	0.413	0.437	0.0	0.261	0.3	0.279	0.36	0.294	0.352	0.236	0.273	0.232	0.014	
Chromosome	6923341	A	C	0.214	0.287	0.229	0.2	0.292	0.325	0.274	0.226	0.249	0.074	0.236	0.254	0.324	0.235	0.237	0.226	0.27	0.153	0.106	0.121	0.286	0.158	0.146	0.105	0.158	0.147	0.135	0.148	0.098	0.25	0.206	0.241	0.175	0.178	0.203	0.005	0.244	0.272	0.234	0.016	0.305	0.0	0.129	0.2	0.204	0.193	0.187	0.184	0.259	0.301	0.315	0.324	0.258	0.296	0.358	0.256	0.187	0.196	0.0	0.218	0.216	0.204	0.145	0.146	0.206	0.173	0.194	0.206	0.006	
Chromosome	6954061	T	G	0.054	0.16	0.117	0.153	0.127	0.162	0.168	0.162	0.159	0.025	0.179	0.156	0.113	0.081	0.112	0.12	0.129	0.065	0.076	0.033	0.122	0.096	0.069	0.07	0.086	0.084	0.033	0.063	0.048	0.12	0.087	0.144	0.092	0.057	0.045	0.0	0.105	0.083	0.11	0.0	0.112	0.0	0.059	0.122	0.061	0.036	0.05	0.186	0.156	0.194	0.148	0.131	0.102	0.128	0.221	0.143	0.099	0.121	0.0	0.078	0.067	0.039	0.052	0.061	0.06	0.069	0.044	0.047	0.006	
