chromosome	pos	ref	mut	APAW	CycloB	CycloA	CycloC	Ana1	BedA	BedB	BedC	BedD	CipA	CipB	CipC	CLFA	CLFB	CLFC	CombA2	CombA3	CombA	CombAu1	CombAu3	CombAu5	CombB	CombC	EMBA	EMBB	EMBC	INH1	INH2	INHA	LzdA	LzdB	LzdC	M91	M92	M9B	MA_F1	MA_F2	MA_F3	MA_H1	MA_H2	MA_H3	MA_S1	MA_S2	MA_S3	MMCA	MMCB	MMCC	MockA	MockB	MockC	MockD	MockE	MockF	MockG	MockH	MockI	MockJ	MockK	MockL	NANOA	NANOB	NANOC	RIFA	RIFB	RIFC	UV1	UV2	UV3	WT_Msm
Chromosome	35052	T	A	0.163	0.175	0.368	0.083	0.091	0.242	0.257	0.277	0.177	0.232	0.177	0.209	0.115	0.113	0.073	0.151	0.184	0.247	0.289	0.267	0.205	0.29	0.208	0.108	0.181	0.104	0.218	0.185	0.139	0.147	0.169	0.329	0.221	0.211	0.163	0.0	0.26	0.183	0.219	0.0	0.192	0.0	0.12	0.241	0.185	0.197	0.212	0.289	0.279	0.258	0.315	0.289	0.326	0.392	0.299	0.25	0.2	0.169	0.0	0.206	0.186	0.142	0.125	0.073	0.244	0.153	0.224	0.168	0.0	
Chromosome	64992	T	G	0.148	0.188	0.257	0.17	0.15	0.294	0.305	0.25	0.251	0.171	0.238	0.23	0.174	0.157	0.208	0.27	0.26	0.276	0.337	0.376	0.369	0.325	0.306	0.184	0.168	0.178	0.136	0.128	0.12	0.298	0.246	0.302	0.176	0.125	0.14	0.028	0.22	0.283	0.287	0.022	0.29	0.015	0.195	0.228	0.193	0.177	0.154	0.349	0.34	0.421	0.366	0.394	0.373	0.364	0.368	0.222	0.261	0.27	0.006	0.189	0.15	0.113	0.23	0.221	0.22	0.121	0.148	0.162	0.067	
Chromosome	65001	A	C	0.148	0.254	0.23	0.219	0.099	0.358	0.298	0.298	0.303	0.251	0.247	0.336	0.211	0.201	0.171	0.294	0.235	0.371	0.396	0.439	0.471	0.317	0.361	0.232	0.221	0.235	0.163	0.164	0.131	0.226	0.254	0.251	0.248	0.182	0.174	0.0	0.255	0.25	0.265	0.007	0.304	0.0	0.172	0.219	0.208	0.158	0.185	0.345	0.429	0.337	0.325	0.398	0.336	0.387	0.371	0.324	0.272	0.256	0.0	0.119	0.196	0.172	0.242	0.174	0.21	0.17	0.17	0.152	0.0	
Chromosome	114889	T	G	0.065	0.093	0.062	0.07	0.027	0.138	0.104	0.117	0.076	0.09	0.105	0.138	0.039	0.047	0.062	0.064	0.093	0.057	0.119	0.145	0.168	0.101	0.11	0.036	0.05	0.078	0.053	0.066	0.037	0.064	0.06	0.084	0.058	0.042	0.039	0.009	0.134	0.088	0.12	0.0	0.197	0.0	0.096	0.166	0.063	0.096	0.055	0.11	0.181	0.164	0.138	0.157	0.115	0.171	0.114	0.057	0.1	0.056	0.005	0.047	0.041	0.024	0.07	0.071	0.079	0.066	0.053	0.092	0.0	
Chromosome	202859	T	G	0.083	0.214	0.162	0.104	0.051	0.274	0.259	0.214	0.199	0.119	0.11	0.157	0.151	0.094	0.058	0.216	0.256	0.359	0.195	0.268	0.15	0.217	0.226	0.1	0.095	0.139	0.104	0.087	0.097	0.212	0.208	0.194	0.071	0.081	0.095	0.0	0.177	0.09	0.147	0.006	0.184	0.0	0.16	0.145	0.11	0.102	0.108	0.26	0.241	0.241	0.266	0.281	0.199	0.275	0.281	0.2	0.196	0.23	0.005	0.089	0.13	0.089	0.103	0.143	0.131	0.089	0.077	0.063	0.013	
Chromosome	232477	T	C	0.0	0.093	0.0	0.0	0.0	0.0	0.0	0.0	0.0	0.0	0.0	0.005	0.0	0.0	0.0	0.0	0.0	0.0	0.0	0.0	0.0	0.0	0.0	0.0	0.0	0.0	0.0	0.0	0.0	0.0	0.0	0.0	0.003	0.0	0.0	0.0	0.0	0.0	0.0	0.0	0.0	0.0	0.0	0.0	0.0	0.0	0.0	0.0	0.0	0.0	0.006	0.0	0.0	0.0	0.0	0.0	0.0	0.0	0.0	0.0	0.0	0.0	0.0	0.0	0.0	0.0	0.0	0.0	0.0	
Chromosome	249685	T	G	0.142	0.204	0.219	0.211	0.141	0.373	0.327	0.294	0.225	0.256	0.203	0.226	0.188	0.19	0.165	0.264	0.302	0.259	0.252	0.416	0.333	0.319	0.35	0.199	0.234	0.165	0.121	0.144	0.089	0.276	0.245	0.207	0.155	0.146	0.125	0.0	0.23	0.227	0.235	0.0	0.19	0.029	0.196	0.23	0.139	0.123	0.12	0.357	0.331	0.375	0.236	0.362	0.324	0.324	0.435	0.344	0.255	0.217	0.0	0.137	0.141	0.121	0.219	0.157	0.229	0.175	0.132	0.127	0.0	
Chromosome	272784	T	G	0.066	0.158	0.129	0.069	0.048	0.212	0.156	0.189	0.151	0.144	0.142	0.099	0.063	0.084	0.104	0.139	0.161	0.104	0.21	0.22	0.163	0.163	0.154	0.098	0.069	0.071	0.037	0.082	0.048	0.146	0.157	0.156	0.077	0.046	0.036	0.004	0.132	0.122	0.158	0.0	0.117	0.0	0.104	0.164	0.035	0.046	0.067	0.176	0.241	0.195	0.169	0.182	0.208	0.213	0.156	0.235	0.159	0.11	0.0	0.05	0.055	0.06	0.063	0.063	0.077	0.046	0.051	0.046	0.0	
Chromosome	280796	A	C	0.048	0.15	0.257	0.09	0.038	0.152	0.182	0.143	0.132	0.169	0.117	0.165	0.078	0.089	0.103	0.148	0.248	0.25	0.156	0.24	0.196	0.127	0.165	0.09	0.11	0.071	0.021	0.037	0.049	0.222	0.153	0.281	0.061	0.038	0.048	0.0	0.138	0.161	0.197	0.007	0.076	0.0	0.061	0.091	0.07	0.058	0.064	0.275	0.251	0.191	0.286	0.227	0.206	0.21	0.115	0.229	0.182	0.182	0.0	0.042	0.062	0.078	0.047	0.123	0.114	0.072	0.055	0.055	0.0	
Chromosome	316888	C	G	0.151	0.241	0.199	0.17	0.123	0.167	0.181	0.15	0.233	0.15	0.121	0.144	0.228	0.165	0.092	0.234	0.229	0.175	0.159	0.186	0.214	0.173	0.212	0.214	0.156	0.164	0.126	0.124	0.197	0.213	0.192	0.149	0.173	0.119	0.143	0.052	0.117	0.176	0.192	0.065	0.171	0.048	0.194	0.173	0.176	0.135	0.163	0.152	0.196	0.234	0.154	0.198	0.206	0.174	0.186	0.305	0.302	0.229	0.064	0.157	0.152	0.132	0.174	0.175	0.159	0.122	0.142	0.152	0.021	
Chromosome	341871	T	G	0.094	0.141	0.173	0.114	0.028	0.15	0.212	0.159	0.192	0.132	0.17	0.12	0.112	0.081	0.08	0.096	0.148	0.165	0.212	0.2	0.232	0.189	0.209	0.103	0.076	0.098	0.043	0.062	0.082	0.108	0.157	0.176	0.062	0.092	0.074	0.005	0.13	0.13	0.142	0.0	0.099	0.0	0.099	0.103	0.099	0.097	0.074	0.168	0.214	0.198	0.226	0.231	0.182	0.195	0.228	0.105	0.125	0.117	0.004	0.092	0.084	0.045	0.099	0.08	0.137	0.087	0.121	0.047	0.005	
Chromosome	405379	T	G	0.035	0.093	0.129	0.018	0.01	0.1	0.07	0.158	0.053	0.072	0.072	0.06	0.02	0.029	0.03	0.071	0.093	0.069	0.075	0.118	0.076	0.092	0.06	0.052	0.019	0.023	0.006	0.029	0.03	0.083	0.082	0.139	0.029	0.016	0.0	0.0	0.032	0.088	0.048	0.012	0.048	0.0	0.032	0.067	0.037	0.028	0.026	0.087	0.104	0.092	0.125	0.119	0.062	0.135	0.169	0.055	0.104	0.06	0.005	0.031	0.036	0.024	0.029	0.035	0.032	0.06	0.025	0.023	0.006	
Chromosome	560472	T	G	0.128	0.245	0.206	0.12	0.048	0.259	0.304	0.276	0.242	0.24	0.261	0.274	0.128	0.103	0.093	0.193	0.213	0.289	0.248	0.238	0.259	0.295	0.26	0.118	0.091	0.082	0.085	0.097	0.112	0.174	0.241	0.24	0.102	0.129	0.116	0.006	0.176	0.186	0.155	0.0	0.272	0.005	0.148	0.209	0.144	0.133	0.14	0.208	0.225	0.238	0.165	0.278	0.239	0.226	0.229	0.277	0.228	0.207	0.004	0.144	0.131	0.085	0.092	0.113	0.164	0.087	0.128	0.102	0.006	
Chromosome	702177	T	G	0.091	0.119	0.159	0.09	0.074	0.233	0.175	0.217	0.166	0.159	0.168	0.17	0.125	0.129	0.114	0.171	0.216	0.172	0.141	0.124	0.151	0.166	0.159	0.132	0.142	0.1	0.139	0.081	0.102	0.178	0.121	0.193	0.128	0.098	0.101	0.0	0.128	0.186	0.205	0.0	0.178	0.0	0.101	0.183	0.108	0.117	0.135	0.144	0.164	0.111	0.154	0.136	0.187	0.173	0.134	0.294	0.184	0.156	0.0	0.095	0.131	0.128	0.09	0.115	0.117	0.094	0.094	0.096	0.007	
Chromosome	706107	T	G	0.049	0.143	0.116	0.069	0.025	0.1	0.131	0.153	0.13	0.081	0.09	0.158	0.049	0.09	0.049	0.155	0.169	0.122	0.149	0.164	0.133	0.159	0.148	0.068	0.11	0.054	0.053	0.034	0.049	0.108	0.12	0.161	0.054	0.049	0.03	0.0	0.112	0.108	0.098	0.006	0.12	0.0	0.078	0.083	0.038	0.072	0.047	0.115	0.113	0.176	0.153	0.167	0.132	0.189	0.148	0.17	0.141	0.126	0.005	0.058	0.068	0.062	0.06	0.058	0.095	0.054	0.061	0.098	0.0	
Chromosome	706123	T	G	0.145	0.172	0.209	0.167	0.094	0.195	0.196	0.2	0.155	0.187	0.222	0.226	0.158	0.104	0.112	0.173	0.132	0.2	0.212	0.221	0.237	0.163	0.243	0.155	0.149	0.15	0.167	0.092	0.128	0.159	0.108	0.251	0.16	0.141	0.143	0.0	0.209	0.181	0.209	0.006	0.205	0.005	0.114	0.151	0.106	0.158	0.138	0.219	0.212	0.236	0.263	0.204	0.225	0.25	0.253	0.205	0.168	0.171	0.005	0.139	0.15	0.164	0.11	0.167	0.186	0.162	0.134	0.171	0.007	
Chromosome	706125	T	G	0.052	0.107	0.107	0.059	0.039	0.124	0.147	0.128	0.069	0.085	0.11	0.069	0.086	0.053	0.068	0.065	0.101	0.149	0.109	0.117	0.136	0.095	0.154	0.075	0.086	0.046	0.055	0.036	0.054	0.094	0.06	0.164	0.061	0.056	0.048	0.0	0.077	0.092	0.105	0.0	0.106	0.005	0.033	0.115	0.064	0.032	0.049	0.117	0.131	0.148	0.216	0.108	0.126	0.144	0.147	0.133	0.106	0.098	0.005	0.038	0.07	0.055	0.047	0.068	0.08	0.056	0.046	0.064	0.0	
Chromosome	725022	T	G	0.027	0.214	0.149	0.061	0.019	0.113	0.078	0.131	0.196	0.079	0.117	0.123	0.071	0.061	0.04	0.154	0.129	0.089	0.065	0.157	0.111	0.118	0.159	0.057	0.037	0.044	0.043	0.028	0.054	0.196	0.161	0.093	0.018	0.03	0.034	0.0	0.123	0.077	0.115	0.0	0.096	0.005	0.109	0.089	0.024	0.018	0.046	0.151	0.185	0.131	0.116	0.118	0.146	0.115	0.144	0.288	0.192	0.166	0.005	0.037	0.048	0.045	0.047	0.063	0.054	0.035	0.052	0.027	0.012	
Chromosome	725025	C	G	0.076	0.172	0.132	0.102	0.02	0.107	0.154	0.178	0.187	0.127	0.186	0.176	0.108	0.106	0.071	0.156	0.164	0.078	0.123	0.133	0.168	0.125	0.236	0.058	0.08	0.072	0.047	0.085	0.083	0.181	0.154	0.114	0.067	0.059	0.043	0.0	0.136	0.098	0.142	0.0	0.155	0.0	0.189	0.114	0.077	0.05	0.062	0.157	0.216	0.162	0.157	0.2	0.244	0.138	0.154	0.315	0.24	0.16	0.005	0.077	0.073	0.055	0.087	0.098	0.075	0.08	0.073	0.073	0.0	
Chromosome	725030	A	G	0.087	0.158	0.151	0.106	0.059	0.133	0.122	0.196	0.147	0.167	0.149	0.171	0.103	0.094	0.045	0.173	0.143	0.092	0.114	0.178	0.157	0.142	0.192	0.088	0.096	0.093	0.107	0.092	0.111	0.125	0.15	0.115	0.103	0.083	0.07	0.0	0.146	0.122	0.17	0.005	0.146	0.005	0.145	0.112	0.097	0.096	0.098	0.147	0.154	0.145	0.12	0.159	0.215	0.11	0.168	0.226	0.2	0.119	0.0	0.087	0.088	0.115	0.09	0.119	0.152	0.102	0.117	0.108	0.006	
Chromosome	725042	A	C	0.132	0.17	0.209	0.181	0.077	0.2	0.168	0.253	0.198	0.235	0.194	0.193	0.144	0.11	0.147	0.196	0.111	0.104	0.183	0.243	0.208	0.214	0.314	0.148	0.156	0.094	0.156	0.147	0.131	0.145	0.167	0.215	0.112	0.132	0.113	0.0	0.228	0.188	0.209	0.0	0.23	0.0	0.161	0.164	0.117	0.124	0.141	0.229	0.256	0.231	0.203	0.229	0.351	0.225	0.184	0.185	0.216	0.178	0.01	0.161	0.16	0.114	0.119	0.193	0.186	0.119	0.129	0.157	0.0	
Chromosome	765879	A	C	0.09	0.147	0.179	0.087	0.084	0.175	0.154	0.191	0.138	0.144	0.165	0.167	0.129	0.092	0.118	0.118	0.182	0.153	0.198	0.165	0.175	0.143	0.172	0.098	0.089	0.106	0.071	0.096	0.091	0.114	0.122	0.141	0.078	0.09	0.051	0.0	0.138	0.157	0.185	0.005	0.183	0.0	0.112	0.134	0.059	0.106	0.076	0.153	0.172	0.145	0.144	0.155	0.158	0.2	0.224	0.193	0.157	0.113	0.0	0.075	0.084	0.08	0.102	0.116	0.11	0.08	0.088	0.075	0.013	
Chromosome	767473	T	G	0.075	0.143	0.187	0.07	0.066	0.231	0.265	0.273	0.117	0.196	0.156	0.184	0.078	0.103	0.072	0.157	0.143	0.213	0.266	0.276	0.232	0.31	0.256	0.131	0.103	0.078	0.132	0.105	0.119	0.178	0.136	0.164	0.132	0.12	0.134	0.0	0.201	0.245	0.229	0.006	0.164	0.006	0.103	0.194	0.128	0.104	0.107	0.248	0.274	0.25	0.295	0.293	0.336	0.273	0.248	0.143	0.203	0.137	0.026	0.114	0.099	0.114	0.106	0.087	0.152	0.12	0.111	0.115	0.0	
Chromosome	787989	C	CG	0.007	0.009	0.013	0.0	0.005	0.026	0.034	0.046	0.008	0.005	0.021	0.0	0.0	0.004	0.0	0.022	0.016	0.02	0.031	0.053	0.055	0.016	0.052	0.01	0.005	0.005	0.008	0.02	0.01	0.022	0.021	0.054	0.02	0.024	0.015	0.0	0.027	0.021	0.021	0.0	0.033	0.0	0.008	0.023	0.015	0.023	0.022	0.02	0.043	0.038	0.052	0.02	0.038	0.039	0.031	0.0	0.015	0.004	0.0	0.01	0.012	0.003	0.012	0.016	0.01	0.028	0.018	0.007	0.0	
Chromosome	787995	G	C	0.0	0.0	0.0	0.0	0.0	0.0	0.0	0.008	0.0	0.0	0.0	0.012	0.0	0.0	0.0	0.0	0.0	0.0	0.023	0.0	0.0	0.008	0.017	0.0	0.0	0.0	0.004	0.0	0.0	0.0	0.0	0.0	0.004	0.0	0.0	0.0	0.004	0.005	0.0	0.0	0.005	0.005	0.0	0.006	0.004	0.0	0.005	0.0	0.0	0.0	0.0	0.007	0.0	0.0	0.008	0.0	0.006	0.0	0.0	0.003	0.0	0.003	0.009	0.0	0.005	0.0	0.003	0.007	0.0	
Chromosome	787998	G	C	0.102	0.037	0.112	0.109	0.079	0.134	0.132	0.178	0.056	0.094	0.139	0.092	0.094	0.13	0.136	0.083	0.097	0.077	0.14	0.149	0.125	0.081	0.083	0.115	0.119	0.126	0.112	0.124	0.105	0.077	0.076	0.097	0.119	0.115	0.105	0.0	0.128	0.141	0.092	0.0	0.137	0.0	0.11	0.08	0.138	0.155	0.143	0.111	0.093	0.135	0.145	0.109	0.117	0.044	0.129	0.0	0.043	0.057	0.0	0.121	0.135	0.114	0.067	0.048	0.099	0.166	0.135	0.151	0.0	
Chromosome	857617	A	C	0.066	0.143	0.165	0.074	0.03	0.095	0.149	0.119	0.101	0.137	0.126	0.114	0.096	0.087	0.076	0.138	0.165	0.128	0.114	0.159	0.105	0.134	0.185	0.095	0.067	0.086	0.056	0.083	0.047	0.163	0.08	0.189	0.049	0.059	0.049	0.005	0.131	0.148	0.118	0.0	0.141	0.005	0.049	0.119	0.11	0.086	0.079	0.096	0.115	0.072	0.122	0.125	0.142	0.168	0.128	0.137	0.16	0.131	0.0	0.062	0.068	0.055	0.074	0.097	0.102	0.061	0.069	0.056	0.0	
Chromosome	919065	A	G	0.0	0.365	0.0	0.0	0.0	0.0	0.0	0.0	0.0	0.0	0.0	0.0	0.0	0.0	0.0	0.0	0.0	0.0	0.0	0.0	0.0	0.0	0.0	0.0	0.0	0.0	0.0	0.0	0.0	0.0	0.0	0.0	0.0	0.0	0.0	0.0	0.0	0.0	0.0	0.0	0.0	0.0	0.0	0.0	0.0	0.0	0.0	0.0	0.0	0.0	0.006	0.0	0.0	0.0	0.0	0.0	0.0	0.0	0.0	0.0	0.0	0.0	0.0	0.0	0.0	0.0	0.0	0.0	0.0	
Chromosome	1285640	A	C	0.213	0.133	0.259	0.178	0.126	0.213	0.14	0.205	0.128	0.155	0.202	0.194	0.191	0.194	0.136	0.089	0.082	0.19	0.151	0.181	0.226	0.195	0.168	0.13	0.116	0.115	0.201	0.163	0.145	0.133	0.113	0.245	0.145	0.205	0.193	0.0	0.217	0.199	0.143	0.006	0.217	0.0	0.169	0.272	0.155	0.172	0.162	0.278	0.244	0.265	0.203	0.234	0.233	0.244	0.121	0.156	0.099	0.105	0.0	0.182	0.182	0.177	0.146	0.205	0.156	0.142	0.163	0.18	0.007	
Chromosome	1285643	G	C	0.285	0.093	0.266	0.13	0.114	0.264	0.177	0.183	0.09	0.192	0.231	0.236	0.109	0.109	0.114	0.075	0.065	0.244	0.228	0.22	0.266	0.241	0.228	0.135	0.094	0.082	0.253	0.232	0.092	0.041	0.052	0.253	0.244	0.226	0.259	0.0	0.179	0.282	0.151	0.0	0.232	0.0	0.067	0.269	0.256	0.255	0.257	0.305	0.242	0.282	0.236	0.236	0.253	0.192	0.189	0.071	0.081	0.043	0.0	0.238	0.236	0.202	0.09	0.151	0.219	0.175	0.246	0.261	0.0	
Chromosome	1285644	T	G	0.256	0.1	0.244	0.175	0.1	0.225	0.195	0.2	0.073	0.23	0.295	0.271	0.187	0.132	0.109	0.05	0.077	0.286	0.165	0.22	0.272	0.216	0.172	0.173	0.124	0.139	0.243	0.233	0.122	0.055	0.065	0.277	0.237	0.292	0.313	0.0	0.222	0.298	0.201	0.0	0.278	0.0	0.075	0.305	0.234	0.233	0.272	0.238	0.24	0.284	0.218	0.254	0.268	0.225	0.148	0.073	0.074	0.033	0.0	0.226	0.259	0.23	0.112	0.185	0.256	0.249	0.262	0.269	0.0	
Chromosome	1341535	T	TGG	0.0	0.0	0.0	0.0	0.0	0.0	0.0	0.0	0.0	0.0	0.0	0.0	0.0	0.0	0.0	0.0	0.0	0.0	0.0	0.0	0.0	0.0	0.0	0.0	0.0	0.0	0.0	0.0	0.0	0.0	0.0	0.0	0.0	0.0	0.0	0.0	0.0	0.0	0.0	0.0	0.0	0.0	0.0	0.0	0.0	0.0	0.0	0.0	0.0	0.0	0.0	0.0	0.0	0.0	0.0	0.0	0.0	0.0	0.0	0.0	0.0	0.0	0.0	0.0	0.0	0.0	0.0	0.0	0.0	
Chromosome	1341536	C	CTCTTCGCACTTGACGGTGTAGA	0.0	0.0	0.0	0.0	0.0	0.0	0.0	0.0	0.0	0.0	0.0	0.0	0.0	0.0	0.0	0.0	0.0	0.0	0.0	0.0	0.0	0.0	0.0	0.0	0.0	0.0	0.0	0.0	0.0	0.0	0.0	0.0	0.0	0.0	0.0	0.0	0.0	0.0	0.0	0.0	0.0	0.0	0.0	0.0	0.0	0.0	0.0	0.0	0.0	0.0	0.0	0.0	0.0	0.0	0.0	0.0	0.0	0.0	0.0	0.0	0.0	0.0	0.0	0.0	0.0	0.0	0.0	0.0	0.0	
Chromosome	1370349	A	C	0.087	0.18	0.252	0.083	0.038	0.231	0.26	0.219	0.194	0.188	0.209	0.158	0.126	0.105	0.086	0.231	0.207	0.2	0.243	0.292	0.274	0.281	0.226	0.144	0.111	0.091	0.078	0.12	0.086	0.184	0.182	0.217	0.131	0.096	0.083	0.006	0.173	0.124	0.163	0.006	0.235	0.006	0.112	0.242	0.103	0.094	0.106	0.253	0.214	0.237	0.273	0.227	0.184	0.24	0.243	0.229	0.258	0.169	0.0	0.1	0.117	0.081	0.139	0.115	0.159	0.099	0.126	0.131	0.008	
Chromosome	1480913	A	T	0.063	0.056	0.067	0.032	0.06	0.054	0.073	0.079	0.061	0.028	0.048	0.072	0.033	0.027	0.034	0.021	0.083	0.059	0.051	0.039	0.07	0.059	0.041	0.048	0.033	0.038	0.088	0.078	0.098	0.05	0.03	0.062	0.065	0.077	0.089	0.0	0.064	0.086	0.1	0.0	0.062	0.0	0.066	0.058	0.037	0.089	0.086	0.085	0.055	0.027	0.048	0.074	0.04	0.022	0.057	0.0	0.016	0.027	0.0	0.061	0.047	0.058	0.026	0.043	0.069	0.06	0.066	0.049	0.0	
Chromosome	1574107	A	C	0.078	0.16	0.126	0.1	0.025	0.151	0.165	0.22	0.183	0.119	0.109	0.136	0.113	0.079	0.104	0.146	0.105	0.155	0.205	0.203	0.301	0.254	0.195	0.065	0.076	0.109	0.065	0.087	0.043	0.2	0.173	0.149	0.083	0.057	0.057	0.0	0.137	0.12	0.094	0.006	0.144	0.0	0.038	0.102	0.085	0.059	0.074	0.152	0.261	0.196	0.167	0.156	0.234	0.283	0.277	0.123	0.119	0.155	0.0	0.077	0.088	0.058	0.102	0.09	0.114	0.071	0.091	0.067	0.0	
Chromosome	1574114	T	G	0.158	0.16	0.211	0.177	0.177	0.245	0.262	0.197	0.219	0.177	0.218	0.18	0.146	0.167	0.224	0.26	0.312	0.263	0.298	0.318	0.274	0.299	0.268	0.204	0.179	0.144	0.135	0.095	0.16	0.214	0.232	0.183	0.194	0.142	0.113	0.005	0.135	0.168	0.213	0.012	0.128	0.006	0.156	0.213	0.154	0.128	0.178	0.29	0.281	0.365	0.298	0.309	0.315	0.302	0.293	0.125	0.192	0.237	0.011	0.142	0.13	0.149	0.171	0.201	0.155	0.132	0.118	0.134	0.007	
Chromosome	1613646	T	G	0.081	0.126	0.113	0.1	0.048	0.123	0.147	0.161	0.129	0.068	0.116	0.024	0.07	0.099	0.086	0.139	0.168	0.099	0.103	0.123	0.114	0.183	0.072	0.101	0.079	0.104	0.064	0.097	0.088	0.153	0.13	0.114	0.083	0.053	0.063	0.005	0.144	0.079	0.095	0.0	0.077	0.005	0.049	0.08	0.044	0.077	0.086	0.211	0.118	0.176	0.167	0.172	0.149	0.136	0.113	0.192	0.16	0.147	0.0	0.058	0.062	0.078	0.088	0.074	0.124	0.09	0.07	0.08	0.0	
Chromosome	1613654	T	A	0.145	0.155	0.179	0.105	0.081	0.123	0.175	0.184	0.126	0.069	0.161	0.089	0.117	0.091	0.113	0.106	0.143	0.133	0.14	0.173	0.16	0.153	0.072	0.093	0.083	0.091	0.103	0.147	0.11	0.135	0.144	0.149	0.135	0.102	0.118	0.0	0.118	0.094	0.111	0.0	0.063	0.0	0.089	0.115	0.106	0.117	0.135	0.16	0.139	0.121	0.135	0.167	0.122	0.165	0.163	0.217	0.13	0.138	0.0	0.148	0.143	0.121	0.102	0.066	0.187	0.126	0.123	0.095	0.0	
Chromosome	1653614	A	C	0.089	0.265	0.17	0.12	0.065	0.183	0.177	0.299	0.221	0.171	0.171	0.103	0.149	0.113	0.143	0.274	0.23	0.156	0.213	0.237	0.258	0.285	0.215	0.116	0.15	0.098	0.104	0.083	0.088	0.163	0.2	0.206	0.1	0.124	0.084	0.0	0.157	0.147	0.142	0.0	0.129	0.0	0.147	0.101	0.096	0.107	0.117	0.276	0.233	0.304	0.232	0.306	0.234	0.3	0.215	0.2	0.223	0.222	0.0	0.127	0.113	0.072	0.159	0.139	0.124	0.102	0.085	0.101	0.0	
Chromosome	1732122	A	C	0.035	0.089	0.082	0.05	0.03	0.084	0.077	0.084	0.08	0.078	0.072	0.039	0.062	0.081	0.057	0.115	0.112	0.09	0.109	0.054	0.081	0.103	0.083	0.034	0.057	0.039	0.013	0.038	0.041	0.107	0.116	0.13	0.041	0.025	0.033	0.005	0.092	0.065	0.07	0.0	0.07	0.0	0.031	0.073	0.028	0.041	0.044	0.113	0.09	0.108	0.17	0.062	0.07	0.087	0.091	0.04	0.106	0.097	0.006	0.038	0.052	0.032	0.043	0.038	0.066	0.024	0.029	0.063	0.008	
Chromosome	1747181	A	C	0.204	0.237	0.276	0.211	0.076	0.266	0.2	0.246	0.254	0.23	0.309	0.291	0.167	0.192	0.154	0.206	0.258	0.296	0.224	0.262	0.277	0.248	0.254	0.13	0.184	0.13	0.219	0.168	0.162	0.226	0.286	0.262	0.198	0.172	0.223	0.005	0.203	0.212	0.29	0.006	0.317	0.006	0.2	0.25	0.224	0.267	0.184	0.301	0.268	0.342	0.298	0.302	0.312	0.215	0.269	0.256	0.182	0.26	0.0	0.209	0.226	0.179	0.16	0.197	0.231	0.16	0.188	0.158	0.007	
Chromosome	1747187	A	C	0.098	0.254	0.177	0.118	0.064	0.178	0.125	0.134	0.268	0.138	0.176	0.167	0.115	0.104	0.125	0.242	0.311	0.165	0.172	0.196	0.217	0.176	0.242	0.095	0.069	0.123	0.118	0.06	0.128	0.2	0.232	0.236	0.093	0.086	0.072	0.0	0.138	0.163	0.19	0.0	0.2	0.0	0.175	0.142	0.112	0.12	0.099	0.22	0.206	0.212	0.274	0.232	0.234	0.182	0.248	0.182	0.25	0.213	0.0	0.084	0.132	0.086	0.145	0.126	0.126	0.083	0.117	0.068	0.0	
Chromosome	1763066	T	G	0.31	0.43	0.31	0.351	0.263	0.365	0.383	0.392	0.475	0.358	0.25	0.368	0.362	0.368	0.427	0.459	0.433	0.5	0.453	0.466	0.464	0.393	0.451	0.351	0.373	0.364	0.307	0.29	0.315	0.482	0.488	0.259	0.309	0.23	0.249	0.0	0.375	0.35	0.368	0.0	0.406	0.0	0.383	0.351	0.283	0.278	0.257	0.308	0.46	0.481	0.577	0.449	0.367	0.274	0.348	0.37	0.5	0.55	0.005	0.34	0.3	0.254	0.349	0.33	0.368	0.297	0.278	0.279	0.0	
Chromosome	1777808	T	G	0.136	0.269	0.256	0.151	0.099	0.308	0.231	0.302	0.225	0.17	0.172	0.188	0.197	0.152	0.117	0.255	0.298	0.209	0.274	0.294	0.347	0.333	0.294	0.161	0.188	0.14	0.151	0.125	0.154	0.254	0.219	0.216	0.156	0.201	0.117	0.0	0.273	0.225	0.242	0.0	0.231	0.0	0.195	0.275	0.143	0.2	0.164	0.257	0.379	0.277	0.347	0.309	0.355	0.407	0.326	0.425	0.321	0.291	0.014	0.162	0.16	0.126	0.166	0.14	0.204	0.128	0.145	0.141	0.0	
Chromosome	1777813	T	G	0.226	0.19	0.249	0.225	0.168	0.269	0.253	0.331	0.182	0.259	0.266	0.28	0.226	0.243	0.179	0.185	0.263	0.25	0.276	0.271	0.349	0.337	0.257	0.237	0.221	0.19	0.269	0.273	0.161	0.161	0.168	0.281	0.23	0.259	0.193	0.004	0.286	0.299	0.278	0.0	0.328	0.005	0.206	0.35	0.223	0.335	0.237	0.299	0.314	0.305	0.335	0.327	0.391	0.387	0.38	0.273	0.235	0.207	0.0	0.232	0.204	0.2	0.237	0.182	0.32	0.224	0.23	0.221	0.006	
Chromosome	1777822	T	G	0.193	0.113	0.275	0.181	0.109	0.29	0.243	0.307	0.104	0.21	0.266	0.222	0.133	0.151	0.091	0.098	0.202	0.193	0.238	0.321	0.37	0.333	0.308	0.168	0.156	0.134	0.26	0.219	0.099	0.133	0.114	0.274	0.216	0.218	0.191	0.004	0.282	0.293	0.304	0.0	0.29	0.0	0.133	0.323	0.242	0.278	0.227	0.261	0.348	0.291	0.341	0.337	0.382	0.418	0.321	0.111	0.186	0.154	0.0	0.188	0.196	0.202	0.172	0.126	0.303	0.212	0.2	0.202	0.0	
Chromosome	1787487	T	G	0.139	0.261	0.234	0.157	0.062	0.315	0.247	0.187	0.22	0.223	0.221	0.225	0.131	0.193	0.117	0.223	0.176	0.24	0.181	0.238	0.304	0.275	0.243	0.106	0.13	0.146	0.14	0.115	0.136	0.212	0.187	0.249	0.162	0.14	0.196	0.0	0.194	0.233	0.197	0.006	0.223	0.006	0.18	0.216	0.156	0.156	0.167	0.191	0.237	0.241	0.227	0.211	0.196	0.221	0.255	0.212	0.259	0.203	0.006	0.154	0.16	0.174	0.179	0.128	0.239	0.144	0.158	0.127	0.007	
Chromosome	1924452	A	C	0.054	0.117	0.099	0.068	0.055	0.031	0.022	0.082	0.052	0.082	0.056	0.071	0.071	0.115	0.103	0.102	0.122	0.07	0.046	0.052	0.038	0.055	0.081	0.098	0.091	0.073	0.049	0.055	0.053	0.072	0.083	0.069	0.057	0.062	0.06	0.005	0.09	0.088	0.1	0.01	0.085	0.005	0.094	0.101	0.065	0.061	0.06	0.079	0.078	0.041	0.061	0.094	0.048	0.092	0.078	0.118	0.087	0.105	0.009	0.05	0.062	0.04	0.074	0.063	0.105	0.047	0.053	0.036	0.0	
Chromosome	1979870	T	G	0.143	0.167	0.299	0.102	0.072	0.285	0.246	0.26	0.197	0.258	0.212	0.302	0.121	0.169	0.157	0.207	0.135	0.276	0.297	0.294	0.187	0.25	0.197	0.126	0.168	0.2	0.139	0.142	0.088	0.19	0.188	0.18	0.173	0.143	0.118	0.005	0.249	0.198	0.159	0.0	0.201	0.0	0.121	0.218	0.143	0.177	0.15	0.285	0.248	0.372	0.386	0.282	0.264	0.338	0.255	0.167	0.24	0.283	0.0	0.127	0.144	0.093	0.131	0.142	0.188	0.125	0.134	0.141	0.011	
Chromosome	1990229	C	G	0.169	0.27	0.178	0.217	0.157	0.09	0.157	0.148	0.238	0.121	0.159	0.178	0.179	0.167	0.207	0.3	0.445	0.149	0.131	0.236	0.175	0.2	0.172	0.176	0.156	0.157	0.208	0.199	0.2	0.239	0.21	0.214	0.174	0.126	0.158	0.01	0.155	0.175	0.104	0.0	0.164	0.0	0.194	0.185	0.163	0.186	0.153	0.258	0.152	0.188	0.255	0.223	0.137	0.25	0.18	0.364	0.268	0.226	0.0	0.142	0.105	0.151	0.223	0.235	0.181	0.119	0.13	0.173	0.0	
Chromosome	1990230	T	G	0.273	0.412	0.288	0.314	0.246	0.261	0.315	0.262	0.302	0.307	0.271	0.252	0.281	0.292	0.323	0.37	0.492	0.31	0.27	0.333	0.316	0.339	0.276	0.256	0.299	0.292	0.314	0.319	0.286	0.296	0.277	0.31	0.302	0.289	0.283	0.0	0.266	0.281	0.28	0.0	0.28	0.0	0.295	0.357	0.274	0.387	0.294	0.344	0.282	0.417	0.377	0.43	0.347	0.393	0.297	0.424	0.37	0.294	0.005	0.282	0.271	0.273	0.318	0.36	0.31	0.28	0.309	0.334	0.0	
Chromosome	2025528	A	C	0.055	0.068	0.08	0.04	0.017	0.081	0.063	0.101	0.044	0.052	0.12	0.068	0.056	0.03	0.048	0.04	0.053	0.146	0.132	0.057	0.071	0.09	0.074	0.044	0.02	0.021	0.027	0.037	0.007	0.024	0.018	0.05	0.036	0.041	0.029	0.0	0.079	0.057	0.065	0.0	0.084	0.0	0.042	0.054	0.061	0.033	0.032	0.052	0.068	0.091	0.102	0.082	0.033	0.089	0.142	0.0	0.024	0.036	0.0	0.032	0.048	0.031	0.028	0.038	0.037	0.028	0.039	0.035	0.0	
Chromosome	2117027	C	G	0.041	0.293	0.151	0.15	0.06	0.147	0.089	0.204	0.243	0.114	0.086	0.089	0.135	0.143	0.092	0.333	0.284	0.206	0.196	0.136	0.294	0.214	0.109	0.095	0.137	0.155	0.048	0.066	0.095	0.236	0.265	0.17	0.056	0.089	0.072	0.0	0.117	0.152	0.1	0.0	0.125	0.005	0.182	0.094	0.079	0.047	0.087	0.156	0.183	0.228	0.216	0.202	0.146	0.233	0.237	0.325	0.275	0.318	0.0	0.06	0.075	0.065	0.106	0.099	0.069	0.091	0.091	0.077	0.0	
Chromosome	2117924	A	C	0.205	0.26	0.273	0.238	0.18	0.273	0.344	0.321	0.286	0.224	0.288	0.303	0.168	0.246	0.244	0.289	0.32	0.318	0.223	0.281	0.287	0.295	0.349	0.19	0.291	0.266	0.239	0.219	0.177	0.258	0.278	0.322	0.206	0.207	0.231	0.006	0.242	0.219	0.219	0.0	0.212	0.0	0.195	0.215	0.215	0.211	0.225	0.3	0.19	0.266	0.309	0.267	0.296	0.25	0.351	0.37	0.352	0.259	0.0	0.222	0.231	0.19	0.192	0.138	0.247	0.157	0.152	0.228	0.0	
Chromosome	2117927	T	G	0.145	0.129	0.226	0.129	0.172	0.202	0.237	0.252	0.161	0.169	0.2	0.253	0.165	0.182	0.166	0.152	0.149	0.218	0.221	0.261	0.13	0.225	0.208	0.179	0.185	0.214	0.187	0.209	0.123	0.145	0.146	0.245	0.176	0.233	0.234	0.0	0.295	0.212	0.213	0.0	0.236	0.0	0.081	0.157	0.173	0.205	0.197	0.22	0.183	0.225	0.271	0.167	0.234	0.225	0.247	0.079	0.182	0.149	0.0	0.197	0.183	0.173	0.163	0.117	0.214	0.167	0.163	0.197	0.0	
Chromosome	2140124	G	C	0.135	0.081	0.144	0.043	0.051	0.195	0.189	0.117	0.06	0.113	0.096	0.087	0.046	0.048	0.026	0.049	0.081	0.14	0.118	0.144	0.182	0.18	0.162	0.043	0.042	0.057	0.067	0.082	0.038	0.048	0.056	0.101	0.153	0.106	0.078	0.0	0.168	0.089	0.12	0.0	0.122	0.0	0.014	0.103	0.099	0.103	0.087	0.139	0.169	0.178	0.242	0.163	0.163	0.188	0.177	0.118	0.081	0.049	0.0	0.077	0.084	0.091	0.035	0.032	0.111	0.105	0.098	0.088	0.0	
Chromosome	2140126	T	G	0.198	0.11	0.211	0.124	0.058	0.17	0.165	0.229	0.083	0.206	0.218	0.208	0.185	0.144	0.108	0.072	0.088	0.185	0.142	0.184	0.191	0.229	0.201	0.144	0.149	0.103	0.125	0.196	0.099	0.063	0.076	0.16	0.19	0.158	0.142	0.005	0.205	0.177	0.179	0.006	0.164	0.0	0.076	0.227	0.145	0.139	0.196	0.216	0.227	0.176	0.227	0.176	0.224	0.137	0.205	0.118	0.107	0.061	0.011	0.165	0.16	0.136	0.156	0.114	0.159	0.177	0.142	0.139	0.013	
Chromosome	2154676	T	G	0.046	0.171	0.163	0.043	0.042	0.117	0.192	0.137	0.142	0.135	0.137	0.1	0.088	0.046	0.063	0.172	0.158	0.2	0.217	0.179	0.242	0.155	0.19	0.049	0.055	0.044	0.072	0.055	0.015	0.163	0.116	0.166	0.031	0.044	0.022	0.0	0.144	0.162	0.132	0.0	0.12	0.0	0.118	0.164	0.065	0.029	0.055	0.164	0.162	0.136	0.119	0.16	0.168	0.189	0.179	0.278	0.158	0.192	0.0	0.06	0.045	0.028	0.055	0.055	0.082	0.074	0.07	0.052	0.0	
Chromosome	2195100	T	G	0.089	0.129	0.199	0.151	0.085	0.124	0.186	0.12	0.178	0.192	0.205	0.162	0.186	0.129	0.143	0.174	0.151	0.198	0.141	0.22	0.198	0.168	0.155	0.145	0.137	0.179	0.112	0.094	0.09	0.15	0.143	0.184	0.114	0.142	0.121	0.0	0.156	0.119	0.225	0.0	0.156	0.005	0.149	0.074	0.142	0.103	0.093	0.132	0.184	0.188	0.225	0.17	0.144	0.201	0.16	0.14	0.164	0.128	0.0	0.119	0.12	0.141	0.158	0.131	0.204	0.109	0.116	0.088	0.007	
Chromosome	2335376	C	G	0.125	0.261	0.228	0.167	0.128	0.183	0.163	0.178	0.258	0.203	0.188	0.182	0.187	0.112	0.173	0.201	0.262	0.169	0.161	0.197	0.132	0.177	0.151	0.237	0.155	0.143	0.127	0.17	0.137	0.139	0.203	0.152	0.128	0.169	0.132	0.266	0.187	0.218	0.173	0.278	0.231	0.316	0.14	0.14	0.168	0.184	0.137	0.143	0.208	0.14	0.23	0.217	0.14	0.189	0.236	0.217	0.282	0.282	0.234	0.123	0.177	0.189	0.164	0.142	0.141	0.144	0.184	0.169	0.277	
Chromosome	2336707	A	T	0.013	0.101	0.043	0.012	0.0	0.061	0.101	0.057	0.052	0.038	0.05	0.052	0.01	0.005	0.01	0.037	0.026	0.062	0.067	0.048	0.077	0.062	0.07	0.013	0.014	0.004	0.018	0.018	0.009	0.035	0.048	0.056	0.018	0.022	0.018	0.0	0.028	0.05	0.015	0.0	0.014	0.0	0.039	0.042	0.01	0.035	0.022	0.027	0.126	0.08	0.067	0.106	0.026	0.088	0.087	0.087	0.066	0.049	0.0	0.022	0.019	0.012	0.02	0.015	0.042	0.014	0.025	0.018	0.0	
Chromosome	2351318	T	A	0.115	0.189	0.163	0.048	0.036	0.174	0.175	0.194	0.165	0.174	0.099	0.128	0.052	0.072	0.064	0.149	0.174	0.277	0.167	0.152	0.216	0.165	0.209	0.051	0.052	0.062	0.085	0.111	0.073	0.113	0.144	0.166	0.103	0.14	0.068	0.0	0.097	0.132	0.133	0.0	0.117	0.0	0.104	0.149	0.109	0.129	0.101	0.162	0.212	0.246	0.203	0.218	0.161	0.206	0.183	0.056	0.163	0.129	0.0	0.111	0.116	0.06	0.087	0.082	0.132	0.129	0.107	0.099	0.0	
Chromosome	2425085	A	C	0.059	0.136	0.204	0.125	0.069	0.144	0.192	0.123	0.139	0.118	0.139	0.118	0.093	0.087	0.099	0.132	0.204	0.187	0.15	0.181	0.106	0.133	0.189	0.084	0.1	0.1	0.063	0.088	0.069	0.122	0.15	0.185	0.052	0.075	0.079	0.0	0.099	0.134	0.098	0.0	0.106	0.007	0.098	0.109	0.084	0.042	0.065	0.16	0.195	0.176	0.183	0.16	0.135	0.191	0.155	0.103	0.153	0.126	0.008	0.081	0.073	0.072	0.068	0.073	0.113	0.06	0.058	0.063	0.0	
Chromosome	2429865	C	CG	0.043	0.546	0.255	0.648	0.012	0.007	0.0	0.212	0.018	0.004	0.011	0.011	0.004	0.005	0.0	0.011	0.006	0.0	0.0	0.006	0.0	0.013	0.0	0.004	0.004	0.02	0.01	0.01	0.007	0.01	0.299	0.0	0.013	0.299	0.008	0.0	0.009	0.0	0.005	0.006	0.0	0.006	0.02	0.017	0.01	0.018	0.013	0.024	0.019	0.014	0.159	0.02	0.008	0.005	0.088	0.0	0.015	0.186	0.005	0.009	0.002	0.007	0.436	0.525	0.327	0.212	0.009	0.012	0.0	
Chromosome	2437914	C	G	0.071	0.07	0.076	0.016	0.048	0.089	0.142	0.117	0.036	0.09	0.152	0.087	0.064	0.047	0.035	0.051	0.066	0.062	0.115	0.126	0.134	0.119	0.065	0.041	0.023	0.057	0.071	0.063	0.049	0.074	0.028	0.075	0.07	0.088	0.087	0.0	0.092	0.094	0.099	0.0	0.028	0.0	0.03	0.11	0.063	0.096	0.07	0.127	0.064	0.104	0.094	0.094	0.115	0.097	0.135	0.143	0.093	0.054	0.0	0.097	0.079	0.054	0.077	0.062	0.097	0.059	0.076	0.077	0.0	
Chromosome	2437918	A	C	0.178	0.174	0.215	0.126	0.097	0.234	0.264	0.262	0.133	0.198	0.26	0.234	0.169	0.157	0.175	0.148	0.141	0.247	0.237	0.25	0.226	0.231	0.225	0.137	0.15	0.107	0.143	0.151	0.13	0.131	0.134	0.2	0.188	0.164	0.129	0.007	0.232	0.212	0.247	0.0	0.228	0.005	0.109	0.247	0.196	0.172	0.175	0.288	0.179	0.205	0.18	0.27	0.226	0.229	0.257	0.205	0.138	0.146	0.012	0.222	0.188	0.186	0.165	0.115	0.228	0.151	0.188	0.193	0.0	
Chromosome	2482395	A	C	0.092	0.065	0.117	0.116	0.034	0.14	0.169	0.169	0.062	0.146	0.145	0.151	0.124	0.074	0.101	0.131	0.108	0.13	0.159	0.191	0.107	0.201	0.222	0.101	0.127	0.091	0.07	0.075	0.083	0.052	0.094	0.121	0.101	0.087	0.058	0.01	0.163	0.098	0.202	0.006	0.136	0.01	0.064	0.155	0.096	0.073	0.106	0.15	0.169	0.148	0.164	0.186	0.193	0.206	0.158	0.206	0.115	0.088	0.0	0.106	0.1	0.074	0.1	0.066	0.08	0.09	0.087	0.065	0.0	
Chromosome	2535884	T	A	0.282	0.203	0.236	0.192	0.176	0.2	0.281	0.197	0.119	0.238	0.314	0.315	0.198	0.169	0.172	0.149	0.192	0.314	0.246	0.187	0.202	0.202	0.259	0.123	0.203	0.16	0.332	0.256	0.14	0.161	0.151	0.239	0.261	0.235	0.32	0.0	0.277	0.251	0.28	0.0	0.287	0.0	0.168	0.314	0.228	0.271	0.284	0.259	0.219	0.224	0.286	0.236	0.235	0.271	0.248	0.115	0.136	0.167	0.0	0.312	0.315	0.33	0.141	0.186	0.3	0.312	0.266	0.339	0.0	
Chromosome	2535886	T	A	0.211	0.094	0.169	0.11	0.056	0.139	0.21	0.154	0.032	0.152	0.17	0.153	0.087	0.086	0.069	0.061	0.086	0.202	0.164	0.142	0.144	0.185	0.163	0.047	0.082	0.045	0.201	0.167	0.047	0.086	0.043	0.187	0.16	0.158	0.176	0.0	0.165	0.115	0.211	0.0	0.177	0.0	0.037	0.207	0.162	0.179	0.191	0.168	0.142	0.2	0.187	0.176	0.18	0.173	0.168	0.042	0.057	0.071	0.0	0.223	0.216	0.232	0.022	0.069	0.187	0.209	0.171	0.223	0.0	
Chromosome	2567182	T	G	0.125	0.2	0.183	0.188	0.049	0.2	0.186	0.246	0.165	0.223	0.146	0.173	0.123	0.143	0.145	0.168	0.204	0.195	0.212	0.225	0.295	0.16	0.176	0.116	0.115	0.117	0.126	0.103	0.135	0.186	0.197	0.16	0.101	0.133	0.137	0.0	0.217	0.19	0.206	0.0	0.205	0.0	0.107	0.187	0.134	0.081	0.112	0.234	0.225	0.238	0.242	0.2	0.216	0.177	0.221	0.074	0.152	0.159	0.012	0.14	0.162	0.148	0.158	0.129	0.143	0.114	0.109	0.11	0.007	
Chromosome	2567183	T	G	0.012	0.056	0.054	0.052	0.01	0.101	0.105	0.115	0.043	0.076	0.082	0.094	0.019	0.028	0.021	0.096	0.067	0.092	0.095	0.083	0.122	0.087	0.069	0.011	0.016	0.028	0.031	0.032	0.014	0.032	0.046	0.063	0.024	0.026	0.033	0.0	0.086	0.074	0.074	0.006	0.069	0.005	0.017	0.06	0.021	0.014	0.026	0.09	0.141	0.107	0.113	0.122	0.103	0.1	0.084	0.055	0.065	0.059	0.012	0.031	0.029	0.022	0.038	0.035	0.067	0.013	0.015	0.026	0.0	
Chromosome	2571679	A	T	0.068	0.154	0.141	0.05	0.026	0.179	0.144	0.109	0.136	0.097	0.122	0.088	0.061	0.072	0.051	0.147	0.114	0.086	0.156	0.167	0.15	0.134	0.12	0.051	0.049	0.065	0.061	0.053	0.049	0.146	0.162	0.097	0.052	0.057	0.033	0.0	0.087	0.071	0.121	0.0	0.126	0.0	0.089	0.082	0.067	0.086	0.094	0.096	0.191	0.143	0.117	0.18	0.171	0.176	0.124	0.143	0.168	0.153	0.0	0.055	0.072	0.085	0.07	0.04	0.101	0.079	0.05	0.066	0.0	
Chromosome	2579189	A	C	0.173	0.25	0.253	0.187	0.134	0.268	0.276	0.242	0.322	0.271	0.222	0.31	0.219	0.219	0.213	0.261	0.246	0.282	0.237	0.297	0.183	0.206	0.319	0.23	0.232	0.224	0.248	0.226	0.202	0.275	0.243	0.239	0.21	0.225	0.223	0.006	0.273	0.263	0.274	0.0	0.395	0.0	0.226	0.303	0.277	0.259	0.226	0.283	0.34	0.287	0.219	0.263	0.281	0.333	0.308	0.238	0.256	0.256	0.0	0.225	0.219	0.226	0.154	0.254	0.234	0.26	0.238	0.244	0.013	
Chromosome	2635278	T	G	0.036	0.144	0.121	0.089	0.043	0.171	0.117	0.116	0.131	0.12	0.142	0.146	0.097	0.065	0.086	0.132	0.18	0.121	0.112	0.127	0.079	0.191	0.142	0.07	0.064	0.095	0.05	0.066	0.04	0.119	0.13	0.154	0.072	0.063	0.085	0.0	0.083	0.101	0.091	0.005	0.166	0.0	0.068	0.112	0.072	0.056	0.066	0.055	0.072	0.074	0.111	0.129	0.112	0.062	0.171	0.275	0.13	0.128	0.006	0.074	0.067	0.048	0.093	0.053	0.106	0.079	0.057	0.05	0.0	
Chromosome	2640819	T	G	0.235	0.248	0.254	0.363	0.227	0.283	0.244	0.227	0.274	0.343	0.349	0.35	0.331	0.336	0.341	0.333	0.364	0.32	0.308	0.258	0.227	0.27	0.287	0.42	0.327	0.287	0.372	0.325	0.214	0.435	0.297	0.263	0.3	0.317	0.366	0.006	0.368	0.265	0.303	0.011	0.271	0.0	0.322	0.316	0.329	0.308	0.336	0.236	0.198	0.264	0.27	0.321	0.299	0.304	0.301	0.438	0.338	0.354	0.0	0.292	0.326	0.319	0.283	0.294	0.358	0.374	0.308	0.367	0.008	
Chromosome	2682937	T	A	0.046	0.14	0.102	0.034	0.057	0.109	0.113	0.117	0.114	0.085	0.086	0.076	0.025	0.037	0.065	0.118	0.108	0.153	0.152	0.095	0.164	0.09	0.104	0.063	0.05	0.065	0.032	0.042	0.067	0.076	0.081	0.165	0.087	0.091	0.063	0.0	0.105	0.116	0.106	0.0	0.087	0.0	0.085	0.11	0.058	0.077	0.084	0.123	0.17	0.129	0.147	0.135	0.183	0.141	0.157	0.189	0.14	0.075	0.0	0.088	0.068	0.059	0.032	0.056	0.062	0.052	0.055	0.049	0.0	
Chromosome	2794622	A	C	0.105	0.249	0.197	0.132	0.072	0.139	0.187	0.188	0.168	0.172	0.177	0.178	0.088	0.08	0.105	0.192	0.193	0.205	0.198	0.168	0.164	0.145	0.173	0.128	0.111	0.126	0.089	0.105	0.088	0.131	0.144	0.177	0.102	0.077	0.077	0.006	0.188	0.135	0.164	0.0	0.156	0.012	0.123	0.155	0.057	0.105	0.106	0.162	0.188	0.185	0.234	0.217	0.209	0.219	0.172	0.319	0.214	0.16	0.0	0.08	0.072	0.092	0.126	0.114	0.117	0.072	0.086	0.084	0.014	
Chromosome	2800797	C	G	0.283	0.338	0.252	0.291	0.291	0.346	0.216	0.274	0.286	0.242	0.31	0.313	0.268	0.262	0.277	0.267	0.263	0.315	0.21	0.252	0.27	0.256	0.239	0.243	0.227	0.272	0.258	0.293	0.336	0.315	0.294	0.229	0.312	0.23	0.271	0.169	0.281	0.293	0.268	0.269	0.237	0.2	0.373	0.168	0.231	0.294	0.279	0.278	0.223	0.217	0.194	0.232	0.281	0.299	0.287	0.375	0.306	0.295	0.223	0.28	0.29	0.27	0.38	0.247	0.253	0.225	0.296	0.289	0.155	
Chromosome	2811404	G	C	0.093	0.296	0.171	0.131	0.085	0.188	0.163	0.198	0.297	0.224	0.07	0.147	0.129	0.16	0.154	0.232	0.278	0.157	0.209	0.238	0.228	0.211	0.189	0.17	0.153	0.134	0.095	0.108	0.095	0.204	0.235	0.135	0.123	0.094	0.101	0.0	0.123	0.178	0.121	0.0	0.131	0.005	0.151	0.125	0.136	0.101	0.115	0.218	0.28	0.196	0.208	0.261	0.202	0.211	0.183	0.353	0.268	0.246	0.0	0.107	0.071	0.109	0.152	0.165	0.215	0.122	0.127	0.155	0.0	
Chromosome	2838382	A	C	0.155	0.19	0.216	0.145	0.128	0.14	0.146	0.098	0.155	0.156	0.203	0.224	0.175	0.176	0.133	0.194	0.186	0.195	0.176	0.146	0.125	0.207	0.121	0.128	0.2	0.146	0.137	0.126	0.127	0.199	0.189	0.193	0.161	0.153	0.134	0.006	0.159	0.16	0.159	0.0	0.242	0.0	0.162	0.137	0.189	0.18	0.151	0.178	0.189	0.144	0.223	0.189	0.16	0.187	0.157	0.211	0.163	0.216	0.008	0.126	0.134	0.138	0.13	0.151	0.136	0.128	0.108	0.116	0.009	
Chromosome	2878507	T	TGAA	0.0	0.067	0.0	0.0	0.0	0.0	0.0	0.0	0.0	0.0	0.0	0.0	0.0	0.0	0.0	0.0	0.0	0.0	0.0	0.0	0.0	0.0	0.0	0.0	0.0	0.0	0.0	0.0	0.0	0.0	0.0	0.0	0.0	0.0	0.0	0.0	0.0	0.0	0.0	0.0	0.0	0.0	0.0	0.0	0.0	0.0	0.0	0.0	0.0	0.0	0.0	0.0	0.0	0.0	0.0	0.0	0.0	0.0	0.0	0.0	0.0	0.0	0.0	0.0	0.0	0.0	0.0	0.0	0.0	
Chromosome	2878509	C	CGTCCTGGTCTGGATGGAGACCT	0.0	0.0	0.0	0.0	0.0	0.0	0.0	0.0	0.0	0.0	0.0	0.0	0.0	0.0	0.0	0.0	0.0	0.0	0.0	0.0	0.0	0.0	0.0	0.0	0.0	0.0	0.0	0.0	0.0	0.0	0.0	0.0	0.0	0.0	0.0	0.0	0.0	0.0	0.0	0.0	0.0	0.0	0.0	0.0	0.0	0.0	0.0	0.0	0.0	0.0	0.0	0.0	0.0	0.0	0.0	0.0	0.0	0.0	0.0	0.0	0.0	0.0	0.0	0.0	0.0	0.0	0.0	0.0	0.0	
Chromosome	3015747	G	C	0.202	0.399	0.305	0.29	0.291	0.207	0.209	0.295	0.376	0.209	0.252	0.231	0.297	0.287	0.326	0.481	0.5	0.239	0.306	0.279	0.203	0.217	0.243	0.343	0.347	0.344	0.222	0.194	0.303	0.452	0.427	0.204	0.238	0.223	0.219	0.0	0.246	0.204	0.25	0.0	0.231	0.0	0.339	0.227	0.271	0.211	0.225	0.273	0.258	0.247	0.212	0.194	0.169	0.212	0.258	0.545	0.515	0.5	0.0	0.235	0.239	0.215	0.27	0.341	0.284	0.174	0.224	0.231	0.0	
Chromosome	3021211	T	G	0.035	0.103	0.101	0.062	0.007	0.122	0.075	0.07	0.094	0.075	0.062	0.052	0.057	0.042	0.05	0.095	0.071	0.087	0.089	0.097	0.074	0.085	0.151	0.042	0.05	0.041	0.024	0.042	0.039	0.076	0.081	0.126	0.03	0.049	0.039	0.0	0.079	0.071	0.064	0.0	0.069	0.0	0.028	0.082	0.054	0.04	0.04	0.145	0.102	0.208	0.085	0.123	0.108	0.115	0.141	0.067	0.125	0.087	0.0	0.051	0.048	0.037	0.047	0.054	0.056	0.031	0.042	0.026	0.006	
Chromosome	3092770	C	CCGGG	0.011	0.0	0.063	0.007	0.0	0.018	0.054	0.022	0.017	0.038	0.0	0.016	0.007	0.023	0.014	0.025	0.0	0.088	0.015	0.043	0.047	0.064	0.034	0.008	0.021	0.0	0.012	0.013	0.0	0.0	0.0	0.039	0.014	0.037	0.013	0.0	0.014	0.041	0.027	0.0	0.039	0.0	0.023	0.0	0.031	0.007	0.014	0.06	0.042	0.016	0.047	0.097	0.059	0.045	0.041	0.0	0.0	0.012	0.0	0.009	0.014	0.01	0.007	0.0	0.021	0.026	0.026	0.027	0.0	
Chromosome	3099117	T	G	0.012	0.107	0.092	0.015	0.007	0.072	0.075	0.116	0.043	0.059	0.07	0.048	0.03	0.037	0.012	0.051	0.078	0.095	0.025	0.053	0.078	0.074	0.049	0.022	0.009	0.036	0.006	0.01	0.011	0.053	0.038	0.041	0.016	0.01	0.017	0.01	0.023	0.036	0.032	0.013	0.036	0.0	0.045	0.052	0.02	0.008	0.011	0.078	0.083	0.069	0.064	0.08	0.05	0.092	0.092	0.121	0.086	0.042	0.013	0.008	0.023	0.014	0.014	0.03	0.051	0.018	0.007	0.031	0.0	
Chromosome	3123426	T	G	0.146	0.241	0.286	0.283	0.126	0.244	0.243	0.258	0.263	0.228	0.21	0.237	0.243	0.218	0.161	0.27	0.245	0.343	0.197	0.273	0.209	0.254	0.204	0.173	0.237	0.205	0.135	0.095	0.131	0.256	0.257	0.206	0.154	0.163	0.142	0.006	0.287	0.24	0.205	0.0	0.195	0.007	0.176	0.237	0.155	0.113	0.163	0.248	0.169	0.377	0.25	0.245	0.33	0.227	0.246	0.348	0.246	0.188	0.0	0.189	0.178	0.115	0.226	0.19	0.214	0.123	0.119	0.135	0.0	
Chromosome	3125320	C	G	0.057	0.203	0.155	0.072	0.024	0.168	0.204	0.189	0.146	0.096	0.13	0.156	0.12	0.041	0.084	0.169	0.221	0.153	0.167	0.175	0.16	0.218	0.147	0.054	0.065	0.041	0.064	0.081	0.039	0.147	0.187	0.139	0.084	0.067	0.033	0.0	0.163	0.111	0.147	0.0	0.139	0.005	0.152	0.106	0.07	0.059	0.094	0.198	0.178	0.194	0.214	0.183	0.237	0.225	0.211	0.275	0.241	0.216	0.0	0.081	0.089	0.057	0.062	0.061	0.124	0.079	0.079	0.055	0.0	
Chromosome	3125324	A	G	0.041	0.081	0.071	0.018	0.026	0.087	0.1	0.07	0.068	0.053	0.065	0.074	0.055	0.066	0.024	0.067	0.072	0.103	0.134	0.071	0.144	0.101	0.078	0.019	0.054	0.053	0.044	0.066	0.035	0.05	0.049	0.089	0.056	0.042	0.03	0.0	0.12	0.06	0.089	0.0	0.078	0.005	0.064	0.06	0.045	0.047	0.045	0.08	0.182	0.102	0.118	0.105	0.086	0.151	0.119	0.147	0.104	0.068	0.0	0.041	0.05	0.03	0.049	0.056	0.117	0.028	0.056	0.045	0.0	
Chromosome	3125326	A	C	0.081	0.124	0.126	0.093	0.007	0.111	0.158	0.161	0.096	0.1	0.129	0.126	0.066	0.079	0.074	0.071	0.112	0.157	0.151	0.128	0.121	0.15	0.153	0.087	0.104	0.068	0.071	0.067	0.064	0.099	0.113	0.089	0.088	0.079	0.057	0.0	0.12	0.088	0.119	0.0	0.151	0.006	0.079	0.12	0.085	0.05	0.077	0.105	0.161	0.155	0.131	0.19	0.138	0.15	0.204	0.1	0.118	0.128	0.006	0.08	0.093	0.039	0.081	0.113	0.142	0.072	0.065	0.099	0.0	
Chromosome	3125329	G	C	0.1	0.132	0.211	0.083	0.048	0.266	0.238	0.252	0.138	0.167	0.151	0.143	0.103	0.023	0.04	0.103	0.119	0.204	0.234	0.177	0.204	0.301	0.205	0.069	0.056	0.06	0.115	0.108	0.077	0.081	0.12	0.176	0.135	0.126	0.082	0.0	0.187	0.134	0.219	0.0	0.169	0.0	0.121	0.169	0.105	0.137	0.113	0.23	0.27	0.298	0.228	0.336	0.31	0.225	0.225	0.194	0.14	0.157	0.006	0.129	0.127	0.131	0.088	0.103	0.221	0.111	0.143	0.127	0.0	
Chromosome	3125336	T	A	0.155	0.076	0.158	0.074	0.058	0.148	0.126	0.171	0.058	0.152	0.144	0.069	0.061	0.013	0.071	0.067	0.014	0.137	0.179	0.162	0.107	0.216	0.189	0.053	0.045	0.044	0.138	0.163	0.082	0.056	0.044	0.128	0.16	0.131	0.094	0.0	0.147	0.101	0.176	0.0	0.152	0.0	0.082	0.174	0.147	0.148	0.121	0.133	0.106	0.159	0.199	0.171	0.229	0.197	0.096	0.036	0.034	0.047	0.0	0.133	0.156	0.127	0.041	0.034	0.192	0.112	0.151	0.144	0.0	
Chromosome	3133915	G	C	0.044	0.148	0.053	0.042	0.0	0.159	0.079	0.09	0.081	0.042	0.108	0.133	0.028	0.059	0.038	0.084	0.152	0.117	0.118	0.246	0.126	0.168	0.154	0.037	0.056	0.054	0.027	0.032	0.013	0.142	0.104	0.113	0.025	0.059	0.016	0.0	0.089	0.071	0.112	0.006	0.06	0.0	0.083	0.121	0.052	0.03	0.074	0.148	0.101	0.154	0.165	0.109	0.167	0.143	0.157	0.079	0.194	0.113	0.0	0.045	0.061	0.046	0.062	0.022	0.11	0.028	0.042	0.037	0.0	
Chromosome	3196617	T	A	0.048	0.103	0.102	0.044	0.015	0.086	0.102	0.144	0.12	0.076	0.097	0.09	0.045	0.052	0.039	0.098	0.146	0.075	0.108	0.119	0.156	0.098	0.115	0.048	0.041	0.033	0.042	0.066	0.029	0.115	0.101	0.132	0.05	0.052	0.019	0.0	0.07	0.045	0.099	0.0	0.082	0.0	0.07	0.049	0.039	0.041	0.065	0.119	0.175	0.132	0.155	0.17	0.097	0.197	0.197	0.081	0.124	0.088	0.0	0.041	0.056	0.046	0.029	0.029	0.058	0.039	0.052	0.018	0.0	
Chromosome	3215656	T	G	0.133	0.168	0.241	0.103	0.032	0.262	0.286	0.252	0.125	0.185	0.156	0.212	0.093	0.087	0.085	0.088	0.102	0.203	0.314	0.322	0.269	0.29	0.1	0.123	0.089	0.096	0.144	0.135	0.069	0.167	0.102	0.176	0.161	0.149	0.11	0.063	0.248	0.221	0.236	0.055	0.261	0.056	0.117	0.184	0.146	0.161	0.145	0.223	0.183	0.288	0.283	0.298	0.3	0.331	0.148	0.148	0.179	0.095	0.06	0.139	0.18	0.139	0.122	0.107	0.144	0.157	0.156	0.148	0.06	
Chromosome	3269580	C	G	0.045	0.107	0.152	0.049	0.011	0.168	0.13	0.126	0.11	0.077	0.122	0.124	0.053	0.043	0.018	0.109	0.164	0.125	0.144	0.152	0.09	0.096	0.168	0.048	0.036	0.01	0.025	0.062	0.035	0.19	0.077	0.181	0.055	0.026	0.05	0.0	0.063	0.087	0.102	0.0	0.09	0.0	0.091	0.058	0.049	0.059	0.052	0.153	0.074	0.184	0.113	0.103	0.102	0.148	0.196	0.157	0.136	0.142	0.0	0.057	0.046	0.045	0.028	0.03	0.077	0.071	0.031	0.037	0.0	
Chromosome	3269581	T	G	0.168	0.312	0.237	0.171	0.106	0.353	0.269	0.219	0.224	0.232	0.225	0.337	0.204	0.158	0.162	0.196	0.234	0.231	0.302	0.316	0.242	0.289	0.288	0.161	0.202	0.193	0.202	0.222	0.135	0.289	0.243	0.311	0.19	0.15	0.156	0.005	0.192	0.24	0.228	0.006	0.212	0.006	0.206	0.242	0.182	0.197	0.172	0.271	0.277	0.284	0.25	0.231	0.327	0.279	0.283	0.275	0.242	0.227	0.0	0.179	0.2	0.177	0.152	0.198	0.196	0.22	0.161	0.215	0.03	
Chromosome	3269590	T	G	0.222	0.164	0.326	0.249	0.14	0.276	0.312	0.231	0.138	0.247	0.31	0.267	0.197	0.171	0.217	0.14	0.165	0.291	0.29	0.345	0.226	0.268	0.356	0.176	0.192	0.173	0.272	0.269	0.153	0.157	0.167	0.382	0.256	0.244	0.236	0.005	0.226	0.322	0.295	0.0	0.299	0.0	0.171	0.301	0.32	0.239	0.264	0.293	0.293	0.3	0.302	0.293	0.378	0.242	0.348	0.143	0.112	0.118	0.0	0.249	0.275	0.276	0.122	0.172	0.226	0.259	0.204	0.266	0.0	
Chromosome	3394379	A	T	0.037	0.095	0.085	0.046	0.012	0.059	0.069	0.041	0.094	0.049	0.051	0.085	0.053	0.037	0.03	0.087	0.094	0.113	0.02	0.039	0.034	0.035	0.029	0.049	0.035	0.014	0.021	0.043	0.056	0.039	0.039	0.065	0.035	0.035	0.034	0.0	0.028	0.038	0.053	0.006	0.064	0.0	0.03	0.056	0.05	0.049	0.025	0.033	0.022	0.056	0.037	0.072	0.042	0.096	0.021	0.123	0.115	0.051	0.0	0.043	0.048	0.026	0.025	0.04	0.056	0.021	0.031	0.031	0.007	
Chromosome	3523310	T	G	0.044	0.121	0.135	0.082	0.084	0.119	0.1	0.109	0.094	0.099	0.079	0.074	0.125	0.11	0.123	0.099	0.109	0.173	0.088	0.065	0.081	0.087	0.12	0.09	0.106	0.124	0.074	0.091	0.08	0.107	0.082	0.084	0.091	0.08	0.055	0.0	0.097	0.124	0.087	0.013	0.084	0.012	0.111	0.078	0.082	0.094	0.067	0.144	0.12	0.094	0.129	0.094	0.113	0.05	0.105	0.064	0.08	0.091	0.006	0.077	0.068	0.054	0.095	0.104	0.097	0.054	0.06	0.066	0.0	
Chromosome	3580127	A	C	0.053	0.179	0.159	0.071	0.027	0.211	0.214	0.182	0.108	0.167	0.129	0.123	0.071	0.059	0.075	0.149	0.182	0.089	0.176	0.214	0.207	0.184	0.225	0.065	0.058	0.047	0.052	0.059	0.051	0.133	0.142	0.133	0.049	0.06	0.038	0.006	0.151	0.066	0.12	0.007	0.089	0.012	0.13	0.116	0.059	0.05	0.055	0.126	0.209	0.211	0.187	0.208	0.21	0.205	0.19	0.167	0.188	0.132	0.0	0.073	0.075	0.05	0.083	0.035	0.089	0.061	0.052	0.068	0.0	
Chromosome	3698295	C	G	0.172	0.365	0.221	0.103	0.181	0.283	0.277	0.299	0.26	0.214	0.223	0.252	0.172	0.179	0.12	0.227	0.275	0.222	0.281	0.249	0.245	0.215	0.269	0.122	0.216	0.129	0.173	0.162	0.161	0.223	0.284	0.253	0.172	0.136	0.14	0.0	0.168	0.17	0.193	0.0	0.215	0.0	0.163	0.178	0.215	0.154	0.164	0.271	0.33	0.234	0.255	0.288	0.25	0.318	0.212	0.395	0.285	0.244	0.0	0.208	0.187	0.168	0.139	0.135	0.252	0.165	0.148	0.169	0.0	
Chromosome	3727624	T	G	0.048	0.14	0.115	0.047	0.034	0.118	0.034	0.104	0.053	0.114	0.067	0.083	0.052	0.032	0.026	0.112	0.069	0.127	0.15	0.108	0.078	0.123	0.131	0.043	0.06	0.047	0.025	0.047	0.017	0.082	0.116	0.106	0.031	0.036	0.007	0.005	0.117	0.057	0.066	0.0	0.078	0.0	0.016	0.074	0.036	0.038	0.029	0.086	0.125	0.2	0.14	0.149	0.082	0.109	0.095	0.2	0.149	0.068	0.0	0.047	0.045	0.028	0.042	0.024	0.049	0.029	0.029	0.032	0.0	
Chromosome	3757553	A	AC	0.0	0.191	0.0	0.0	0.0	0.0	0.0	0.0	0.0	0.0	0.0	0.0	0.0	0.0	0.0	0.0	0.0	0.0	0.0	0.0	0.0	0.0	0.0	0.0	0.0	0.0	0.0	0.0	0.0	0.0	0.0	0.0	0.0	0.0	0.0	0.0	0.0	0.0	0.0	0.0	0.0	0.0	0.0	0.0	0.0	0.0	0.0	0.0	0.0	0.0	0.0	0.0	0.0	0.0	0.0	0.0	0.0	0.0	0.0	0.0	0.0	0.0	0.0	0.0	0.0	0.0	0.0	0.0	0.0	
Chromosome	3777630	T	G	0.182	0.302	0.263	0.192	0.163	0.227	0.304	0.34	0.231	0.305	0.299	0.26	0.225	0.299	0.214	0.366	0.344	0.338	0.275	0.308	0.26	0.316	0.314	0.223	0.204	0.2	0.164	0.176	0.149	0.194	0.224	0.254	0.145	0.216	0.158	0.0	0.301	0.251	0.22	0.007	0.331	0.0	0.255	0.244	0.182	0.133	0.184	0.213	0.27	0.277	0.305	0.24	0.355	0.257	0.267	0.411	0.275	0.349	0.0	0.175	0.212	0.227	0.161	0.252	0.196	0.217	0.176	0.188	0.0	
Chromosome	3777637	A	C	0.147	0.254	0.256	0.293	0.108	0.253	0.286	0.32	0.217	0.283	0.261	0.265	0.153	0.228	0.209	0.331	0.224	0.237	0.292	0.281	0.223	0.308	0.21	0.188	0.189	0.138	0.196	0.201	0.169	0.219	0.211	0.23	0.161	0.185	0.179	0.0	0.31	0.262	0.275	0.0	0.264	0.007	0.218	0.222	0.146	0.205	0.184	0.233	0.378	0.218	0.275	0.316	0.418	0.315	0.24	0.51	0.287	0.219	0.0	0.188	0.154	0.143	0.242	0.248	0.215	0.151	0.174	0.155	0.006	
Chromosome	3847886	T	A	0.206	0.333	0.259	0.253	0.167	0.214	0.246	0.165	0.36	0.279	0.2	0.241	0.186	0.171	0.147	0.297	0.26	0.225	0.3	0.203	0.205	0.235	0.234	0.227	0.134	0.206	0.159	0.258	0.204	0.267	0.251	0.258	0.24	0.2	0.207	0.0	0.243	0.263	0.259	0.0	0.274	0.0	0.238	0.245	0.229	0.269	0.219	0.236	0.183	0.256	0.22	0.195	0.187	0.223	0.237	0.408	0.286	0.291	0.0	0.274	0.253	0.219	0.169	0.238	0.27	0.242	0.245	0.224	0.0	
Chromosome	3965512	A	C	0.072	0.114	0.127	0.052	0.049	0.134	0.138	0.108	0.083	0.07	0.108	0.118	0.124	0.109	0.077	0.116	0.096	0.051	0.144	0.121	0.053	0.19	0.14	0.08	0.081	0.086	0.106	0.089	0.069	0.133	0.111	0.153	0.067	0.077	0.07	0.0	0.073	0.077	0.092	0.0	0.096	0.012	0.084	0.116	0.056	0.056	0.085	0.079	0.112	0.146	0.137	0.15	0.183	0.139	0.143	0.107	0.086	0.103	0.006	0.062	0.094	0.08	0.105	0.087	0.09	0.07	0.054	0.044	0.007	
Chromosome	3989012	T	G	0.083	0.084	0.071	0.057	0.078	0.075	0.082	0.082	0.056	0.041	0.061	0.085	0.08	0.082	0.044	0.055	0.092	0.053	0.077	0.069	0.1	0.038	0.052	0.056	0.087	0.064	0.057	0.054	0.053	0.096	0.056	0.061	0.063	0.047	0.079	0.018	0.062	0.061	0.087	0.0	0.03	0.005	0.083	0.071	0.047	0.066	0.049	0.098	0.085	0.058	0.095	0.05	0.095	0.081	0.058	0.067	0.066	0.041	0.0	0.056	0.052	0.048	0.05	0.066	0.063	0.039	0.057	0.038	0.0	
Chromosome	4000301	T	G	0.057	0.179	0.132	0.06	0.022	0.123	0.149	0.16	0.127	0.123	0.089	0.104	0.091	0.046	0.051	0.15	0.167	0.107	0.191	0.174	0.17	0.214	0.172	0.087	0.046	0.061	0.047	0.037	0.044	0.11	0.102	0.136	0.034	0.046	0.047	0.006	0.09	0.15	0.1	0.0	0.112	0.006	0.052	0.094	0.054	0.054	0.042	0.19	0.225	0.121	0.198	0.244	0.178	0.199	0.17	0.149	0.139	0.119	0.0	0.049	0.053	0.048	0.075	0.058	0.062	0.048	0.038	0.028	0.006	
Chromosome	4028636	G	C	0.279	0.397	0.345	0.33	0.3	0.337	0.26	0.358	0.423	0.302	0.41	0.268	0.354	0.34	0.379	0.403	0.396	0.186	0.377	0.333	0.231	0.31	0.363	0.393	0.339	0.353	0.376	0.345	0.346	0.427	0.389	0.371	0.347	0.374	0.317	0.005	0.328	0.386	0.311	0.0	0.41	0.0	0.431	0.335	0.384	0.371	0.322	0.412	0.315	0.304	0.327	0.374	0.347	0.333	0.364	0.426	0.414	0.393	0.0	0.328	0.339	0.366	0.279	0.317	0.314	0.374	0.341	0.41	0.0	
Chromosome	4088349	A	C	0.098	0.047	0.16	0.054	0.017	0.22	0.169	0.179	0.031	0.181	0.13	0.179	0.007	0.038	0.066	0.026	0.023	0.173	0.246	0.181	0.14	0.156	0.188	0.044	0.042	0.03	0.11	0.123	0.05	0.029	0.043	0.15	0.085	0.08	0.095	0.0	0.128	0.203	0.117	0.006	0.142	0.005	0.021	0.121	0.085	0.115	0.131	0.206	0.201	0.159	0.188	0.159	0.234	0.157	0.167	0.061	0.038	0.076	0.0	0.135	0.116	0.113	0.058	0.101	0.19	0.125	0.106	0.093	0.0	
Chromosome	4088359	C	G	0.211	0.175	0.238	0.126	0.154	0.322	0.277	0.25	0.124	0.217	0.202	0.231	0.131	0.106	0.102	0.158	0.126	0.233	0.351	0.211	0.231	0.239	0.239	0.138	0.105	0.138	0.209	0.205	0.138	0.147	0.19	0.251	0.211	0.229	0.214	0.0	0.161	0.297	0.139	0.0	0.289	0.0	0.11	0.221	0.178	0.175	0.24	0.286	0.291	0.313	0.287	0.276	0.409	0.216	0.273	0.152	0.184	0.121	0.0	0.199	0.197	0.185	0.144	0.135	0.264	0.263	0.207	0.23	0.0	
Chromosome	4088367	T	G	0.129	0.135	0.219	0.104	0.055	0.236	0.225	0.177	0.094	0.198	0.143	0.142	0.131	0.144	0.088	0.116	0.167	0.123	0.275	0.189	0.2	0.206	0.164	0.119	0.133	0.105	0.108	0.124	0.116	0.146	0.159	0.193	0.096	0.099	0.113	0.0	0.135	0.206	0.149	0.0	0.233	0.005	0.108	0.165	0.124	0.097	0.137	0.224	0.23	0.25	0.228	0.221	0.191	0.16	0.258	0.086	0.154	0.128	0.0	0.127	0.109	0.099	0.142	0.212	0.222	0.13	0.097	0.093	0.0	
Chromosome	4095024	T	TGAACCGTCCTGGTCTGGATGGAGA	0.0	0.0	0.0	0.0	0.0	0.0	0.0	0.0	0.0	0.0	0.0	0.0	0.0	0.0	0.0	0.0	0.0	0.0	0.0	0.0	0.0	0.0	0.0	0.0	0.0	0.0	0.0	0.0	0.0	0.0	0.0	0.0	0.0	0.0	0.0	0.0	0.0	0.0	0.0	0.0	0.0	0.0	0.0	0.0	0.0	0.0	0.0	0.0	0.0	0.0	0.0	0.0	0.0	0.0	0.0	0.0	0.0	0.0	0.0	0.0	0.0	0.0	0.0	0.0	0.0	0.0	0.0	0.0	0.0	
Chromosome	4095027	A	T	0.003	0.0	0.0	0.0	0.0	0.0	0.008	0.0	0.0	0.0	0.005	0.0	0.0	0.0	0.0	0.0	0.007	0.0	0.0	0.013	0.0	0.0	0.008	0.0	0.0	0.0	0.0	0.0	0.0	0.0	0.0	0.004	0.0	0.002	0.0	0.0	0.0	0.006	0.0	0.0	0.0	0.0	0.0	0.0	0.003	0.0	0.004	0.0	0.0	0.0	0.006	0.0	0.0	0.0	0.0	0.0	0.005	0.0	0.0	0.0	0.0	0.003	0.0	0.0	0.0	0.003	0.0	0.003	0.0	
Chromosome	4102878	G	C	0.011	0.039	0.015	0.005	0.0	0.017	0.012	0.046	0.016	0.039	0.005	0.018	0.016	0.006	0.01	0.025	0.013	0.026	0.028	0.035	0.0	0.008	0.033	0.005	0.014	0.005	0.0	0.004	0.015	0.007	0.017	0.022	0.018	0.011	0.003	0.014	0.016	0.034	0.016	0.008	0.017	0.0	0.012	0.027	0.0	0.009	0.003	0.012	0.047	0.0	0.042	0.028	0.058	0.06	0.038	0.045	0.039	0.016	0.0	0.003	0.003	0.004	0.005	0.006	0.015	0.004	0.006	0.019	0.0	
Chromosome	4102884	G	C	0.099	0.184	0.208	0.055	0.025	0.147	0.209	0.217	0.14	0.149	0.061	0.121	0.073	0.089	0.055	0.119	0.15	0.103	0.165	0.124	0.133	0.104	0.176	0.088	0.083	0.072	0.115	0.097	0.061	0.117	0.113	0.184	0.129	0.076	0.036	0.0	0.062	0.095	0.11	0.0	0.129	0.012	0.096	0.105	0.09	0.093	0.075	0.167	0.302	0.147	0.109	0.128	0.191	0.3	0.155	0.25	0.161	0.064	0.0	0.066	0.079	0.046	0.063	0.038	0.162	0.078	0.085	0.109	0.0	
Chromosome	4102890	G	C	0.036	0.149	0.146	0.059	0.025	0.083	0.205	0.243	0.139	0.107	0.088	0.071	0.048	0.056	0.04	0.122	0.11	0.078	0.142	0.117	0.148	0.083	0.175	0.069	0.071	0.033	0.068	0.053	0.041	0.122	0.079	0.132	0.083	0.064	0.036	0.0	0.046	0.093	0.062	0.0	0.115	0.0	0.051	0.104	0.058	0.087	0.066	0.141	0.184	0.137	0.079	0.181	0.174	0.185	0.202	0.19	0.145	0.085	0.0	0.039	0.076	0.053	0.045	0.049	0.129	0.066	0.046	0.067	0.0	
Chromosome	4102892	CAAGTT	C	0.0	0.088	0.0	0.04	0.041	0.017	0.011	0.009	0.065	0.004	0.0	0.006	0.052	0.061	0.015	0.079	0.069	0.0	0.009	0.009	0.013	0.0	0.0	0.034	0.052	0.038	0.004	0.004	0.026	0.043	0.05	0.011	0.004	0.005	0.01	0.027	0.008	0.0	0.005	0.008	0.008	0.006	0.058	0.013	0.0	0.01	0.013	0.035	0.0	0.0	0.016	0.0	0.0	0.0	0.019	0.095	0.033	0.069	0.007	0.003	0.009	0.007	0.04	0.03	0.0	0.008	0.003	0.011	0.007	
Chromosome	4214560	C	A	0.452	0.478	0.533	0.449	0.533	0.441	0.444	0.525	0.503	0.477	0.478	0.474	0.465	0.518	0.466	0.465	0.544	0.5	0.53	0.506	0.48	0.485	0.401	0.475	0.494	0.517	0.494	0.476	0.515	0.485	0.48	0.481	0.502	0.45	0.481	0.463	0.458	0.491	0.505	0.538	0.511	0.524	0.498	0.496	0.478	0.497	0.486	0.431	0.453	0.479	0.42	0.509	0.468	0.49	0.472	0.509	0.462	0.494	0.408	0.494	0.506	0.43	0.49	0.489	0.515	0.442	0.432	0.326	0.498	
Chromosome	4214739	G	GT	0.34	0.358	0.34	0.313	0.395	0.304	0.332	0.352	0.324	0.364	0.304	0.32	0.338	0.351	0.336	0.368	0.472	0.392	0.342	0.38	0.312	0.339	0.353	0.303	0.316	0.331	0.332	0.321	0.353	0.327	0.388	0.339	0.358	0.305	0.333	0.327	0.332	0.362	0.287	0.317	0.332	0.357	0.306	0.309	0.32	0.334	0.355	0.331	0.371	0.301	0.321	0.371	0.324	0.352	0.367	0.535	0.391	0.331	0.26	0.338	0.314	0.329	0.36	0.327	0.316	0.303	0.304	0.266	0.329	
Chromosome	4214852	A	AGCAATGATCAATACCTGTGGATGAG	0.06	0.057	0.047	0.059	0.074	0.043	0.078	0.072	0.05	0.058	0.023	0.048	0.056	0.076	0.083	0.069	0.07	0.099	0.049	0.107	0.048	0.074	0.046	0.07	0.045	0.05	0.069	0.061	0.07	0.066	0.067	0.066	0.062	0.073	0.066	0.022	0.065	0.047	0.037	0.051	0.087	0.097	0.015	0.066	0.044	0.084	0.064	0.024	0.074	0.088	0.054	0.039	0.026	0.069	0.048	0.065	0.06	0.058	0.082	0.057	0.058	0.053	0.058	0.067	0.049	0.073	0.054	0.058	0.045	
Chromosome	4305867	T	G	0.11	0.134	0.236	0.094	0.039	0.192	0.198	0.168	0.134	0.163	0.163	0.09	0.059	0.1	0.075	0.113	0.139	0.22	0.164	0.161	0.175	0.176	0.223	0.114	0.114	0.069	0.082	0.097	0.074	0.157	0.178	0.157	0.076	0.092	0.08	0.006	0.155	0.188	0.125	0.015	0.153	0.0	0.122	0.193	0.19	0.087	0.101	0.159	0.205	0.221	0.198	0.237	0.17	0.239	0.218	0.154	0.169	0.12	0.0	0.088	0.109	0.087	0.115	0.091	0.132	0.064	0.082	0.06	0.0	
Chromosome	4338880	T	G	0.155	0.187	0.183	0.173	0.092	0.219	0.198	0.316	0.24	0.161	0.255	0.158	0.108	0.178	0.139	0.192	0.148	0.202	0.283	0.275	0.331	0.211	0.25	0.149	0.14	0.119	0.1	0.125	0.11	0.183	0.183	0.183	0.138	0.156	0.13	0.0	0.164	0.198	0.207	0.0	0.197	0.006	0.083	0.141	0.147	0.123	0.142	0.142	0.238	0.252	0.341	0.199	0.234	0.284	0.268	0.229	0.197	0.213	0.0	0.142	0.097	0.124	0.139	0.078	0.173	0.109	0.144	0.085	0.0	
Chromosome	4338881	C	T	0.0	0.016	0.0	0.0	0.0	0.0	0.0	0.0	0.0	0.0	0.0	0.0	0.0	0.0	0.0	0.0	0.0	0.0	0.0	0.0	0.0	0.0	0.0	0.0	0.0	0.0	0.0	0.0	0.0	0.0	0.0	0.0	0.0	0.0	0.0	0.0	0.0	0.0	0.0	0.0	0.0	0.0	0.0	0.0	0.0	0.0	0.0	0.0	0.0	0.0	0.0	0.0	0.0	0.0	0.0	0.0	0.0	0.0	0.0	0.0	0.0	0.0	0.0	0.0	0.0	0.0	0.0	0.0	0.0	
Chromosome	4362816	T	G	0.089	0.151	0.194	0.103	0.047	0.197	0.175	0.197	0.189	0.15	0.15	0.15	0.119	0.091	0.11	0.208	0.125	0.189	0.161	0.194	0.132	0.227	0.199	0.111	0.12	0.091	0.059	0.082	0.055	0.184	0.174	0.16	0.093	0.112	0.086	0.0	0.133	0.148	0.135	0.0	0.123	0.0	0.107	0.138	0.108	0.118	0.117	0.209	0.213	0.242	0.247	0.219	0.221	0.204	0.175	0.172	0.195	0.2	0.0	0.104	0.111	0.084	0.1	0.082	0.168	0.078	0.081	0.097	0.0	
Chromosome	4433310	G	C	0.049	0.151	0.141	0.052	0.008	0.129	0.121	0.173	0.159	0.121	0.151	0.121	0.084	0.046	0.082	0.231	0.194	0.133	0.126	0.136	0.173	0.109	0.094	0.093	0.07	0.083	0.03	0.048	0.034	0.161	0.2	0.089	0.056	0.068	0.038	0.0	0.118	0.093	0.077	0.0	0.107	0.006	0.091	0.106	0.061	0.05	0.077	0.105	0.13	0.15	0.178	0.14	0.14	0.138	0.106	0.267	0.194	0.188	0.0	0.047	0.066	0.048	0.059	0.096	0.088	0.066	0.053	0.049	0.008	
Chromosome	4449585	A	C	0.09	0.168	0.221	0.102	0.083	0.189	0.209	0.286	0.174	0.106	0.16	0.162	0.081	0.115	0.118	0.223	0.18	0.175	0.234	0.186	0.238	0.183	0.143	0.133	0.137	0.105	0.109	0.093	0.068	0.153	0.168	0.207	0.122	0.102	0.106	0.011	0.17	0.213	0.157	0.0	0.176	0.0	0.058	0.177	0.17	0.097	0.103	0.146	0.238	0.248	0.23	0.192	0.15	0.226	0.25	0.179	0.165	0.173	0.01	0.111	0.115	0.1	0.146	0.114	0.118	0.128	0.147	0.072	0.0	
Chromosome	4449597	A	C	0.114	0.126	0.252	0.103	0.033	0.203	0.227	0.218	0.103	0.154	0.189	0.195	0.11	0.104	0.106	0.121	0.145	0.123	0.24	0.218	0.256	0.19	0.206	0.115	0.123	0.093	0.201	0.168	0.066	0.124	0.154	0.241	0.158	0.154	0.15	0.0	0.197	0.182	0.208	0.0	0.241	0.0	0.062	0.188	0.188	0.131	0.162	0.226	0.274	0.262	0.278	0.237	0.2	0.308	0.27	0.1	0.108	0.149	0.005	0.182	0.165	0.116	0.121	0.098	0.235	0.179	0.162	0.129	0.007	
Chromosome	4603855	A	C	0.186	0.098	0.202	0.104	0.208	0.245	0.202	0.185	0.13	0.25	0.185	0.219	0.101	0.137	0.09	0.177	0.067	0.241	0.304	0.248	0.223	0.215	0.281	0.128	0.108	0.124	0.185	0.18	0.085	0.153	0.119	0.243	0.205	0.222	0.214	0.222	0.243	0.22	0.227	0.256	0.276	0.171	0.132	0.226	0.235	0.176	0.219	0.247	0.301	0.224	0.227	0.174	0.294	0.207	0.288	0.108	0.191	0.113	0.24	0.198	0.186	0.229	0.085	0.076	0.199	0.191	0.246	0.207	0.262	
Chromosome	4603861	G	C	0.131	0.141	0.126	0.135	0.204	0.222	0.102	0.204	0.152	0.153	0.131	0.099	0.132	0.138	0.149	0.128	0.075	0.16	0.151	0.177	0.143	0.103	0.182	0.141	0.135	0.133	0.124	0.158	0.142	0.182	0.116	0.134	0.154	0.152	0.143	0.287	0.22	0.164	0.161	0.327	0.142	0.289	0.177	0.167	0.154	0.137	0.119	0.171	0.122	0.175	0.107	0.132	0.201	0.122	0.181	0.184	0.221	0.108	0.354	0.147	0.153	0.173	0.088	0.1	0.191	0.181	0.164	0.172	0.243	
Chromosome	4603866	G	C	0.168	0.139	0.206	0.144	0.2	0.266	0.163	0.283	0.178	0.25	0.175	0.228	0.107	0.13	0.182	0.155	0.091	0.207	0.197	0.201	0.211	0.17	0.235	0.155	0.132	0.126	0.182	0.199	0.164	0.17	0.114	0.182	0.209	0.211	0.195	0.264	0.279	0.181	0.208	0.282	0.212	0.221	0.216	0.226	0.208	0.192	0.195	0.241	0.275	0.203	0.161	0.17	0.216	0.201	0.258	0.211	0.222	0.107	0.291	0.22	0.184	0.202	0.082	0.12	0.239	0.201	0.23	0.204	0.229	
Chromosome	4603867	A	C	0.252	0.105	0.193	0.085	0.176	0.189	0.236	0.234	0.127	0.257	0.271	0.204	0.095	0.118	0.145	0.146	0.091	0.207	0.258	0.253	0.219	0.232	0.285	0.123	0.073	0.09	0.23	0.216	0.055	0.133	0.128	0.278	0.204	0.189	0.239	0.258	0.298	0.233	0.244	0.248	0.34	0.228	0.104	0.319	0.27	0.245	0.242	0.259	0.299	0.229	0.255	0.225	0.296	0.187	0.28	0.079	0.172	0.054	0.314	0.233	0.21	0.259	0.082	0.102	0.247	0.25	0.231	0.251	0.237	
Chromosome	4603868	G	C	0.115	0.098	0.101	0.085	0.102	0.189	0.121	0.192	0.133	0.138	0.14	0.101	0.067	0.092	0.09	0.077	0.04	0.118	0.174	0.107	0.1	0.12	0.102	0.063	0.072	0.065	0.086	0.144	0.068	0.097	0.059	0.155	0.124	0.119	0.102	0.129	0.163	0.106	0.121	0.168	0.089	0.142	0.098	0.153	0.14	0.083	0.116	0.148	0.161	0.098	0.096	0.08	0.178	0.082	0.153	0.135	0.126	0.054	0.192	0.121	0.127	0.127	0.073	0.073	0.158	0.109	0.137	0.132	0.092	
Chromosome	4639740	A	C	0.103	0.267	0.169	0.132	0.077	0.239	0.208	0.314	0.24	0.254	0.246	0.234	0.164	0.141	0.153	0.286	0.268	0.217	0.248	0.173	0.263	0.284	0.177	0.132	0.111	0.145	0.113	0.12	0.108	0.23	0.218	0.254	0.157	0.125	0.111	0.014	0.189	0.18	0.19	0.005	0.218	0.0	0.219	0.233	0.132	0.125	0.115	0.232	0.265	0.212	0.268	0.262	0.243	0.363	0.214	0.16	0.251	0.202	0.005	0.134	0.124	0.127	0.169	0.175	0.171	0.149	0.122	0.122	0.006	
Chromosome	4693154	G	GGGGGGGCCCCC	0.149	0.051	0.144	0.072	0.037	0.211	0.246	0.176	0.031	0.264	0.134	0.178	0.028	0.048	0.045	0.056	0.008	0.111	0.172	0.205	0.292	0.246	0.237	0.027	0.047	0.055	0.181	0.222	0.026	0.045	0.033	0.254	0.212	0.188	0.182	0.0	0.178	0.118	0.145	0.0	0.129	0.0	0.02	0.178	0.21	0.205	0.167	0.12	0.229	0.133	0.239	0.216	0.186	0.18	0.167	0.022	0.04	0.032	0.0	0.198	0.161	0.181	0.036	0.056	0.171	0.199	0.176	0.16	0.0	
Chromosome	4709847	G	GC	0.017	0.119	0.005	0.014	0.125	0.014	0.0	0.0	0.005	0.014	0.01	0.242	0.005	0.022	0.019	0.188	0.0	0.276	0.932	0.022	0.0	0.014	0.008	0.012	0.036	0.01	0.007	0.011	0.23	0.234	0.157	0.0	0.007	0.0	0.007	0.017	0.189	0.011	0.008	0.0	0.023	0.006	0.014	0.021	0.018	0.004	0.002	0.0	0.006	0.008	0.007	0.007	0.19	0.02	0.018	0.0	0.007	0.009	0.006	0.011	0.02	0.008	0.015	0.018	0.005	0.027	0.012	0.08	0.018	
Chromosome	4714804	C	T	0.0	0.376	0.0	0.0	0.0	0.0	0.0	0.0	0.0	0.0	0.0	0.0	0.0	0.0	0.0	0.0	0.0	0.0	0.0	0.0	0.0	0.0	0.0	0.0	0.0	0.0	0.0	0.0	0.0	0.0	0.0	0.0	0.0	0.0	0.0	0.0	0.0	0.0	0.0	0.0	0.0	0.0	0.0	0.0	0.0	0.0	0.0	0.0	0.0	0.0	0.0	0.0	0.0	0.0	0.0	0.0	0.0	0.0	0.0	0.0	0.0	0.0	0.0	0.0	0.0	0.0	0.0	0.0	0.0	
Chromosome	4738601	T	G	0.179	0.207	0.246	0.138	0.07	0.196	0.211	0.261	0.184	0.199	0.215	0.208	0.181	0.141	0.131	0.231	0.247	0.348	0.21	0.277	0.194	0.268	0.255	0.145	0.158	0.209	0.157	0.132	0.082	0.258	0.21	0.297	0.152	0.193	0.133	0.0	0.202	0.177	0.219	0.011	0.212	0.0	0.188	0.241	0.133	0.138	0.187	0.25	0.208	0.254	0.261	0.229	0.239	0.279	0.229	0.2	0.233	0.288	0.0	0.134	0.163	0.163	0.163	0.142	0.234	0.193	0.164	0.15	0.006	
Chromosome	4738611	T	G	0.169	0.227	0.275	0.138	0.053	0.229	0.292	0.291	0.165	0.205	0.146	0.202	0.181	0.13	0.106	0.209	0.241	0.272	0.245	0.196	0.2	0.32	0.314	0.191	0.095	0.132	0.143	0.158	0.092	0.174	0.157	0.219	0.099	0.146	0.119	0.006	0.167	0.21	0.203	0.0	0.219	0.0	0.11	0.2	0.135	0.132	0.15	0.277	0.315	0.287	0.278	0.303	0.211	0.293	0.275	0.105	0.163	0.189	0.0	0.142	0.151	0.104	0.112	0.12	0.231	0.153	0.134	0.13	0.0	
Chromosome	4795816	T	G	0.176	0.12	0.223	0.107	0.104	0.226	0.265	0.184	0.159	0.223	0.239	0.23	0.187	0.138	0.152	0.184	0.179	0.191	0.232	0.262	0.226	0.233	0.22	0.144	0.145	0.146	0.17	0.161	0.131	0.156	0.123	0.223	0.188	0.157	0.158	0.0	0.203	0.203	0.249	0.0	0.231	0.014	0.096	0.267	0.111	0.207	0.164	0.237	0.199	0.344	0.315	0.248	0.242	0.24	0.294	0.147	0.184	0.167	0.0	0.178	0.191	0.202	0.18	0.145	0.236	0.2	0.154	0.196	0.019	
Chromosome	4819342	T	G	0.067	0.127	0.127	0.061	0.047	0.104	0.075	0.149	0.17	0.07	0.079	0.078	0.08	0.094	0.042	0.134	0.167	0.152	0.099	0.137	0.136	0.042	0.141	0.067	0.089	0.062	0.067	0.067	0.047	0.146	0.117	0.15	0.057	0.062	0.075	0.009	0.103	0.09	0.053	0.011	0.107	0.0	0.112	0.103	0.08	0.076	0.081	0.108	0.127	0.114	0.136	0.139	0.093	0.14	0.119	0.13	0.119	0.109	0.007	0.057	0.082	0.073	0.059	0.046	0.084	0.04	0.051	0.062	0.0	
Chromosome	4910340	A	C	0.158	0.176	0.206	0.122	0.098	0.189	0.195	0.207	0.127	0.177	0.157	0.167	0.15	0.091	0.099	0.109	0.147	0.182	0.169	0.174	0.241	0.2	0.199	0.111	0.103	0.117	0.09	0.111	0.126	0.155	0.127	0.175	0.125	0.132	0.126	0.011	0.193	0.183	0.197	0.017	0.203	0.011	0.113	0.155	0.145	0.138	0.113	0.118	0.176	0.219	0.191	0.167	0.23	0.168	0.2	0.175	0.153	0.132	0.006	0.156	0.12	0.1	0.123	0.117	0.133	0.141	0.124	0.123	0.009	
Chromosome	4987024	A	C	0.1	0.171	0.144	0.067	0.072	0.16	0.167	0.115	0.208	0.107	0.093	0.142	0.058	0.081	0.074	0.128	0.148	0.221	0.16	0.151	0.195	0.129	0.154	0.078	0.069	0.056	0.069	0.064	0.065	0.181	0.166	0.155	0.098	0.064	0.068	0.0	0.115	0.076	0.133	0.0	0.113	0.0	0.085	0.136	0.07	0.039	0.068	0.162	0.142	0.168	0.206	0.138	0.103	0.214	0.262	0.125	0.138	0.135	0.0	0.053	0.062	0.051	0.078	0.063	0.106	0.053	0.058	0.052	0.007	
Chromosome	5115081	A	C	0.12	0.108	0.19	0.104	0.048	0.152	0.171	0.18	0.139	0.148	0.119	0.155	0.114	0.155	0.069	0.161	0.139	0.141	0.211	0.207	0.176	0.159	0.21	0.103	0.103	0.127	0.072	0.094	0.1	0.156	0.186	0.23	0.087	0.096	0.09	0.006	0.119	0.115	0.173	0.006	0.151	0.0	0.137	0.131	0.095	0.092	0.105	0.157	0.246	0.205	0.184	0.222	0.192	0.185	0.243	0.231	0.116	0.124	0.0	0.081	0.122	0.073	0.113	0.097	0.142	0.084	0.093	0.116	0.0	
Chromosome	5130928	A	C	0.149	0.168	0.159	0.162	0.137	0.272	0.19	0.239	0.157	0.162	0.141	0.127	0.169	0.114	0.179	0.107	0.17	0.188	0.238	0.191	0.207	0.168	0.165	0.108	0.144	0.153	0.172	0.137	0.148	0.207	0.134	0.146	0.141	0.146	0.138	0.0	0.18	0.141	0.166	0.0	0.143	0.019	0.124	0.135	0.139	0.174	0.132	0.185	0.188	0.135	0.222	0.174	0.245	0.218	0.176	0.208	0.192	0.191	0.012	0.161	0.18	0.147	0.161	0.192	0.158	0.165	0.122	0.13	0.01	
Chromosome	5130937	T	G	0.169	0.097	0.204	0.136	0.115	0.267	0.211	0.31	0.163	0.263	0.168	0.215	0.185	0.127	0.164	0.132	0.172	0.32	0.226	0.245	0.306	0.336	0.298	0.137	0.136	0.153	0.199	0.189	0.094	0.151	0.153	0.219	0.207	0.208	0.158	0.0	0.279	0.272	0.248	0.0	0.271	0.013	0.094	0.224	0.187	0.196	0.17	0.238	0.264	0.19	0.258	0.224	0.281	0.371	0.215	0.194	0.142	0.171	0.0	0.18	0.19	0.194	0.119	0.182	0.248	0.174	0.18	0.172	0.0	
Chromosome	5219799	A	C	0.032	0.107	0.065	0.053	0.0	0.129	0.112	0.109	0.114	0.059	0.05	0.081	0.035	0.032	0.016	0.078	0.143	0.075	0.125	0.117	0.136	0.11	0.095	0.018	0.021	0.024	0.031	0.03	0.007	0.104	0.071	0.125	0.031	0.025	0.014	0.0	0.074	0.067	0.071	0.0	0.05	0.013	0.019	0.045	0.017	0.011	0.03	0.062	0.113	0.146	0.13	0.105	0.111	0.134	0.178	0.192	0.091	0.079	0.005	0.038	0.039	0.033	0.023	0.029	0.056	0.017	0.034	0.042	0.0	
Chromosome	5256988	T	G	0.026	0.069	0.078	0.061	0.034	0.05	0.008	0.039	0.046	0.062	0.042	0.067	0.065	0.074	0.067	0.037	0.069	0.053	0.041	0.072	0.05	0.065	0.065	0.098	0.069	0.048	0.035	0.025	0.014	0.064	0.082	0.052	0.036	0.024	0.036	0.0	0.055	0.043	0.061	0.0	0.045	0.0	0.038	0.052	0.039	0.031	0.034	0.045	0.077	0.065	0.054	0.05	0.058	0.043	0.038	0.02	0.036	0.066	0.0	0.022	0.056	0.036	0.074	0.07	0.051	0.025	0.036	0.029	0.0	
Chromosome	5285724	T	A	0.033	0.102	0.093	0.021	0.03	0.146	0.082	0.125	0.07	0.076	0.068	0.028	0.024	0.025	0.008	0.08	0.071	0.111	0.152	0.102	0.135	0.115	0.079	0.014	0.021	0.037	0.007	0.022	0.015	0.028	0.047	0.077	0.038	0.02	0.017	0.0	0.081	0.059	0.088	0.0	0.069	0.0	0.036	0.056	0.02	0.031	0.017	0.099	0.074	0.092	0.095	0.124	0.107	0.127	0.099	0.048	0.069	0.037	0.0	0.058	0.035	0.02	0.033	0.026	0.07	0.019	0.057	0.025	0.0	
Chromosome	5359307	A	C	0.12	0.127	0.241	0.13	0.051	0.295	0.265	0.266	0.089	0.15	0.182	0.175	0.149	0.141	0.12	0.105	0.148	0.242	0.268	0.265	0.267	0.25	0.301	0.121	0.099	0.113	0.131	0.147	0.071	0.127	0.142	0.215	0.163	0.119	0.131	0.005	0.205	0.227	0.258	0.0	0.231	0.005	0.142	0.197	0.145	0.132	0.149	0.25	0.301	0.293	0.333	0.247	0.211	0.302	0.34	0.093	0.115	0.121	0.0	0.134	0.144	0.091	0.115	0.132	0.16	0.144	0.123	0.108	0.0	
Chromosome	5437973	A	C	0.047	0.146	0.172	0.088	0.056	0.079	0.131	0.087	0.111	0.094	0.056	0.113	0.086	0.048	0.078	0.179	0.144	0.127	0.132	0.134	0.037	0.175	0.118	0.055	0.071	0.078	0.084	0.059	0.03	0.107	0.075	0.112	0.081	0.049	0.034	0.01	0.063	0.073	0.08	0.0	0.12	0.0	0.036	0.087	0.058	0.11	0.075	0.045	0.167	0.115	0.145	0.121	0.193	0.083	0.188	0.045	0.095	0.128	0.006	0.066	0.062	0.04	0.047	0.035	0.073	0.024	0.04	0.035	0.0	
Chromosome	5461789	T	G	0.108	0.442	0.455	0.239	0.107	0.359	0.451	0.46	0.412	0.349	0.333	0.346	0.225	0.197	0.174	0.5	0.404	0.315	0.39	0.494	0.459	0.457	0.602	0.237	0.217	0.231	0.174	0.22	0.145	0.316	0.327	0.353	0.17	0.168	0.167	0.0	0.33	0.357	0.409	0.008	0.326	0.006	0.263	0.33	0.181	0.164	0.215	0.327	0.487	0.46	0.532	0.438	0.352	0.44	0.413	0.6	0.472	0.342	0.011	0.163	0.144	0.082	0.179	0.278	0.232	0.118	0.137	0.175	0.01	
Chromosome	5461792	C	G	0.043	0.214	0.194	0.085	0.0	0.129	0.294	0.138	0.163	0.101	0.053	0.105	0.036	0.069	0.076	0.154	0.179	0.204	0.207	0.202	0.172	0.2	0.253	0.076	0.057	0.05	0.015	0.073	0.005	0.152	0.151	0.202	0.056	0.044	0.03	0.0	0.104	0.134	0.15	0.0	0.047	0.0	0.144	0.14	0.058	0.047	0.049	0.143	0.165	0.161	0.242	0.148	0.111	0.21	0.242	0.305	0.201	0.125	0.0	0.048	0.03	0.043	0.04	0.035	0.123	0.063	0.044	0.044	0.0	
Chromosome	5461806	A	C	0.089	0.125	0.274	0.113	0.037	0.242	0.213	0.242	0.126	0.229	0.184	0.15	0.091	0.176	0.115	0.15	0.105	0.194	0.305	0.162	0.238	0.222	0.333	0.092	0.076	0.119	0.089	0.106	0.09	0.15	0.119	0.294	0.141	0.115	0.079	0.0	0.214	0.2	0.194	0.0	0.144	0.0	0.057	0.103	0.166	0.069	0.11	0.153	0.209	0.186	0.229	0.152	0.151	0.205	0.262	0.179	0.153	0.179	0.0	0.118	0.075	0.092	0.101	0.144	0.144	0.09	0.101	0.098	0.01	
Chromosome	5473423	A	C	0.051	0.057	0.071	0.009	0.018	0.037	0.05	0.047	0.014	0.114	0.088	0.054	0.021	0.025	0.027	0.0	0.031	0.113	0.054	0.09	0.112	0.074	0.035	0.0	0.007	0.035	0.02	0.029	0.028	0.009	0.023	0.057	0.054	0.042	0.018	0.005	0.04	0.058	0.027	0.0	0.067	0.006	0.015	0.052	0.04	0.05	0.043	0.062	0.044	0.031	0.037	0.028	0.051	0.027	0.045	0.0	0.01	0.014	0.0	0.03	0.03	0.017	0.051	0.03	0.059	0.03	0.04	0.058	0.0	
Chromosome	5473426	A	C	0.113	0.171	0.186	0.053	0.067	0.193	0.205	0.216	0.11	0.161	0.175	0.13	0.067	0.074	0.106	0.108	0.129	0.222	0.194	0.227	0.316	0.27	0.171	0.1	0.087	0.079	0.093	0.081	0.036	0.102	0.094	0.219	0.126	0.087	0.1	0.016	0.073	0.213	0.114	0.0	0.127	0.0	0.042	0.142	0.108	0.129	0.097	0.083	0.239	0.162	0.176	0.194	0.149	0.202	0.179	0.148	0.121	0.14	0.0	0.075	0.108	0.058	0.077	0.094	0.132	0.103	0.14	0.125	0.007	
Chromosome	5512267	A	C	0.136	0.233	0.195	0.173	0.136	0.148	0.275	0.185	0.193	0.247	0.181	0.204	0.122	0.205	0.17	0.194	0.214	0.205	0.27	0.237	0.228	0.226	0.227	0.184	0.201	0.177	0.138	0.15	0.116	0.181	0.239	0.144	0.131	0.143	0.133	0.0	0.181	0.201	0.176	0.006	0.208	0.005	0.164	0.26	0.116	0.126	0.154	0.179	0.237	0.242	0.247	0.222	0.264	0.202	0.262	0.289	0.301	0.2	0.005	0.129	0.12	0.087	0.192	0.169	0.136	0.123	0.111	0.126	0.0	
Chromosome	5521106	A	C	0.049	0.136	0.123	0.086	0.036	0.13	0.189	0.122	0.146	0.126	0.139	0.124	0.078	0.068	0.053	0.158	0.144	0.132	0.13	0.162	0.131	0.142	0.173	0.057	0.058	0.071	0.068	0.08	0.056	0.139	0.127	0.163	0.058	0.081	0.051	0.0	0.078	0.071	0.133	0.0	0.138	0.006	0.121	0.11	0.059	0.059	0.072	0.176	0.195	0.212	0.2	0.144	0.163	0.19	0.204	0.057	0.145	0.105	0.004	0.053	0.072	0.077	0.109	0.093	0.082	0.077	0.051	0.078	0.0	
Chromosome	5521109	A	C	0.077	0.135	0.133	0.095	0.03	0.151	0.144	0.111	0.146	0.139	0.135	0.081	0.082	0.05	0.068	0.157	0.189	0.169	0.147	0.154	0.19	0.153	0.109	0.119	0.06	0.066	0.06	0.076	0.053	0.133	0.113	0.109	0.09	0.058	0.05	0.0	0.091	0.134	0.139	0.011	0.178	0.0	0.094	0.114	0.04	0.042	0.075	0.179	0.18	0.167	0.189	0.174	0.131	0.214	0.155	0.121	0.139	0.156	0.0	0.076	0.052	0.096	0.112	0.075	0.087	0.063	0.062	0.057	0.006	
Chromosome	5631185	T	G	0.232	0.347	0.249	0.261	0.21	0.281	0.261	0.269	0.421	0.264	0.265	0.239	0.316	0.266	0.286	0.274	0.297	0.224	0.264	0.229	0.232	0.288	0.267	0.309	0.285	0.313	0.215	0.234	0.33	0.243	0.316	0.168	0.213	0.261	0.19	0.094	0.239	0.335	0.306	0.049	0.268	0.045	0.289	0.244	0.238	0.272	0.239	0.342	0.339	0.239	0.336	0.285	0.278	0.244	0.301	0.338	0.306	0.337	0.064	0.287	0.289	0.225	0.349	0.368	0.238	0.271	0.222	0.239	0.086	
Chromosome	5649824	A	C	0.038	0.127	0.156	0.065	0.0	0.132	0.204	0.11	0.116	0.084	0.153	0.107	0.041	0.021	0.066	0.165	0.157	0.161	0.156	0.141	0.13	0.155	0.189	0.057	0.046	0.049	0.04	0.053	0.056	0.146	0.145	0.131	0.063	0.037	0.043	0.0	0.077	0.151	0.12	0.02	0.12	0.006	0.046	0.132	0.039	0.059	0.068	0.158	0.154	0.163	0.244	0.165	0.145	0.221	0.157	0.074	0.161	0.134	0.012	0.063	0.031	0.034	0.069	0.054	0.055	0.023	0.078	0.039	0.0	
Chromosome	5651226	A	G	0.228	0.232	0.222	0.167	0.06	0.278	0.245	0.261	0.212	0.256	0.243	0.196	0.136	0.168	0.18	0.23	0.183	0.32	0.153	0.194	0.222	0.178	0.219	0.169	0.171	0.112	0.181	0.18	0.093	0.177	0.235	0.229	0.199	0.162	0.141	0.006	0.204	0.284	0.228	0.0	0.198	0.0	0.106	0.174	0.147	0.233	0.131	0.114	0.149	0.187	0.235	0.206	0.218	0.195	0.261	0.056	0.22	0.216	0.0	0.209	0.186	0.209	0.171	0.139	0.22	0.244	0.18	0.222	0.0	
Chromosome	5693409	C	G	0.205	0.374	0.432	0.217	0.115	0.458	0.42	0.361	0.413	0.286	0.275	0.295	0.238	0.159	0.164	0.525	0.508	0.348	0.316	0.427	0.388	0.347	0.42	0.246	0.267	0.244	0.248	0.23	0.26	0.37	0.408	0.339	0.245	0.208	0.2	0.0	0.291	0.274	0.224	0.0	0.196	0.0	0.21	0.281	0.193	0.258	0.211	0.348	0.524	0.549	0.461	0.455	0.434	0.378	0.37	0.629	0.437	0.394	0.0	0.242	0.238	0.229	0.248	0.239	0.322	0.243	0.225	0.17	0.0	
Chromosome	5723895	T	G	0.039	0.097	0.099	0.023	0.016	0.068	0.093	0.086	0.067	0.035	0.033	0.045	0.024	0.033	0.033	0.044	0.075	0.11	0.122	0.096	0.077	0.113	0.118	0.047	0.051	0.042	0.03	0.03	0.021	0.067	0.084	0.114	0.04	0.037	0.016	0.0	0.075	0.04	0.06	0.005	0.088	0.0	0.045	0.095	0.03	0.042	0.028	0.112	0.144	0.083	0.135	0.083	0.096	0.117	0.116	0.091	0.056	0.07	0.0	0.034	0.048	0.044	0.044	0.034	0.02	0.036	0.018	0.038	0.015	
Chromosome	5758976	T	G	0.068	0.098	0.094	0.048	0.024	0.109	0.095	0.153	0.105	0.105	0.125	0.098	0.068	0.065	0.069	0.114	0.111	0.148	0.102	0.129	0.119	0.163	0.115	0.066	0.071	0.056	0.045	0.062	0.038	0.077	0.083	0.105	0.077	0.036	0.061	0.011	0.121	0.156	0.102	0.006	0.134	0.0	0.069	0.077	0.056	0.057	0.078	0.135	0.06	0.143	0.12	0.167	0.144	0.111	0.161	0.097	0.099	0.091	0.0	0.057	0.054	0.049	0.041	0.075	0.101	0.054	0.07	0.05	0.015	
Chromosome	5763293	G	A	0.0	0.124	0.0	0.0	0.0	0.0	0.0	0.0	0.0	0.0	0.0	0.0	0.0	0.0	0.0	0.0	0.0	0.0	0.0	0.0	0.0	0.0	0.0	0.005	0.0	0.0	0.0	0.0	0.0	0.0	0.0	0.0	0.0	0.0	0.0	0.0	0.0	0.0	0.0	0.0	0.0	0.0	0.0	0.0	0.0	0.0	0.0	0.0	0.0	0.0	0.0	0.0	0.0	0.0	0.0	0.0	0.0	0.0	0.0	0.002	0.0	0.0	0.0	0.0	0.0	0.0	0.0	0.0	0.0	
Chromosome	5812441	C	CGGGG	0.0	0.0	0.0	0.0	0.0	0.0	0.0	0.0	0.0	0.0	0.0	0.0	0.0	0.0	0.0	0.0	0.0	0.0	0.0	0.0	0.0	0.0	0.0	0.0	0.0	0.0	0.0	0.0	0.0	0.0	0.009	0.0	0.0	0.0	0.0	0.0	0.008	0.0	0.0	0.0	0.0	0.0	0.0	0.0	0.0	0.0	0.0	0.0	0.0	0.0	0.0	0.0	0.0	0.021	0.0	0.042	0.0	0.007	0.0	0.0	0.0	0.0	0.0	0.0	0.0	0.0	0.0	0.0	0.0	
Chromosome	5812443	T	G	0.097	0.022	0.167	0.03	0.0	0.162	0.158	0.062	0.056	0.12	0.118	0.115	0.028	0.034	0.016	0.038	0.051	0.204	0.074	0.197	0.106	0.122	0.211	0.024	0.024	0.008	0.063	0.071	0.006	0.02	0.046	0.161	0.097	0.07	0.062	0.0	0.081	0.115	0.108	0.015	0.097	0.0	0.032	0.118	0.074	0.065	0.072	0.143	0.07	0.104	0.131	0.119	0.175	0.234	0.184	0.12	0.015	0.061	0.0	0.073	0.099	0.031	0.026	0.018	0.102	0.097	0.073	0.075	0.0	
Chromosome	5812445	C	G	0.335	0.602	0.458	0.504	0.425	0.324	0.421	0.34	0.553	0.421	0.429	0.43	0.491	0.487	0.472	0.644	0.607	0.481	0.34	0.448	0.383	0.383	0.491	0.531	0.593	0.504	0.367	0.358	0.452	0.66	0.68	0.407	0.392	0.362	0.337	0.0	0.382	0.446	0.398	0.007	0.391	0.0	0.649	0.396	0.415	0.394	0.402	0.327	0.483	0.413	0.508	0.293	0.429	0.479	0.487	0.583	0.681	0.715	0.0	0.374	0.399	0.323	0.375	0.532	0.444	0.292	0.385	0.383	0.0	
Chromosome	5812482	A	C	0.256	0.43	0.394	0.339	0.248	0.364	0.286	0.176	0.433	0.274	0.256	0.256	0.232	0.276	0.298	0.516	0.469	0.357	0.236	0.3	0.447	0.264	0.375	0.29	0.267	0.379	0.224	0.271	0.217	0.482	0.423	0.312	0.243	0.243	0.247	0.006	0.34	0.26	0.306	0.036	0.263	0.006	0.41	0.374	0.302	0.23	0.234	0.362	0.365	0.422	0.321	0.273	0.357	0.362	0.512	0.263	0.417	0.381	0.0	0.25	0.252	0.225	0.308	0.432	0.394	0.266	0.202	0.209	0.007	
Chromosome	5817522	T	TG	0.0	0.195	0.0	0.0	0.0	0.0	0.0	0.0	0.0	0.0	0.0	0.0	0.0	0.0	0.0	0.0	0.0	0.0	0.0	0.0	0.0	0.0	0.0	0.0	0.0	0.0	0.0	0.0	0.0	0.0	0.0	0.0	0.0	0.0	0.0	0.0	0.0	0.0	0.0	0.0	0.0	0.0	0.0	0.0	0.0	0.0	0.0	0.0	0.0	0.0	0.0	0.0	0.0	0.0	0.0	0.0	0.0	0.0	0.0	0.0	0.0	0.0	0.0	0.0	0.0	0.0	0.0	0.0	0.0	
Chromosome	5884206	A	C	0.112	0.097	0.141	0.071	0.089	0.187	0.179	0.103	0.062	0.113	0.131	0.128	0.073	0.1	0.101	0.074	0.094	0.141	0.089	0.087	0.087	0.124	0.035	0.073	0.061	0.074	0.08	0.127	0.066	0.12	0.065	0.09	0.107	0.106	0.062	0.0	0.152	0.1	0.157	0.008	0.123	0.0	0.14	0.126	0.053	0.078	0.083	0.155	0.147	0.188	0.181	0.105	0.092	0.102	0.095	0.111	0.081	0.071	0.0	0.091	0.066	0.079	0.053	0.094	0.067	0.114	0.119	0.096	0.0	
Chromosome	5897510	T	G	0.078	0.132	0.083	0.115	0.09	0.138	0.074	0.095	0.086	0.132	0.09	0.123	0.094	0.078	0.112	0.057	0.174	0.109	0.125	0.075	0.055	0.073	0.091	0.119	0.126	0.112	0.085	0.1	0.071	0.136	0.108	0.087	0.069	0.121	0.092	0.005	0.114	0.081	0.128	0.0	0.167	0.005	0.124	0.14	0.072	0.059	0.094	0.11	0.063	0.053	0.085	0.105	0.097	0.081	0.098	0.063	0.078	0.091	0.0	0.118	0.117	0.123	0.107	0.07	0.068	0.081	0.124	0.119	0.0	
Chromosome	5917291	A	C	0.095	0.131	0.116	0.09	0.048	0.127	0.248	0.237	0.134	0.102	0.107	0.132	0.056	0.165	0.116	0.13	0.223	0.156	0.169	0.211	0.188	0.175	0.201	0.126	0.108	0.114	0.098	0.093	0.074	0.193	0.136	0.158	0.074	0.113	0.076	0.007	0.149	0.2	0.116	0.007	0.126	0.006	0.087	0.105	0.096	0.089	0.096	0.194	0.23	0.186	0.265	0.219	0.264	0.229	0.185	0.273	0.153	0.11	0.0	0.098	0.1	0.068	0.114	0.121	0.101	0.083	0.078	0.071	0.008	
Chromosome	5939320	T	G	0.13	0.155	0.234	0.134	0.047	0.221	0.192	0.246	0.157	0.178	0.21	0.187	0.179	0.155	0.148	0.159	0.106	0.252	0.262	0.273	0.221	0.245	0.23	0.145	0.122	0.11	0.137	0.132	0.077	0.106	0.153	0.19	0.148	0.139	0.122	0.0	0.177	0.216	0.167	0.0	0.216	0.0	0.156	0.201	0.121	0.145	0.154	0.258	0.238	0.256	0.282	0.267	0.221	0.256	0.246	0.163	0.137	0.139	0.0	0.108	0.177	0.119	0.104	0.112	0.158	0.131	0.159	0.092	0.0	
Chromosome	5939331	T	G	0.153	0.148	0.22	0.133	0.062	0.29	0.182	0.317	0.126	0.208	0.176	0.195	0.166	0.168	0.132	0.123	0.042	0.214	0.3	0.291	0.227	0.261	0.259	0.12	0.116	0.168	0.155	0.195	0.073	0.089	0.139	0.177	0.148	0.178	0.174	0.0	0.197	0.209	0.195	0.007	0.239	0.0	0.083	0.215	0.158	0.17	0.189	0.233	0.267	0.262	0.258	0.286	0.255	0.273	0.257	0.125	0.138	0.11	0.013	0.146	0.164	0.131	0.132	0.121	0.19	0.136	0.176	0.134	0.0	
Chromosome	6065279	A	C	0.132	0.184	0.207	0.102	0.092	0.213	0.229	0.288	0.165	0.171	0.211	0.178	0.14	0.127	0.136	0.215	0.134	0.203	0.27	0.198	0.23	0.222	0.204	0.126	0.117	0.118	0.119	0.136	0.049	0.166	0.196	0.177	0.13	0.136	0.117	0.0	0.129	0.199	0.181	0.0	0.173	0.0	0.161	0.157	0.11	0.107	0.121	0.198	0.196	0.284	0.145	0.16	0.215	0.28	0.21	0.2	0.21	0.181	0.0	0.152	0.167	0.17	0.132	0.108	0.122	0.111	0.13	0.125	0.0	
Chromosome	6075172	A	C	0.13	0.253	0.258	0.241	0.133	0.18	0.25	0.229	0.3	0.239	0.237	0.211	0.198	0.181	0.189	0.258	0.344	0.211	0.317	0.211	0.241	0.17	0.197	0.213	0.235	0.195	0.18	0.16	0.2	0.299	0.322	0.286	0.152	0.187	0.184	0.006	0.285	0.252	0.289	0.0	0.254	0.007	0.296	0.24	0.184	0.16	0.143	0.314	0.188	0.24	0.219	0.222	0.26	0.152	0.232	0.341	0.333	0.328	0.006	0.155	0.168	0.176	0.206	0.226	0.167	0.176	0.148	0.163	0.0	
Chromosome	6135889	T	G	0.068	0.158	0.139	0.108	0.045	0.228	0.201	0.267	0.148	0.14	0.163	0.132	0.118	0.12	0.104	0.127	0.141	0.179	0.236	0.245	0.292	0.219	0.175	0.13	0.168	0.131	0.068	0.057	0.079	0.151	0.15	0.174	0.062	0.082	0.079	0.0	0.162	0.145	0.147	0.016	0.134	0.0	0.105	0.157	0.098	0.069	0.092	0.274	0.24	0.203	0.239	0.27	0.183	0.2	0.227	0.194	0.173	0.166	0.006	0.066	0.11	0.081	0.136	0.144	0.178	0.095	0.071	0.067	0.007	
Chromosome	6135898	A	C	0.048	0.168	0.123	0.084	0.038	0.276	0.254	0.287	0.133	0.132	0.151	0.101	0.114	0.079	0.117	0.14	0.126	0.133	0.25	0.295	0.341	0.252	0.239	0.066	0.092	0.075	0.048	0.046	0.042	0.154	0.12	0.109	0.054	0.073	0.048	0.0	0.145	0.132	0.119	0.0	0.119	0.0	0.044	0.122	0.078	0.059	0.039	0.24	0.247	0.262	0.245	0.261	0.254	0.178	0.265	0.162	0.138	0.148	0.006	0.047	0.044	0.054	0.101	0.084	0.135	0.045	0.065	0.061	0.0	
Chromosome	6162242	C	G	0.111	0.137	0.127	0.071	0.07	0.097	0.13	0.094	0.171	0.155	0.148	0.149	0.107	0.087	0.123	0.098	0.152	0.102	0.126	0.134	0.12	0.088	0.155	0.101	0.093	0.097	0.091	0.089	0.114	0.135	0.064	0.114	0.116	0.07	0.119	0.044	0.127	0.175	0.133	0.081	0.141	0.049	0.075	0.164	0.108	0.105	0.098	0.124	0.184	0.2	0.19	0.11	0.122	0.195	0.125	0.283	0.148	0.114	0.034	0.112	0.113	0.109	0.069	0.085	0.123	0.085	0.081	0.117	0.017	
Chromosome	6255217	A	G	0.094	0.163	0.239	0.079	0.036	0.14	0.134	0.135	0.147	0.118	0.149	0.154	0.106	0.067	0.087	0.179	0.247	0.168	0.232	0.221	0.16	0.2	0.13	0.123	0.121	0.095	0.064	0.087	0.052	0.176	0.203	0.205	0.116	0.101	0.114	0.0	0.186	0.148	0.119	0.0	0.172	0.0	0.136	0.14	0.097	0.084	0.115	0.244	0.227	0.176	0.212	0.194	0.278	0.255	0.194	0.163	0.179	0.137	0.0	0.082	0.084	0.106	0.11	0.102	0.215	0.128	0.108	0.113	0.0	
Chromosome	6255220	T	G	0.142	0.144	0.265	0.108	0.103	0.232	0.268	0.283	0.103	0.22	0.176	0.2	0.15	0.105	0.096	0.14	0.192	0.245	0.282	0.277	0.226	0.242	0.167	0.107	0.109	0.103	0.121	0.151	0.09	0.15	0.131	0.28	0.19	0.135	0.165	0.0	0.287	0.191	0.222	0.0	0.239	0.006	0.091	0.223	0.141	0.165	0.145	0.256	0.326	0.183	0.301	0.25	0.307	0.328	0.259	0.128	0.115	0.097	0.0	0.145	0.146	0.14	0.102	0.118	0.222	0.133	0.139	0.18	0.0	
Chromosome	6273839	T	G	0.09	0.104	0.155	0.088	0.069	0.213	0.169	0.151	0.119	0.107	0.072	0.176	0.123	0.055	0.078	0.149	0.11	0.18	0.21	0.226	0.16	0.193	0.151	0.073	0.093	0.093	0.079	0.109	0.084	0.122	0.146	0.142	0.088	0.065	0.085	0.0	0.12	0.137	0.14	0.007	0.136	0.0	0.103	0.178	0.057	0.086	0.091	0.096	0.16	0.23	0.154	0.237	0.137	0.184	0.154	0.161	0.179	0.092	0.0	0.119	0.096	0.077	0.083	0.037	0.116	0.09	0.091	0.081	0.0	
Chromosome	6336519	G	C	0.131	0.182	0.151	0.11	0.085	0.108	0.132	0.12	0.184	0.091	0.101	0.14	0.102	0.137	0.183	0.1	0.057	0.107	0.194	0.087	0.085	0.145	0.111	0.137	0.163	0.106	0.072	0.175	0.181	0.053	0.075	0.13	0.163	0.192	0.128	0.005	0.126	0.097	0.144	0.0	0.101	0.0	0.083	0.152	0.114	0.177	0.13	0.062	0.082	0.136	0.098	0.12	0.106	0.138	0.108	0.167	0.269	0.042	0.0	0.156	0.116	0.138	0.117	0.138	0.139	0.143	0.117	0.122	0.0	
Chromosome	6336520	T	G	0.244	0.392	0.407	0.328	0.276	0.378	0.288	0.297	0.35	0.317	0.281	0.321	0.312	0.4	0.35	0.315	0.571	0.4	0.316	0.278	0.293	0.39	0.352	0.381	0.292	0.258	0.246	0.307	0.324	0.34	0.286	0.416	0.335	0.325	0.268	0.005	0.323	0.296	0.347	0.013	0.339	0.017	0.256	0.409	0.246	0.397	0.282	0.415	0.356	0.308	0.3	0.413	0.348	0.358	0.269	0.643	0.367	0.391	0.005	0.317	0.296	0.269	0.343	0.368	0.331	0.288	0.281	0.346	0.0	
Chromosome	6336530	A	C	0.311	0.514	0.415	0.338	0.194	0.423	0.479	0.549	0.364	0.373	0.504	0.319	0.339	0.379	0.409	0.457	0.65	0.426	0.444	0.552	0.448	0.57	0.522	0.433	0.349	0.387	0.218	0.247	0.255	0.371	0.433	0.492	0.307	0.271	0.27	0.0	0.387	0.421	0.424	0.006	0.408	0.0	0.385	0.372	0.288	0.293	0.241	0.548	0.438	0.586	0.506	0.373	0.5	0.523	0.534	0.667	0.585	0.403	0.0	0.255	0.285	0.199	0.331	0.267	0.395	0.258	0.247	0.301	0.0	
Chromosome	6336531	C	G	0.135	0.368	0.205	0.151	0.074	0.227	0.137	0.28	0.292	0.171	0.236	0.105	0.142	0.208	0.142	0.229	0.429	0.204	0.202	0.33	0.326	0.291	0.319	0.127	0.111	0.126	0.164	0.139	0.176	0.214	0.217	0.207	0.187	0.137	0.139	0.0	0.202	0.19	0.161	0.0	0.151	0.0	0.167	0.124	0.196	0.172	0.158	0.306	0.239	0.267	0.333	0.274	0.233	0.341	0.293	0.55	0.451	0.316	0.0	0.152	0.115	0.127	0.121	0.154	0.211	0.139	0.129	0.157	0.0	
Chromosome	6410346	A	C	0.147	0.137	0.191	0.074	0.031	0.272	0.259	0.222	0.14	0.13	0.141	0.123	0.071	0.07	0.095	0.133	0.115	0.148	0.189	0.214	0.157	0.252	0.243	0.066	0.071	0.097	0.128	0.124	0.037	0.149	0.178	0.215	0.067	0.12	0.101	0.01	0.152	0.149	0.145	0.0	0.177	0.0	0.038	0.197	0.118	0.108	0.119	0.206	0.202	0.167	0.19	0.215	0.22	0.219	0.23	0.179	0.17	0.124	0.0	0.12	0.103	0.104	0.079	0.074	0.147	0.105	0.128	0.121	0.006	
Chromosome	6410351	G	C	0.043	0.143	0.121	0.08	0.008	0.171	0.217	0.145	0.099	0.07	0.072	0.104	0.071	0.063	0.068	0.182	0.159	0.099	0.121	0.107	0.093	0.142	0.153	0.045	0.039	0.055	0.043	0.057	0.022	0.165	0.176	0.148	0.051	0.05	0.037	0.0	0.076	0.091	0.071	0.0	0.081	0.006	0.077	0.035	0.058	0.056	0.052	0.186	0.139	0.129	0.132	0.134	0.083	0.159	0.163	0.255	0.141	0.152	0.0	0.056	0.048	0.037	0.044	0.031	0.053	0.05	0.057	0.056	0.006	
Chromosome	6425911	T	G	0.074	0.105	0.182	0.084	0.071	0.067	0.098	0.087	0.112	0.12	0.073	0.068	0.105	0.079	0.085	0.07	0.076	0.093	0.09	0.043	0.123	0.081	0.076	0.052	0.13	0.123	0.074	0.086	0.073	0.099	0.073	0.125	0.077	0.044	0.047	0.0	0.054	0.07	0.077	0.0	0.059	0.0	0.082	0.078	0.073	0.079	0.079	0.103	0.073	0.077	0.052	0.073	0.083	0.094	0.1	0.235	0.076	0.097	0.0	0.039	0.054	0.045	0.066	0.101	0.073	0.071	0.068	0.064	0.0	
Chromosome	6467068	T	G	0.017	0.089	0.075	0.03	0.007	0.056	0.093	0.093	0.068	0.047	0.056	0.024	0.034	0.063	0.034	0.113	0.097	0.116	0.075	0.04	0.108	0.081	0.031	0.029	0.021	0.034	0.025	0.026	0.019	0.078	0.06	0.073	0.025	0.031	0.028	0.0	0.081	0.031	0.03	0.013	0.042	0.006	0.016	0.06	0.023	0.019	0.025	0.093	0.134	0.124	0.061	0.102	0.075	0.175	0.09	0.083	0.048	0.059	0.0	0.03	0.021	0.023	0.017	0.012	0.046	0.014	0.034	0.013	0.0	
Chromosome	6478685	A	C	0.196	0.237	0.246	0.179	0.075	0.308	0.234	0.303	0.186	0.19	0.206	0.228	0.095	0.197	0.159	0.216	0.183	0.222	0.247	0.26	0.229	0.223	0.165	0.126	0.126	0.163	0.175	0.199	0.13	0.181	0.195	0.29	0.185	0.137	0.164	0.0	0.264	0.231	0.275	0.006	0.311	0.006	0.112	0.224	0.193	0.151	0.169	0.381	0.328	0.321	0.281	0.305	0.347	0.242	0.275	0.207	0.182	0.156	0.006	0.205	0.121	0.153	0.144	0.107	0.239	0.156	0.177	0.144	0.0	
Chromosome	6478702	A	C	0.165	0.255	0.216	0.147	0.067	0.328	0.224	0.229	0.262	0.273	0.219	0.215	0.16	0.17	0.169	0.228	0.167	0.173	0.264	0.313	0.289	0.181	0.205	0.168	0.198	0.167	0.116	0.158	0.13	0.234	0.237	0.259	0.131	0.136	0.102	0.005	0.226	0.227	0.246	0.0	0.298	0.0	0.123	0.2	0.152	0.139	0.142	0.347	0.32	0.324	0.312	0.315	0.296	0.268	0.261	0.222	0.224	0.273	0.005	0.154	0.117	0.124	0.164	0.186	0.224	0.088	0.134	0.114	0.007	
Chromosome	6497017	G	GGCGTGGC	0.365	0.018	0.178	0.137	0.309	0.129	0.183	0.186	0.023	0.287	0.343	0.244	0.111	0.1	0.197	0.07	0.062	0.149	0.118	0.188	0.18	0.222	0.136	0.114	0.11	0.091	0.386	0.305	0.073	0.037	0.057	0.193	0.386	0.338	0.359	0.218	0.333	0.256	0.313	0.186	0.299	0.226	0.062	0.309	0.358	0.382	0.356	0.231	0.061	0.216	0.128	0.197	0.107	0.062	0.182	0.057	0.045	0.097	0.2	0.343	0.312	0.372	0.144	0.196	0.222	0.422	0.4	0.33	0.199	
Chromosome	6501295	T	G	0.132	0.205	0.188	0.19	0.168	0.167	0.149	0.169	0.213	0.176	0.198	0.117	0.202	0.148	0.215	0.273	0.259	0.187	0.164	0.209	0.108	0.099	0.204	0.229	0.262	0.239	0.157	0.152	0.101	0.217	0.22	0.167	0.172	0.13	0.122	0.056	0.216	0.178	0.173	0.067	0.171	0.041	0.156	0.199	0.154	0.135	0.161	0.181	0.147	0.153	0.159	0.18	0.212	0.116	0.186	0.309	0.215	0.23	0.057	0.129	0.162	0.135	0.171	0.209	0.171	0.16	0.139	0.127	0.078	
Chromosome	6687516	C	G	0.122	0.392	0.211	0.191	0.094	0.203	0.172	0.16	0.435	0.179	0.184	0.199	0.247	0.231	0.15	0.415	0.488	0.211	0.25	0.325	0.234	0.275	0.271	0.206	0.23	0.189	0.061	0.075	0.163	0.385	0.349	0.193	0.144	0.091	0.084	0.0	0.184	0.171	0.158	0.0	0.121	0.0	0.253	0.158	0.102	0.113	0.102	0.269	0.315	0.235	0.258	0.314	0.139	0.281	0.229	0.558	0.367	0.383	0.0	0.093	0.099	0.071	0.189	0.224	0.174	0.119	0.094	0.076	0.0	
Chromosome	6687520	G	C	0.231	0.56	0.32	0.257	0.181	0.286	0.258	0.238	0.504	0.228	0.278	0.223	0.262	0.184	0.259	0.375	0.453	0.136	0.263	0.313	0.274	0.2	0.336	0.238	0.232	0.234	0.146	0.214	0.237	0.311	0.413	0.242	0.215	0.192	0.161	0.0	0.261	0.207	0.242	0.0	0.238	0.0	0.381	0.302	0.226	0.212	0.181	0.346	0.383	0.324	0.371	0.393	0.171	0.36	0.302	0.441	0.5	0.411	0.005	0.221	0.206	0.159	0.209	0.26	0.269	0.216	0.177	0.223	0.005	
Chromosome	6687524	T	G	0.332	0.446	0.45	0.277	0.115	0.434	0.459	0.475	0.46	0.342	0.451	0.34	0.288	0.226	0.232	0.425	0.429	0.333	0.458	0.512	0.505	0.57	0.53	0.215	0.257	0.276	0.27	0.319	0.195	0.291	0.372	0.348	0.285	0.314	0.265	0.0	0.447	0.368	0.432	0.0	0.394	0.012	0.245	0.444	0.299	0.311	0.257	0.525	0.611	0.5	0.592	0.5	0.578	0.471	0.426	0.429	0.311	0.333	0.004	0.296	0.303	0.247	0.204	0.318	0.328	0.289	0.293	0.267	0.005	
Chromosome	6687528	A	C,G	0.0	0.0	0.006	0.0	0.0	0.012	0.0	0.0	0.0	0.0	0.0	0.0	0.0	0.0	0.0	0.009	0.0	0.0	0.0	0.0	0.0	0.0	0.0	0.0	0.0	0.0	0.0	0.0	0.0	0.0	0.0	0.0	0.0	0.0	0.0	0.0	0.011	0.0	0.0	0.0	0.0	0.0	0.0	0.0	0.0	0.0	0.0	0.0	0.009	0.0	0.0	0.0	0.0	0.0	0.012	0.0	0.0	0.007	0.0	0.0	0.0	0.0	0.0	0.007	0.0	0.0	0.0	0.003	0.0	
Chromosome	6687534	G	GC	0.007	0.071	0.034	0.016	0.007	0.053	0.041	0.035	0.066	0.015	0.021	0.013	0.02	0.024	0.009	0.03	0.041	0.033	0.041	0.033	0.051	0.051	0.042	0.026	0.01	0.021	0.0	0.004	0.015	0.069	0.044	0.049	0.018	0.006	0.004	0.0	0.017	0.036	0.017	0.0	0.028	0.0	0.06	0.013	0.011	0.004	0.012	0.013	0.058	0.0	0.024	0.026	0.022	0.065	0.057	0.157	0.087	0.09	0.0	0.018	0.01	0.01	0.014	0.029	0.015	0.003	0.003	0.007	0.0	
Chromosome	6687537	A	C	0.138	0.074	0.279	0.14	0.065	0.234	0.224	0.281	0.155	0.237	0.212	0.206	0.142	0.099	0.091	0.095	0.073	0.175	0.306	0.272	0.235	0.316	0.339	0.194	0.105	0.13	0.144	0.171	0.077	0.118	0.098	0.202	0.209	0.183	0.155	0.0	0.289	0.218	0.226	0.0	0.197	0.0	0.063	0.344	0.16	0.172	0.12	0.377	0.376	0.308	0.323	0.379	0.207	0.304	0.264	0.038	0.056	0.121	0.0	0.159	0.188	0.158	0.125	0.087	0.189	0.163	0.18	0.146	0.005	
Chromosome	6687544	G	C	0.165	0.08	0.263	0.114	0.128	0.268	0.231	0.266	0.13	0.217	0.231	0.206	0.095	0.104	0.074	0.079	0.102	0.127	0.252	0.333	0.317	0.27	0.336	0.077	0.09	0.094	0.202	0.181	0.079	0.056	0.084	0.204	0.199	0.233	0.164	0.0	0.233	0.235	0.208	0.0	0.203	0.0	0.077	0.289	0.17	0.171	0.146	0.297	0.288	0.293	0.339	0.372	0.23	0.266	0.256	0.094	0.092	0.125	0.0	0.173	0.2	0.166	0.098	0.082	0.229	0.19	0.183	0.169	0.0	
Chromosome	6689701	T	G	0.191	0.184	0.271	0.164	0.135	0.242	0.216	0.23	0.15	0.229	0.226	0.309	0.221	0.161	0.144	0.135	0.153	0.256	0.262	0.262	0.265	0.265	0.247	0.223	0.184	0.173	0.254	0.189	0.131	0.191	0.19	0.265	0.244	0.248	0.223	0.0	0.213	0.217	0.257	0.005	0.335	0.005	0.134	0.243	0.279	0.143	0.21	0.232	0.285	0.268	0.216	0.208	0.234	0.205	0.25	0.218	0.18	0.137	0.0	0.233	0.238	0.206	0.17	0.168	0.225	0.271	0.209	0.183	0.0	
Chromosome	6689706	G	C	0.018	0.155	0.088	0.055	0.0	0.088	0.115	0.075	0.138	0.07	0.09	0.098	0.066	0.014	0.025	0.111	0.113	0.121	0.086	0.094	0.103	0.1	0.087	0.077	0.061	0.062	0.024	0.024	0.009	0.117	0.133	0.101	0.033	0.032	0.022	0.0	0.068	0.062	0.055	0.0	0.098	0.0	0.081	0.07	0.029	0.039	0.038	0.095	0.145	0.124	0.096	0.087	0.066	0.067	0.133	0.152	0.136	0.124	0.0	0.024	0.037	0.014	0.043	0.065	0.076	0.026	0.038	0.046	0.0	
Chromosome	6689708	G	.	0.0	0.0	0.0	0.0	0.0	0.0	0.0	0.0	0.0	0.0	0.0	0.0	0.0	0.0	0.0	0.0	0.0	0.0	0.0	0.0	0.0	0.0	0.0	0.0	0.0	0.0	0.0	0.0	0.0	0.0	0.0	0.0	0.0	0.0	0.0	0.0	0.0	0.0	0.0	0.0	0.0	0.0	0.0	0.0	0.0	0.0	0.0	0.0	0.0	0.0	0.0	0.0	0.0	0.0	0.0	0.0	0.0	0.0	0.0	0.0	0.0	0.0	0.0	0.0	0.0	0.0	0.0	0.0	0.0	
Chromosome	6689709	A	C	0.17	0.298	0.297	0.251	0.117	0.236	0.26	0.272	0.328	0.265	0.239	0.282	0.303	0.246	0.215	0.327	0.351	0.283	0.286	0.292	0.307	0.307	0.265	0.257	0.265	0.2	0.216	0.153	0.217	0.341	0.382	0.294	0.234	0.219	0.222	0.009	0.214	0.252	0.259	0.005	0.341	0.01	0.217	0.247	0.216	0.186	0.185	0.248	0.32	0.288	0.248	0.261	0.234	0.252	0.263	0.431	0.373	0.317	0.008	0.193	0.261	0.21	0.243	0.261	0.218	0.214	0.187	0.197	0.0	
Chromosome	6778445	A	C	0.117	0.26	0.244	0.239	0.106	0.236	0.159	0.199	0.245	0.182	0.18	0.221	0.224	0.193	0.236	0.3	0.27	0.214	0.214	0.144	0.16	0.269	0.287	0.215	0.223	0.219	0.145	0.135	0.188	0.273	0.271	0.198	0.169	0.141	0.178	0.146	0.205	0.268	0.227	0.218	0.211	0.211	0.19	0.263	0.162	0.211	0.164	0.23	0.25	0.295	0.179	0.209	0.182	0.215	0.148	0.369	0.254	0.265	0.182	0.191	0.181	0.17	0.234	0.23	0.232	0.159	0.145	0.203	0.226	
Chromosome	6791609	G	C	0.122	0.259	0.249	0.148	0.073	0.221	0.23	0.241	0.234	0.179	0.185	0.14	0.135	0.142	0.139	0.278	0.276	0.224	0.245	0.281	0.204	0.257	0.23	0.125	0.128	0.14	0.135	0.093	0.116	0.262	0.259	0.219	0.102	0.112	0.119	0.0	0.155	0.178	0.155	0.0	0.138	0.0	0.182	0.126	0.103	0.133	0.138	0.338	0.289	0.223	0.275	0.216	0.206	0.257	0.262	0.357	0.253	0.268	0.0	0.125	0.138	0.142	0.077	0.136	0.193	0.102	0.136	0.122	0.0	
Chromosome	6820515	T	G	0.081	0.065	0.118	0.087	0.045	0.142	0.147	0.154	0.11	0.142	0.107	0.137	0.107	0.098	0.111	0.109	0.145	0.099	0.188	0.121	0.119	0.152	0.114	0.085	0.068	0.091	0.056	0.105	0.059	0.103	0.094	0.155	0.09	0.088	0.032	0.0	0.122	0.142	0.117	0.005	0.093	0.0	0.057	0.111	0.086	0.051	0.08	0.133	0.153	0.14	0.115	0.141	0.155	0.127	0.148	0.156	0.094	0.119	0.0	0.077	0.061	0.049	0.081	0.084	0.083	0.063	0.081	0.084	0.0	
Chromosome	6862720	A	AG	0.0	0.16	0.0	0.0	0.0	0.0	0.0	0.0	0.0	0.0	0.0	0.0	0.0	0.0	0.0	0.0	0.0	0.0	0.0	0.005	0.0	0.0	0.0	0.0	0.0	0.0	0.0	0.0	0.0	0.0	0.0	0.0	0.0	0.0	0.0	0.0	0.0	0.0	0.0	0.0	0.0	0.0	0.0	0.0	0.0	0.0	0.0	0.0	0.0	0.0	0.0	0.0	0.0	0.0	0.0	0.0	0.0	0.0	0.0	0.0	0.0	0.0	0.0	0.0	0.0	0.0	0.0	0.0	0.0	
Chromosome	6869289	T	G	0.16	0.199	0.192	0.118	0.08	0.201	0.159	0.192	0.123	0.185	0.232	0.236	0.115	0.135	0.133	0.136	0.137	0.143	0.227	0.258	0.224	0.19	0.246	0.08	0.133	0.132	0.196	0.178	0.126	0.144	0.107	0.201	0.168	0.158	0.208	0.0	0.235	0.195	0.21	0.0	0.265	0.009	0.096	0.223	0.141	0.135	0.18	0.194	0.211	0.192	0.223	0.245	0.165	0.226	0.279	0.25	0.191	0.14	0.0	0.183	0.155	0.206	0.114	0.111	0.207	0.147	0.142	0.172	0.0	
Chromosome	6913446	T	G	0.158	0.122	0.139	0.154	0.117	0.162	0.122	0.196	0.15	0.167	0.142	0.164	0.122	0.108	0.139	0.112	0.121	0.151	0.16	0.159	0.201	0.175	0.225	0.139	0.151	0.138	0.186	0.143	0.159	0.161	0.16	0.191	0.175	0.162	0.237	0.005	0.154	0.189	0.178	0.005	0.209	0.0	0.089	0.201	0.128	0.146	0.146	0.113	0.233	0.25	0.175	0.205	0.175	0.207	0.275	0.016	0.125	0.145	0.0	0.175	0.186	0.198	0.145	0.158	0.154	0.235	0.183	0.19	0.005	
Chromosome	6913451	A	C	0.086	0.028	0.071	0.046	0.017	0.113	0.081	0.085	0.061	0.098	0.128	0.089	0.04	0.039	0.043	0.036	0.031	0.13	0.112	0.107	0.133	0.186	0.164	0.04	0.034	0.04	0.109	0.119	0.009	0.016	0.043	0.114	0.108	0.092	0.129	0.0	0.104	0.08	0.114	0.005	0.129	0.0	0.024	0.117	0.08	0.117	0.086	0.093	0.149	0.21	0.102	0.123	0.135	0.128	0.168	0.0	0.031	0.037	0.0	0.11	0.145	0.107	0.02	0.047	0.073	0.118	0.091	0.118	0.0	
Chromosome	6923327	C	G	0.162	0.275	0.229	0.194	0.116	0.199	0.214	0.226	0.251	0.196	0.201	0.191	0.177	0.18	0.17	0.371	0.38	0.324	0.279	0.236	0.231	0.26	0.288	0.246	0.221	0.182	0.121	0.129	0.163	0.339	0.264	0.249	0.17	0.16	0.158	0.005	0.228	0.242	0.192	0.005	0.227	0.0	0.17	0.183	0.152	0.2	0.162	0.157	0.297	0.245	0.296	0.331	0.271	0.301	0.344	0.397	0.322	0.262	0.0	0.133	0.133	0.146	0.201	0.174	0.156	0.132	0.151	0.108	0.007	
Chromosome	6923330	T	G	0.29	0.423	0.39	0.307	0.253	0.352	0.347	0.411	0.365	0.397	0.421	0.319	0.333	0.374	0.324	0.472	0.587	0.472	0.467	0.396	0.397	0.383	0.427	0.372	0.351	0.382	0.258	0.264	0.271	0.46	0.412	0.466	0.31	0.292	0.261	0.0	0.392	0.372	0.322	0.0	0.42	0.006	0.265	0.283	0.261	0.294	0.261	0.339	0.411	0.474	0.417	0.493	0.376	0.471	0.507	0.588	0.413	0.437	0.0	0.261	0.3	0.279	0.36	0.294	0.352	0.236	0.273	0.232	0.014	
Chromosome	6923335	A	C	0.23	0.264	0.29	0.244	0.167	0.234	0.256	0.336	0.232	0.278	0.272	0.238	0.218	0.259	0.206	0.286	0.424	0.346	0.358	0.269	0.266	0.289	0.295	0.278	0.245	0.262	0.218	0.217	0.208	0.327	0.244	0.268	0.226	0.219	0.207	0.0	0.328	0.267	0.236	0.01	0.306	0.0	0.144	0.213	0.23	0.25	0.221	0.193	0.284	0.285	0.279	0.267	0.26	0.254	0.292	0.273	0.329	0.279	0.01	0.233	0.221	0.207	0.252	0.207	0.223	0.18	0.201	0.24	0.007	
Chromosome	6923338	G	C	0.157	0.274	0.244	0.158	0.204	0.175	0.248	0.287	0.201	0.224	0.229	0.2	0.202	0.18	0.182	0.221	0.269	0.26	0.258	0.288	0.195	0.209	0.253	0.145	0.158	0.147	0.201	0.173	0.164	0.182	0.187	0.27	0.221	0.197	0.191	0.0	0.158	0.228	0.192	0.0	0.273	0.0	0.084	0.209	0.157	0.225	0.187	0.159	0.208	0.201	0.162	0.224	0.2	0.25	0.257	0.345	0.263	0.166	0.0	0.211	0.196	0.204	0.194	0.165	0.208	0.208	0.182	0.205	0.0	
Chromosome	6954061	T	G	0.054	0.096	0.122	0.069	0.025	0.179	0.156	0.113	0.081	0.112	0.12	0.129	0.065	0.076	0.033	0.117	0.153	0.127	0.162	0.168	0.162	0.16	0.159	0.07	0.086	0.084	0.033	0.063	0.048	0.12	0.087	0.144	0.092	0.057	0.045	0.0	0.105	0.083	0.11	0.0	0.112	0.0	0.059	0.122	0.061	0.036	0.05	0.186	0.156	0.194	0.148	0.131	0.102	0.128	0.221	0.143	0.099	0.121	0.0	0.078	0.067	0.039	0.052	0.061	0.06	0.069	0.044	0.047	0.006	
Chromosome	6966376	T	G	0.285	0.476	0.401	0.483	0.341	0.413	0.413	0.413	0.54	0.416	0.309	0.425	0.448	0.357	0.442	0.483	0.545	0.41	0.383	0.276	0.327	0.306	0.373	0.439	0.405	0.444	0.352	0.329	0.396	0.5	0.486	0.379	0.346	0.312	0.312	0.0	0.355	0.342	0.365	0.0	0.273	0.0	0.41	0.392	0.327	0.396	0.323	0.394	0.346	0.365	0.368	0.378	0.429	0.364	0.301	0.308	0.398	0.47	0.0	0.304	0.335	0.345	0.511	0.354	0.393	0.324	0.346	0.338	0.0	
Chromosome	6966410	A	C	0.172	0.413	0.331	0.365	0.219	0.337	0.389	0.365	0.436	0.36	0.241	0.359	0.336	0.325	0.389	0.48	0.479	0.284	0.419	0.375	0.337	0.34	0.495	0.331	0.378	0.375	0.263	0.27	0.323	0.444	0.432	0.343	0.307	0.257	0.241	0.0	0.362	0.313	0.301	0.0	0.333	0.0	0.261	0.333	0.294	0.248	0.229	0.333	0.528	0.369	0.359	0.455	0.477	0.427	0.417	0.476	0.316	0.481	0.006	0.227	0.275	0.201	0.406	0.393	0.351	0.195	0.199	0.255	0.0	
Chromosome	6966411	G	C	0.226	0.355	0.365	0.268	0.093	0.455	0.324	0.42	0.345	0.297	0.298	0.303	0.289	0.165	0.26	0.397	0.44	0.375	0.434	0.404	0.356	0.355	0.466	0.212	0.231	0.321	0.278	0.259	0.185	0.427	0.435	0.319	0.317	0.265	0.198	0.0	0.309	0.349	0.286	0.0	0.306	0.0	0.301	0.286	0.268	0.264	0.215	0.277	0.591	0.476	0.415	0.41	0.481	0.416	0.452	0.19	0.218	0.422	0.006	0.261	0.257	0.206	0.266	0.256	0.3	0.225	0.223	0.246	0.0	
