chromosome	pos	ref	mut	APAW	CycloA	CycloB	CycloC	Ana1	BedA	BedB	BedC	BedD	CipA	CipB	CipC	CLFA	CLFB	CLFC	CombA2	CombA3	CombA	CombAu1	CombAu3	CombAu5	CombB	CombC	EMBA	EMBB	EMBC	INH1	INH2	INHA	LzdA	LzdB	LzdC	M91	M92	M9B	MA_F1	MA_F2	MA_F3	MA_H1	MA_H2	MA_H3	MA_S1	MA_S2	MA_S3	MMCA	MMCB	MMCC	MockA	MockB	MockC	MockD	MockE	MockF	MockG	MockH	MockI	MockJ	MockK	MockL	NANOA	NANOB	NANOC	RIFA	RIFB	RIFC	UV1	UV2	UV3	WT_Msm
Chromosome	35052	T	A	0.163	0.368	0.175	0.083	0.091	0.242	0.257	0.277	0.177	0.232	0.177	0.209	0.115	0.113	0.073	0.151	0.184	0.247	0.289	0.267	0.205	0.29	0.208	0.108	0.181	0.104	0.218	0.185	0.139	0.147	0.169	0.329	0.221	0.211	0.163	0.0	0.26	0.183	0.219	0.0	0.192	0.0	0.12	0.241	0.185	0.197	0.212	0.289	0.279	0.258	0.315	0.289	0.326	0.392	0.299	0.25	0.2	0.169	0.0	0.206	0.186	0.142	0.125	0.073	0.244	0.153	0.224	0.168	0.0	
Chromosome	57135	T	G	0.136	0.336	0.125	0.14	0.1	0.308	0.264	0.213	0.197	0.213	0.207	0.269	0.15	0.133	0.165	0.169	0.224	0.284	0.326	0.346	0.306	0.309	0.243	0.146	0.121	0.202	0.124	0.153	0.091	0.19	0.144	0.308	0.159	0.132	0.119	0.026	0.195	0.172	0.209	0.015	0.176	0.018	0.115	0.182	0.181	0.141	0.13	0.317	0.321	0.315	0.258	0.273	0.282	0.286	0.265	0.232	0.194	0.206	0.009	0.143	0.168	0.153	0.106	0.118	0.21	0.17	0.173	0.152	0.019	
Chromosome	175375	T	C	0.003	0.229	0.0	0.0	0.0	0.0	0.0	0.0	0.0	0.0	0.0	0.0	0.0	0.0	0.0	0.0	0.0	0.0	0.0	0.0	0.0	0.0	0.0	0.0	0.0	0.003	0.0	0.0	0.0	0.0	0.0	0.0	0.0	0.0	0.0	0.0	0.0	0.0	0.0	0.0	0.0	0.0	0.0	0.0	0.0	0.0	0.0	0.0	0.0	0.0	0.0	0.0	0.0	0.0	0.0	0.0	0.0	0.0	0.0	0.0	0.0	0.0	0.0	0.0	0.0	0.0	0.0	0.0	0.0	
Chromosome	280796	A	C	0.048	0.257	0.15	0.09	0.038	0.152	0.182	0.143	0.132	0.169	0.117	0.165	0.078	0.089	0.103	0.148	0.248	0.25	0.156	0.24	0.196	0.127	0.165	0.09	0.11	0.071	0.021	0.037	0.049	0.222	0.153	0.281	0.061	0.038	0.048	0.0	0.138	0.161	0.197	0.007	0.076	0.0	0.061	0.091	0.07	0.058	0.064	0.275	0.251	0.191	0.286	0.227	0.206	0.21	0.115	0.229	0.182	0.182	0.0	0.042	0.062	0.078	0.047	0.123	0.114	0.072	0.055	0.055	0.0	
Chromosome	286280	A	C	0.218	0.243	0.186	0.139	0.104	0.176	0.144	0.264	0.229	0.221	0.223	0.169	0.182	0.128	0.217	0.143	0.162	0.183	0.191	0.246	0.231	0.244	0.201	0.101	0.152	0.132	0.152	0.126	0.091	0.199	0.211	0.224	0.161	0.151	0.17	0.0	0.215	0.163	0.181	0.006	0.185	0.01	0.073	0.176	0.194	0.176	0.16	0.157	0.213	0.23	0.188	0.218	0.202	0.238	0.269	0.111	0.197	0.192	0.0	0.155	0.143	0.18	0.181	0.172	0.207	0.136	0.177	0.134	0.0	
Chromosome	308623	A	C	0.241	0.28	0.219	0.241	0.173	0.295	0.303	0.326	0.198	0.25	0.265	0.358	0.229	0.199	0.237	0.197	0.207	0.282	0.276	0.331	0.366	0.25	0.254	0.245	0.191	0.253	0.23	0.228	0.206	0.291	0.215	0.38	0.257	0.267	0.287	0.005	0.312	0.331	0.267	0.0	0.265	0.006	0.2	0.296	0.236	0.269	0.291	0.362	0.295	0.273	0.361	0.391	0.3	0.333	0.25	0.091	0.231	0.286	0.0	0.268	0.315	0.213	0.237	0.319	0.34	0.267	0.259	0.251	0.0	
Chromosome	418447	A	C	0.081	0.108	0.088	0.098	0.048	0.094	0.096	0.048	0.054	0.118	0.079	0.054	0.13	0.085	0.101	0.092	0.093	0.11	0.099	0.052	0.057	0.091	0.08	0.073	0.083	0.089	0.062	0.058	0.052	0.098	0.111	0.074	0.076	0.069	0.057	0.0	0.044	0.062	0.127	0.005	0.064	0.0	0.095	0.059	0.052	0.076	0.06	0.086	0.073	0.107	0.09	0.042	0.087	0.129	0.082	0.052	0.084	0.104	0.01	0.072	0.059	0.082	0.081	0.089	0.077	0.069	0.069	0.065	0.0	
Chromosome	490627	T	G	0.084	0.123	0.052	0.119	0.035	0.065	0.118	0.097	0.092	0.088	0.103	0.122	0.088	0.115	0.11	0.074	0.057	0.085	0.062	0.071	0.094	0.092	0.088	0.063	0.077	0.145	0.073	0.08	0.095	0.071	0.091	0.073	0.066	0.072	0.102	0.0	0.149	0.132	0.092	0.006	0.046	0.0	0.098	0.126	0.123	0.101	0.081	0.182	0.102	0.064	0.092	0.154	0.153	0.068	0.102	0.132	0.041	0.057	0.0	0.071	0.097	0.057	0.083	0.099	0.111	0.089	0.064	0.043	0.0	
Chromosome	675885	A	C	0.083	0.138	0.068	0.103	0.057	0.054	0.106	0.095	0.084	0.099	0.062	0.07	0.093	0.091	0.1	0.097	0.092	0.083	0.058	0.062	0.092	0.061	0.114	0.112	0.098	0.097	0.076	0.084	0.051	0.08	0.129	0.08	0.086	0.062	0.063	0.0	0.104	0.102	0.078	0.016	0.101	0.01	0.069	0.085	0.089	0.087	0.066	0.051	0.103	0.106	0.084	0.105	0.135	0.066	0.086	0.081	0.098	0.087	0.01	0.07	0.083	0.08	0.074	0.089	0.089	0.068	0.036	0.069	0.0	
Chromosome	706123	T	G	0.145	0.209	0.172	0.167	0.094	0.195	0.196	0.2	0.155	0.187	0.222	0.226	0.158	0.104	0.112	0.173	0.132	0.2	0.212	0.221	0.237	0.163	0.243	0.155	0.149	0.15	0.167	0.092	0.128	0.159	0.108	0.251	0.16	0.141	0.143	0.0	0.209	0.181	0.209	0.006	0.205	0.005	0.114	0.151	0.106	0.158	0.138	0.219	0.212	0.236	0.263	0.204	0.225	0.25	0.253	0.205	0.168	0.171	0.005	0.139	0.15	0.164	0.11	0.167	0.186	0.162	0.134	0.171	0.007	
Chromosome	817586	A	G	0.0	0.254	0.0	0.0	0.0	0.0	0.0	0.0	0.0	0.0	0.005	0.0	0.0	0.0	0.0	0.004	0.0	0.0	0.0	0.0	0.0	0.0	0.0	0.0	0.0	0.0	0.0	0.0	0.0	0.0	0.0	0.0	0.0	0.0	0.0	0.0	0.005	0.0	0.0	0.0	0.0	0.0	0.0	0.0	0.0	0.0	0.0	0.0	0.0	0.0	0.0	0.0	0.0	0.0	0.0	0.0	0.0	0.0	0.0	0.0	0.003	0.0	0.0	0.0	0.0	0.0	0.0	0.0	0.0	
Chromosome	1203804	T	G	0.073	0.158	0.139	0.081	0.043	0.103	0.171	0.093	0.163	0.109	0.097	0.123	0.089	0.065	0.082	0.136	0.163	0.163	0.137	0.132	0.125	0.151	0.087	0.067	0.066	0.073	0.038	0.05	0.045	0.149	0.111	0.14	0.064	0.075	0.042	0.0	0.103	0.069	0.123	0.0	0.109	0.006	0.052	0.085	0.054	0.094	0.075	0.112	0.088	0.151	0.158	0.142	0.119	0.169	0.19	0.048	0.155	0.141	0.006	0.062	0.074	0.05	0.082	0.078	0.094	0.06	0.065	0.056	0.0	
Chromosome	1263199	A	G	0.0	0.268	0.0	0.0	0.0	0.0	0.0	0.0	0.0	0.0	0.0	0.0	0.0	0.0	0.0	0.0	0.0	0.0	0.0	0.0	0.0	0.0	0.0	0.0	0.0	0.0	0.0	0.0	0.0	0.0	0.004	0.0	0.0	0.0	0.0	0.0	0.0	0.0	0.0	0.006	0.0	0.0	0.0	0.005	0.0	0.0	0.0	0.0	0.0	0.0	0.0	0.0	0.0	0.0	0.0	0.0	0.0	0.0	0.005	0.0	0.0	0.0	0.0	0.0	0.0	0.0	0.0	0.0	0.0	
Chromosome	1370320	A	C	0.114	0.214	0.035	0.064	0.037	0.219	0.163	0.168	0.05	0.152	0.139	0.204	0.034	0.088	0.038	0.046	0.065	0.125	0.112	0.159	0.161	0.174	0.137	0.055	0.079	0.046	0.113	0.08	0.046	0.082	0.036	0.195	0.098	0.066	0.091	0.0	0.11	0.192	0.122	0.006	0.151	0.006	0.047	0.166	0.077	0.09	0.105	0.194	0.158	0.091	0.137	0.136	0.113	0.144	0.164	0.032	0.028	0.077	0.0	0.06	0.099	0.091	0.047	0.028	0.101	0.09	0.099	0.066	0.0	
Chromosome	1566790	T	G	0.003	0.225	0.004	0.321	0.005	0.008	0.0	0.0	0.0	0.0	0.0	0.0	0.0	0.0	0.0	0.0	0.0	0.0	0.0	0.0	0.0	0.0	0.0	0.0	0.0	0.0	0.0	0.003	0.0	0.0	0.004	0.004	0.003	0.0	0.0	0.005	0.005	0.0	0.0	0.006	0.0	0.005	0.0	0.0	0.0	0.0	0.0	0.0	0.0	0.0	0.005	0.0	0.0	0.0	0.0	0.0	0.0	0.0	0.0	0.0	0.002	0.0	0.0	0.0	0.0	0.0	0.0	0.003	0.012	
Chromosome	1574114	T	G	0.158	0.211	0.16	0.177	0.177	0.245	0.262	0.197	0.219	0.177	0.218	0.18	0.146	0.167	0.224	0.26	0.312	0.263	0.298	0.318	0.274	0.299	0.268	0.204	0.179	0.144	0.135	0.095	0.16	0.214	0.232	0.183	0.194	0.142	0.113	0.005	0.135	0.168	0.213	0.012	0.128	0.006	0.156	0.213	0.154	0.128	0.178	0.29	0.281	0.365	0.298	0.309	0.315	0.302	0.293	0.125	0.192	0.237	0.011	0.142	0.13	0.149	0.171	0.201	0.155	0.132	0.118	0.134	0.007	
Chromosome	1653614	A	C	0.089	0.17	0.265	0.12	0.065	0.183	0.177	0.299	0.221	0.171	0.171	0.103	0.149	0.113	0.143	0.274	0.23	0.156	0.213	0.237	0.258	0.285	0.215	0.116	0.15	0.098	0.104	0.083	0.088	0.163	0.2	0.206	0.1	0.124	0.084	0.0	0.157	0.147	0.142	0.0	0.129	0.0	0.147	0.101	0.096	0.107	0.117	0.276	0.233	0.304	0.232	0.306	0.234	0.3	0.215	0.2	0.223	0.222	0.0	0.127	0.113	0.072	0.159	0.139	0.124	0.102	0.085	0.101	0.0	
Chromosome	1747181	A	C	0.204	0.276	0.237	0.211	0.076	0.266	0.2	0.246	0.254	0.23	0.309	0.291	0.167	0.192	0.154	0.206	0.258	0.296	0.224	0.262	0.277	0.248	0.254	0.13	0.184	0.13	0.219	0.168	0.162	0.226	0.286	0.262	0.198	0.172	0.223	0.005	0.203	0.212	0.29	0.006	0.317	0.006	0.2	0.25	0.224	0.267	0.184	0.301	0.268	0.342	0.298	0.302	0.312	0.215	0.269	0.256	0.182	0.26	0.0	0.209	0.226	0.179	0.16	0.197	0.231	0.16	0.188	0.158	0.007	
Chromosome	1747187	A	C	0.098	0.177	0.254	0.118	0.064	0.178	0.125	0.134	0.268	0.138	0.176	0.167	0.115	0.104	0.125	0.242	0.311	0.165	0.172	0.196	0.217	0.176	0.242	0.095	0.069	0.123	0.118	0.06	0.128	0.2	0.232	0.236	0.093	0.086	0.072	0.0	0.138	0.163	0.19	0.0	0.2	0.0	0.175	0.142	0.112	0.12	0.099	0.22	0.206	0.212	0.274	0.232	0.234	0.182	0.248	0.182	0.25	0.213	0.0	0.084	0.132	0.086	0.145	0.126	0.126	0.083	0.117	0.068	0.0	
Chromosome	1787487	T	G	0.139	0.234	0.261	0.157	0.062	0.315	0.247	0.187	0.22	0.223	0.221	0.225	0.131	0.193	0.117	0.223	0.176	0.24	0.181	0.238	0.304	0.275	0.243	0.106	0.13	0.146	0.14	0.115	0.136	0.212	0.187	0.249	0.162	0.14	0.196	0.0	0.194	0.233	0.197	0.006	0.223	0.006	0.18	0.216	0.156	0.156	0.167	0.191	0.237	0.241	0.227	0.211	0.196	0.221	0.255	0.212	0.259	0.203	0.006	0.154	0.16	0.174	0.179	0.128	0.239	0.144	0.158	0.127	0.007	
Chromosome	1979870	T	G	0.143	0.299	0.167	0.102	0.072	0.285	0.246	0.26	0.197	0.258	0.212	0.302	0.121	0.169	0.157	0.207	0.135	0.276	0.297	0.294	0.187	0.25	0.197	0.126	0.168	0.2	0.139	0.142	0.088	0.19	0.188	0.18	0.173	0.143	0.118	0.005	0.249	0.198	0.159	0.0	0.201	0.0	0.121	0.218	0.143	0.177	0.15	0.285	0.248	0.372	0.386	0.282	0.264	0.338	0.255	0.167	0.24	0.283	0.0	0.127	0.144	0.093	0.131	0.142	0.188	0.125	0.134	0.141	0.011	
Chromosome	2180629	C	G	0.0	0.237	0.0	0.0	0.0	0.0	0.0	0.0	0.004	0.0	0.0	0.0	0.0	0.0	0.0	0.0	0.0	0.0	0.0	0.0	0.0	0.0	0.0	0.0	0.0	0.0	0.0	0.0	0.0	0.0	0.0	0.0	0.0	0.0	0.0	0.0	0.0	0.0	0.0	0.0	0.0	0.0	0.0	0.0	0.0	0.0	0.0	0.0	0.0	0.0	0.0	0.0	0.0	0.0	0.0	0.0	0.0	0.0	0.0	0.0	0.0	0.0	0.0	0.0	0.0	0.003	0.0	0.0	0.0	
Chromosome	2195100	T	G	0.089	0.199	0.129	0.151	0.085	0.124	0.186	0.12	0.178	0.192	0.205	0.162	0.186	0.129	0.143	0.174	0.151	0.198	0.141	0.22	0.198	0.168	0.155	0.145	0.137	0.179	0.112	0.094	0.09	0.15	0.143	0.184	0.114	0.142	0.121	0.0	0.156	0.119	0.225	0.0	0.156	0.005	0.149	0.074	0.142	0.103	0.093	0.132	0.184	0.188	0.225	0.17	0.144	0.201	0.16	0.14	0.164	0.128	0.0	0.119	0.12	0.141	0.158	0.131	0.204	0.109	0.116	0.088	0.007	
Chromosome	2195144	T	G	0.142	0.234	0.093	0.124	0.092	0.217	0.177	0.189	0.099	0.226	0.268	0.225	0.162	0.072	0.084	0.129	0.1	0.244	0.254	0.201	0.19	0.203	0.194	0.058	0.129	0.163	0.164	0.174	0.063	0.107	0.083	0.205	0.161	0.17	0.181	0.0	0.202	0.254	0.218	0.006	0.251	0.006	0.068	0.187	0.164	0.145	0.177	0.233	0.247	0.229	0.25	0.221	0.208	0.22	0.191	0.147	0.07	0.083	0.0	0.171	0.199	0.159	0.15	0.156	0.186	0.196	0.16	0.124	0.0	
Chromosome	2335363	A	T	0.166	0.294	0.098	0.07	0.082	0.142	0.172	0.155	0.087	0.153	0.171	0.166	0.074	0.117	0.123	0.065	0.184	0.153	0.144	0.23	0.218	0.188	0.143	0.127	0.112	0.092	0.188	0.176	0.093	0.122	0.077	0.146	0.157	0.189	0.175	0.0	0.167	0.215	0.18	0.0	0.208	0.0	0.11	0.187	0.165	0.215	0.174	0.143	0.216	0.176	0.212	0.197	0.078	0.21	0.225	0.119	0.13	0.157	0.0	0.137	0.211	0.215	0.13	0.123	0.22	0.194	0.187	0.17	0.0	
Chromosome	2429865	C	CG	0.043	0.255	0.546	0.648	0.012	0.007	0.0	0.212	0.018	0.004	0.011	0.011	0.004	0.005	0.0	0.011	0.006	0.0	0.0	0.006	0.0	0.013	0.0	0.004	0.004	0.02	0.01	0.01	0.007	0.01	0.299	0.0	0.013	0.299	0.008	0.0	0.009	0.0	0.005	0.006	0.0	0.006	0.02	0.017	0.01	0.018	0.013	0.024	0.019	0.014	0.159	0.02	0.008	0.005	0.088	0.0	0.015	0.186	0.005	0.009	0.002	0.007	0.436	0.525	0.327	0.212	0.009	0.012	0.0	
Chromosome	2579189	A	C	0.173	0.253	0.25	0.187	0.134	0.268	0.276	0.242	0.322	0.271	0.222	0.31	0.219	0.219	0.213	0.261	0.246	0.282	0.237	0.297	0.183	0.206	0.319	0.23	0.232	0.224	0.248	0.226	0.202	0.275	0.243	0.239	0.21	0.225	0.223	0.006	0.273	0.263	0.274	0.0	0.395	0.0	0.226	0.303	0.277	0.259	0.226	0.283	0.34	0.287	0.219	0.263	0.281	0.333	0.308	0.238	0.256	0.256	0.0	0.225	0.219	0.226	0.154	0.254	0.234	0.26	0.238	0.244	0.013	
Chromosome	2794622	A	C	0.105	0.197	0.249	0.132	0.072	0.139	0.187	0.188	0.168	0.172	0.177	0.178	0.088	0.08	0.105	0.192	0.193	0.205	0.198	0.168	0.164	0.145	0.173	0.128	0.111	0.126	0.089	0.105	0.088	0.131	0.144	0.177	0.102	0.077	0.077	0.006	0.188	0.135	0.164	0.0	0.156	0.012	0.123	0.155	0.057	0.105	0.106	0.162	0.188	0.185	0.234	0.217	0.209	0.219	0.172	0.319	0.214	0.16	0.0	0.08	0.072	0.092	0.126	0.114	0.117	0.072	0.086	0.084	0.014	
Chromosome	2952396	T	G	0.089	0.21	0.172	0.144	0.085	0.217	0.175	0.175	0.207	0.18	0.152	0.203	0.18	0.095	0.114	0.259	0.289	0.123	0.199	0.264	0.271	0.257	0.11	0.122	0.151	0.14	0.086	0.082	0.087	0.18	0.169	0.21	0.06	0.105	0.056	0.005	0.139	0.194	0.109	0.0	0.186	0.0	0.096	0.168	0.063	0.09	0.12	0.186	0.203	0.243	0.2	0.145	0.219	0.211	0.21	0.182	0.209	0.188	0.0	0.096	0.073	0.061	0.136	0.102	0.103	0.051	0.091	0.075	0.0	
Chromosome	3030967	A	C	0.347	0.488	0.567	0.506	0.255	0.5	0.368	0.451	0.587	0.396	0.345	0.489	0.437	0.421	0.388	0.566	0.676	0.512	0.409	0.514	0.563	0.43	0.37	0.368	0.451	0.35	0.307	0.314	0.456	0.586	0.61	0.54	0.34	0.377	0.383	0.0	0.375	0.446	0.483	0.007	0.438	0.0	0.456	0.394	0.337	0.331	0.378	0.623	0.525	0.565	0.522	0.614	0.5	0.455	0.6	0.634	0.724	0.594	0.0	0.359	0.361	0.402	0.407	0.389	0.368	0.286	0.403	0.299	0.0	
Chromosome	3123426	T	G	0.146	0.286	0.241	0.283	0.126	0.244	0.243	0.258	0.263	0.228	0.21	0.237	0.243	0.218	0.161	0.27	0.245	0.343	0.197	0.273	0.209	0.254	0.204	0.173	0.237	0.205	0.135	0.095	0.131	0.256	0.257	0.206	0.154	0.163	0.142	0.006	0.287	0.24	0.205	0.0	0.195	0.007	0.176	0.237	0.155	0.113	0.163	0.248	0.169	0.377	0.25	0.245	0.33	0.227	0.246	0.348	0.246	0.188	0.0	0.189	0.178	0.115	0.226	0.19	0.214	0.123	0.119	0.135	0.0	
Chromosome	3523310	T	G	0.044	0.135	0.121	0.082	0.084	0.119	0.1	0.109	0.094	0.099	0.079	0.074	0.125	0.11	0.123	0.099	0.109	0.173	0.088	0.065	0.081	0.087	0.12	0.09	0.106	0.124	0.074	0.091	0.08	0.107	0.082	0.084	0.091	0.08	0.055	0.0	0.097	0.124	0.087	0.013	0.084	0.012	0.111	0.078	0.082	0.094	0.067	0.144	0.12	0.094	0.129	0.094	0.113	0.05	0.105	0.064	0.08	0.091	0.006	0.077	0.068	0.054	0.095	0.104	0.097	0.054	0.06	0.066	0.0	
Chromosome	3541037	T	G	0.075	0.129	0.132	0.106	0.088	0.118	0.114	0.052	0.12	0.108	0.117	0.088	0.145	0.122	0.106	0.122	0.106	0.135	0.102	0.07	0.11	0.11	0.109	0.114	0.083	0.173	0.052	0.073	0.066	0.118	0.153	0.157	0.061	0.1	0.071	0.0	0.064	0.028	0.12	0.0	0.045	0.0	0.078	0.133	0.075	0.081	0.087	0.083	0.056	0.142	0.124	0.079	0.099	0.18	0.177	0.105	0.151	0.124	0.0	0.068	0.062	0.071	0.119	0.102	0.102	0.089	0.074	0.118	0.0	
Chromosome	3794876	T	G	0.025	0.127	0.126	0.077	0.028	0.164	0.062	0.159	0.115	0.12	0.125	0.128	0.099	0.059	0.066	0.126	0.154	0.159	0.222	0.111	0.158	0.114	0.124	0.063	0.081	0.067	0.02	0.048	0.062	0.103	0.088	0.091	0.062	0.053	0.043	0.0	0.128	0.116	0.115	0.007	0.094	0.007	0.065	0.115	0.078	0.04	0.049	0.189	0.19	0.156	0.166	0.188	0.094	0.209	0.16	0.222	0.098	0.142	0.0	0.059	0.051	0.026	0.091	0.045	0.124	0.06	0.057	0.033	0.0	
Chromosome	3919784	T	C	0.0	0.15	0.0	0.0	0.0	0.0	0.0	0.0	0.0	0.0	0.0	0.0	0.0	0.0	0.0	0.0	0.0	0.0	0.0	0.0	0.0	0.0	0.0	0.0	0.0	0.0	0.0	0.0	0.0	0.0	0.0	0.0	0.0	0.0	0.0	0.0	0.0	0.0	0.0	0.0	0.0	0.0	0.0	0.005	0.0	0.0	0.0	0.0	0.0	0.0	0.0	0.0	0.0	0.0	0.0	0.0	0.0	0.0	0.0	0.0	0.0	0.0	0.0	0.0	0.0	0.0	0.0	0.0	0.0	
Chromosome	3965512	A	C	0.072	0.127	0.114	0.052	0.049	0.134	0.138	0.108	0.083	0.07	0.108	0.118	0.124	0.109	0.077	0.116	0.096	0.051	0.144	0.121	0.053	0.19	0.14	0.08	0.081	0.086	0.106	0.089	0.069	0.133	0.111	0.153	0.067	0.077	0.07	0.0	0.073	0.077	0.092	0.0	0.096	0.012	0.084	0.116	0.056	0.056	0.085	0.079	0.112	0.146	0.137	0.15	0.183	0.139	0.143	0.107	0.086	0.103	0.006	0.062	0.094	0.08	0.105	0.087	0.09	0.07	0.054	0.044	0.007	
Chromosome	4214560	C	A	0.452	0.533	0.478	0.449	0.533	0.441	0.444	0.525	0.503	0.477	0.478	0.474	0.465	0.518	0.466	0.465	0.544	0.5	0.53	0.506	0.48	0.485	0.401	0.475	0.494	0.517	0.494	0.476	0.515	0.485	0.48	0.481	0.502	0.45	0.481	0.463	0.458	0.491	0.505	0.538	0.511	0.524	0.498	0.496	0.478	0.497	0.486	0.431	0.453	0.479	0.42	0.509	0.468	0.49	0.472	0.509	0.462	0.494	0.408	0.494	0.506	0.43	0.49	0.489	0.515	0.442	0.432	0.326	0.498	
Chromosome	4214739	G	GT	0.34	0.34	0.358	0.313	0.395	0.304	0.332	0.352	0.324	0.364	0.304	0.32	0.338	0.351	0.336	0.368	0.472	0.392	0.342	0.38	0.312	0.339	0.353	0.303	0.316	0.331	0.332	0.321	0.353	0.327	0.388	0.339	0.358	0.305	0.333	0.327	0.332	0.362	0.287	0.317	0.332	0.357	0.306	0.309	0.32	0.334	0.355	0.331	0.371	0.301	0.321	0.371	0.324	0.352	0.367	0.535	0.391	0.331	0.26	0.338	0.314	0.329	0.36	0.327	0.316	0.303	0.304	0.266	0.329	
Chromosome	4214852	A	AG	0.06	0.047	0.057	0.059	0.074	0.043	0.078	0.072	0.05	0.058	0.023	0.048	0.056	0.076	0.083	0.069	0.07	0.099	0.049	0.107	0.048	0.074	0.046	0.07	0.045	0.05	0.069	0.061	0.07	0.066	0.067	0.066	0.062	0.073	0.066	0.022	0.065	0.047	0.037	0.051	0.087	0.097	0.015	0.066	0.044	0.084	0.064	0.024	0.074	0.088	0.054	0.039	0.026	0.069	0.048	0.065	0.06	0.058	0.082	0.057	0.058	0.053	0.058	0.067	0.049	0.073	0.054	0.058	0.045	
Chromosome	4214853	C	CAATGATCAATACCTGTGGAT	0.0	0.0	0.004	0.0	0.0	0.0	0.0	0.008	0.0	0.004	0.0	0.0	0.0	0.013	0.003	0.0	0.0	0.0	0.006	0.0	0.0	0.006	0.0	0.008	0.003	0.0	0.0	0.003	0.004	0.0	0.004	0.0	0.0	0.0	0.003	0.011	0.0	0.006	0.0	0.034	0.0	0.067	0.0	0.004	0.0	0.0	0.004	0.0	0.0	0.0	0.0	0.007	0.0	0.006	0.008	0.0	0.004	0.006	0.06	0.0	0.0	0.0	0.008	0.009	0.0	0.0	0.0	0.0	0.019	
Chromosome	4305867	T	G	0.11	0.236	0.134	0.094	0.039	0.192	0.198	0.168	0.134	0.163	0.163	0.09	0.059	0.1	0.075	0.113	0.139	0.22	0.164	0.161	0.175	0.176	0.223	0.114	0.114	0.069	0.082	0.097	0.074	0.157	0.178	0.157	0.076	0.092	0.08	0.006	0.155	0.188	0.125	0.015	0.153	0.0	0.122	0.193	0.19	0.087	0.101	0.159	0.205	0.221	0.198	0.237	0.17	0.239	0.218	0.154	0.169	0.12	0.0	0.088	0.109	0.087	0.115	0.091	0.132	0.064	0.082	0.06	0.0	
Chromosome	4348776	A	.	0.0	0.0	0.0	0.0	0.0	0.0	0.0	0.0	0.0	0.0	0.0	0.0	0.0	0.0	0.0	0.0	0.0	0.0	0.0	0.0	0.0	0.0	0.0	0.0	0.0	0.0	0.0	0.0	0.0	0.0	0.0	0.0	0.0	0.0	0.0	0.0	0.0	0.0	0.0	0.0	0.0	0.0	0.0	0.0	0.0	0.0	0.0	0.0	0.0	0.0	0.0	0.0	0.0	0.0	0.0	0.0	0.0	0.0	0.0	0.0	0.0	0.0	0.0	0.0	0.0	0.0	0.0	0.0	0.0	
Chromosome	4563651	C	A	0.003	0.203	0.005	0.0	0.0	0.0	0.0	0.0	0.0	0.0	0.0	0.0	0.0	0.0	0.0	0.0	0.0	0.0	0.0	0.005	0.0	0.0	0.0	0.0	0.0	0.0	0.0	0.0	0.0	0.0	0.0	0.0	0.0	0.002	0.0	0.0	0.005	0.0	0.004	0.0	0.0	0.005	0.0	0.0	0.0	0.0	0.0	0.0	0.0	0.0	0.0	0.0	0.0	0.0	0.015	0.0	0.0	0.0	0.0	0.0	0.0	0.0	0.0	0.0	0.004	0.0	0.0	0.0	0.0	
Chromosome	4738593	T	G	0.097	0.299	0.22	0.115	0.031	0.179	0.202	0.241	0.214	0.183	0.142	0.2	0.133	0.139	0.101	0.289	0.269	0.154	0.148	0.238	0.213	0.319	0.172	0.132	0.082	0.122	0.114	0.129	0.088	0.172	0.237	0.268	0.098	0.114	0.091	0.0	0.173	0.165	0.22	0.006	0.173	0.0	0.122	0.183	0.112	0.096	0.109	0.207	0.203	0.242	0.261	0.25	0.243	0.269	0.239	0.227	0.254	0.228	0.0	0.11	0.104	0.095	0.101	0.14	0.197	0.11	0.133	0.072	0.0	
Chromosome	4916965	T	G	0.083	0.082	0.063	0.074	0.08	0.073	0.075	0.076	0.065	0.119	0.055	0.088	0.091	0.115	0.128	0.121	0.088	0.11	0.051	0.068	0.083	0.092	0.059	0.078	0.096	0.092	0.074	0.069	0.114	0.071	0.136	0.127	0.061	0.087	0.057	0.0	0.116	0.115	0.117	0.01	0.082	0.005	0.06	0.122	0.062	0.05	0.096	0.083	0.079	0.068	0.086	0.098	0.134	0.107	0.057	0.106	0.06	0.122	0.0	0.06	0.06	0.085	0.127	0.109	0.078	0.027	0.044	0.049	0.013	
Chromosome	4921786	C	CA	0.0	0.207	0.0	0.0	0.0	0.0	0.0	0.0	0.0	0.0	0.0	0.0	0.0	0.0	0.0	0.0	0.0	0.0	0.0	0.0	0.0	0.0	0.0	0.0	0.0	0.0	0.0	0.0	0.0	0.0	0.0	0.0	0.0	0.0	0.0	0.0	0.0	0.0	0.0	0.0	0.0	0.0	0.0	0.0	0.0	0.0	0.0	0.0	0.0	0.0	0.0	0.0	0.0	0.0	0.0	0.0	0.0	0.0	0.0	0.0	0.0	0.0	0.0	0.0	0.0	0.0	0.0	0.0	0.0	
Chromosome	5231357	T	G	0.108	0.114	0.097	0.104	0.115	0.082	0.137	0.089	0.134	0.062	0.074	0.105	0.128	0.136	0.084	0.158	0.187	0.113	0.076	0.074	0.079	0.118	0.112	0.109	0.132	0.108	0.111	0.076	0.109	0.14	0.113	0.1	0.071	0.107	0.089	0.005	0.129	0.111	0.094	0.006	0.115	0.0	0.083	0.113	0.101	0.096	0.076	0.111	0.082	0.145	0.162	0.136	0.065	0.076	0.129	0.161	0.1	0.116	0.0	0.106	0.123	0.085	0.12	0.103	0.121	0.091	0.069	0.091	0.0	
Chromosome	5461789	T	G	0.108	0.455	0.442	0.239	0.107	0.359	0.451	0.46	0.412	0.349	0.333	0.346	0.225	0.197	0.174	0.5	0.404	0.315	0.39	0.494	0.459	0.457	0.602	0.237	0.217	0.231	0.174	0.22	0.145	0.316	0.327	0.353	0.17	0.168	0.167	0.0	0.33	0.357	0.409	0.008	0.326	0.006	0.263	0.33	0.181	0.164	0.215	0.327	0.487	0.46	0.532	0.438	0.352	0.44	0.413	0.6	0.472	0.342	0.011	0.163	0.144	0.082	0.179	0.278	0.232	0.118	0.137	0.175	0.01	
Chromosome	5512267	A	C	0.136	0.195	0.233	0.173	0.136	0.148	0.275	0.185	0.193	0.247	0.181	0.204	0.122	0.205	0.17	0.194	0.214	0.205	0.27	0.237	0.228	0.226	0.227	0.184	0.201	0.177	0.138	0.15	0.116	0.181	0.239	0.144	0.131	0.143	0.133	0.0	0.181	0.201	0.176	0.006	0.208	0.005	0.164	0.26	0.116	0.126	0.154	0.179	0.237	0.242	0.247	0.222	0.264	0.202	0.262	0.289	0.301	0.2	0.005	0.129	0.12	0.087	0.192	0.169	0.136	0.123	0.111	0.126	0.0	
Chromosome	5693404	C	CGGGGGG	0.0	0.021	0.007	0.0	0.0	0.0	0.0	0.013	0.007	0.0	0.0	0.0	0.0	0.0	0.0	0.0	0.0	0.023	0.0	0.011	0.0	0.0	0.011	0.0	0.0	0.0	0.0	0.0	0.0	0.0	0.0	0.017	0.005	0.0	0.0	0.0	0.0	0.0	0.006	0.0	0.0	0.0	0.0	0.0	0.0	0.0	0.0	0.015	0.0	0.014	0.0	0.0	0.0	0.0	0.0	0.0	0.0	0.013	0.0	0.0	0.004	0.0	0.0	0.0	0.006	0.0	0.0	0.0	0.0	
Chromosome	5693406	T	G	0.162	0.268	0.273	0.18	0.044	0.177	0.348	0.288	0.23	0.181	0.171	0.255	0.143	0.16	0.117	0.204	0.343	0.196	0.286	0.353	0.279	0.213	0.363	0.182	0.141	0.149	0.12	0.115	0.081	0.186	0.262	0.214	0.119	0.154	0.11	0.0	0.25	0.274	0.218	0.0	0.174	0.0	0.065	0.238	0.164	0.167	0.141	0.206	0.369	0.397	0.244	0.485	0.366	0.293	0.259	0.4	0.247	0.303	0.0	0.162	0.132	0.16	0.142	0.131	0.201	0.18	0.12	0.134	0.0	
Chromosome	5744536	A	C	0.003	0.125	0.0	0.0	0.006	0.0	0.0	0.0	0.004	0.0	0.004	0.0	0.004	0.0	0.004	0.003	0.0	0.0	0.0	0.0	0.0	0.0	0.0	0.004	0.0	0.0	0.0	0.0	0.0	0.0	0.0	0.0	0.003	0.0	0.0	0.0	0.0	0.0	0.005	0.0	0.0	0.0	0.0	0.0	0.0	0.0	0.004	0.0	0.0	0.0	0.0	0.0	0.0	0.005	0.0	0.0	0.004	0.003	0.0	0.0	0.0	0.0	0.0	0.0	0.0	0.0	0.0	0.0	0.0	
Chromosome	5757785	T	G	0.091	0.163	0.103	0.113	0.063	0.086	0.145	0.075	0.098	0.066	0.103	0.077	0.103	0.11	0.125	0.109	0.101	0.148	0.083	0.089	0.102	0.099	0.053	0.124	0.152	0.116	0.084	0.114	0.091	0.123	0.127	0.071	0.092	0.095	0.09	0.0	0.104	0.121	0.155	0.0	0.074	0.0	0.16	0.085	0.115	0.072	0.114	0.073	0.106	0.126	0.117	0.058	0.105	0.101	0.069	0.148	0.145	0.114	0.0	0.1	0.088	0.08	0.151	0.114	0.089	0.105	0.074	0.074	0.0	
Chromosome	6336530	A	C	0.311	0.415	0.514	0.338	0.194	0.423	0.479	0.549	0.364	0.373	0.504	0.319	0.339	0.379	0.409	0.457	0.65	0.426	0.444	0.552	0.448	0.57	0.522	0.433	0.349	0.387	0.218	0.247	0.255	0.371	0.433	0.492	0.307	0.271	0.27	0.0	0.387	0.421	0.424	0.006	0.408	0.0	0.385	0.372	0.288	0.293	0.241	0.548	0.438	0.586	0.506	0.373	0.5	0.523	0.534	0.667	0.585	0.403	0.0	0.255	0.285	0.199	0.331	0.267	0.395	0.258	0.247	0.301	0.0	
Chromosome	6425911	T	G	0.074	0.182	0.105	0.084	0.071	0.067	0.098	0.087	0.112	0.12	0.073	0.068	0.105	0.079	0.085	0.07	0.076	0.093	0.09	0.043	0.123	0.081	0.076	0.052	0.13	0.123	0.074	0.086	0.073	0.099	0.073	0.125	0.077	0.044	0.047	0.0	0.054	0.07	0.077	0.0	0.059	0.0	0.082	0.078	0.073	0.079	0.079	0.103	0.073	0.077	0.052	0.073	0.083	0.094	0.1	0.235	0.076	0.097	0.0	0.039	0.054	0.045	0.066	0.101	0.073	0.071	0.068	0.064	0.0	
Chromosome	6458276	T	G	0.134	0.136	0.123	0.148	0.135	0.17	0.152	0.155	0.139	0.152	0.154	0.131	0.119	0.164	0.163	0.152	0.081	0.123	0.133	0.088	0.157	0.154	0.132	0.145	0.118	0.147	0.113	0.143	0.093	0.174	0.168	0.144	0.155	0.125	0.07	0.0	0.131	0.146	0.176	0.005	0.155	0.0	0.107	0.149	0.11	0.117	0.096	0.135	0.134	0.165	0.195	0.145	0.179	0.197	0.138	0.026	0.106	0.125	0.0	0.105	0.119	0.112	0.127	0.101	0.114	0.103	0.122	0.066	0.0	
Chromosome	6519401	A	C	0.057	0.122	0.045	0.054	0.05	0.04	0.057	0.095	0.032	0.073	0.059	0.046	0.067	0.069	0.06	0.061	0.08	0.048	0.025	0.059	0.026	0.059	0.065	0.057	0.055	0.066	0.031	0.056	0.054	0.052	0.049	0.048	0.017	0.024	0.015	0.011	0.071	0.04	0.052	0.005	0.067	0.006	0.055	0.056	0.035	0.042	0.027	0.06	0.058	0.037	0.043	0.03	0.049	0.053	0.057	0.079	0.052	0.075	0.005	0.046	0.039	0.034	0.05	0.065	0.072	0.027	0.041	0.035	0.007	
Chromosome	6687524	T	G	0.332	0.45	0.446	0.277	0.115	0.434	0.459	0.475	0.46	0.342	0.451	0.34	0.288	0.226	0.232	0.425	0.429	0.333	0.458	0.512	0.505	0.57	0.53	0.215	0.257	0.276	0.27	0.319	0.195	0.291	0.372	0.348	0.285	0.314	0.265	0.0	0.447	0.368	0.432	0.0	0.394	0.012	0.245	0.444	0.299	0.311	0.257	0.525	0.611	0.5	0.592	0.5	0.578	0.471	0.426	0.429	0.311	0.333	0.004	0.296	0.303	0.247	0.204	0.318	0.328	0.289	0.293	0.267	0.005	
Chromosome	6778441	A	G	0.018	0.03	0.052	0.04	0.007	0.033	0.017	0.023	0.034	0.025	0.042	0.01	0.051	0.026	0.047	0.024	0.021	0.025	0.047	0.015	0.025	0.034	0.012	0.06	0.026	0.031	0.011	0.022	0.012	0.03	0.042	0.033	0.01	0.025	0.019	0.0	0.038	0.01	0.027	0.018	0.054	0.023	0.006	0.027	0.026	0.013	0.029	0.018	0.023	0.027	0.026	0.021	0.024	0.017	0.009	0.045	0.014	0.04	0.011	0.026	0.017	0.034	0.054	0.01	0.031	0.027	0.023	0.037	0.022	
Chromosome	6778445	A	C	0.117	0.244	0.26	0.239	0.106	0.236	0.159	0.199	0.245	0.182	0.18	0.221	0.224	0.193	0.236	0.3	0.27	0.214	0.214	0.144	0.16	0.269	0.287	0.215	0.223	0.219	0.145	0.135	0.188	0.273	0.271	0.198	0.169	0.141	0.178	0.146	0.205	0.268	0.227	0.218	0.211	0.211	0.19	0.263	0.162	0.211	0.164	0.23	0.25	0.295	0.179	0.209	0.182	0.215	0.148	0.369	0.254	0.265	0.182	0.191	0.181	0.17	0.234	0.23	0.232	0.159	0.145	0.203	0.226	
Chromosome	6923330	T	G	0.29	0.39	0.423	0.307	0.253	0.352	0.347	0.411	0.365	0.397	0.421	0.319	0.333	0.374	0.324	0.472	0.587	0.472	0.467	0.396	0.397	0.383	0.427	0.372	0.351	0.382	0.258	0.264	0.271	0.46	0.412	0.466	0.31	0.292	0.261	0.0	0.392	0.372	0.322	0.0	0.42	0.006	0.265	0.283	0.261	0.294	0.261	0.339	0.411	0.474	0.417	0.493	0.376	0.471	0.507	0.588	0.413	0.437	0.0	0.261	0.3	0.279	0.36	0.294	0.352	0.236	0.273	0.232	0.014	
