chromosome	pos	ref	mut	APAW	EMBA	EMBB	EMBC	Ana1	BedA	BedB	BedC	BedD	CipA	CipB	CipC	CLFA	CLFB	CLFC	CombA2	CombA3	CombA	CombAu1	CombAu3	CombAu5	CombB	CombC	CycloA	CycloB	CycloC	INH1	INH2	INHA	LzdA	LzdB	LzdC	M91	M92	M9B	MA_F1	MA_F2	MA_F3	MA_H1	MA_H2	MA_H3	MA_S1	MA_S2	MA_S3	MMCA	MMCB	MMCC	MockA	MockB	MockC	MockD	MockE	MockF	MockG	MockH	MockI	MockJ	MockK	MockL	NANOA	NANOB	NANOC	RIFA	RIFB	RIFC	UV1	UV2	UV3	WT_Msm
Chromosome	57124	A	C	0.278	0.198	0.19	0.168	0.188	0.272	0.292	0.272	0.13	0.286	0.326	0.326	0.207	0.178	0.188	0.142	0.111	0.284	0.296	0.372	0.336	0.313	0.306	0.364	0.086	0.15	0.254	0.263	0.127	0.104	0.11	0.361	0.246	0.231	0.224	0.005	0.284	0.254	0.308	0.0	0.302	0.012	0.159	0.257	0.269	0.273	0.262	0.344	0.284	0.302	0.256	0.25	0.289	0.295	0.325	0.111	0.07	0.107	0.004	0.224	0.254	0.235	0.173	0.207	0.311	0.307	0.275	0.272	0.012	
Chromosome	65001	A	C	0.148	0.232	0.221	0.235	0.099	0.358	0.298	0.298	0.303	0.251	0.247	0.336	0.211	0.201	0.171	0.294	0.235	0.371	0.396	0.439	0.471	0.317	0.361	0.23	0.254	0.219	0.163	0.164	0.131	0.226	0.254	0.251	0.248	0.182	0.174	0.0	0.255	0.25	0.265	0.007	0.304	0.0	0.172	0.219	0.208	0.158	0.185	0.345	0.429	0.337	0.325	0.398	0.336	0.387	0.371	0.324	0.272	0.256	0.0	0.119	0.196	0.172	0.242	0.174	0.21	0.17	0.17	0.152	0.0	
Chromosome	71204	T	A	0.088	0.127	0.095	0.071	0.039	0.153	0.095	0.101	0.129	0.094	0.074	0.095	0.118	0.095	0.06	0.148	0.133	0.09	0.085	0.121	0.08	0.104	0.13	0.159	0.121	0.111	0.095	0.092	0.129	0.113	0.125	0.129	0.089	0.078	0.073	0.0	0.133	0.121	0.106	0.0	0.067	0.0	0.108	0.087	0.131	0.093	0.066	0.106	0.159	0.143	0.136	0.142	0.104	0.128	0.107	0.091	0.177	0.149	0.0	0.117	0.095	0.121	0.075	0.091	0.107	0.061	0.082	0.11	0.0	
Chromosome	117626	A	C	0.06	0.124	0.091	0.074	0.048	0.033	0.039	0.039	0.046	0.062	0.052	0.055	0.055	0.061	0.096	0.044	0.05	0.065	0.062	0.037	0.036	0.043	0.049	0.034	0.052	0.062	0.041	0.055	0.076	0.052	0.028	0.058	0.06	0.063	0.06	0.0	0.079	0.049	0.033	0.0	0.059	0.0	0.081	0.061	0.053	0.039	0.041	0.078	0.039	0.035	0.064	0.026	0.023	0.044	0.062	0.026	0.032	0.099	0.0	0.072	0.057	0.053	0.069	0.085	0.041	0.042	0.071	0.054	0.005	
Chromosome	134028	C	G	0.0	0.117	0.0	0.0	0.0	0.0	0.0	0.0	0.0	0.0	0.0	0.0	0.0	0.0	0.0	0.0	0.0	0.009	0.0	0.0	0.0	0.0	0.0	0.0	0.0	0.0	0.0	0.0	0.0	0.0	0.0	0.0	0.0	0.0	0.0	0.0	0.0	0.0	0.0	0.0	0.0	0.0	0.0	0.0	0.0	0.0	0.0	0.0	0.0	0.0	0.0	0.004	0.0	0.0	0.0	0.0	0.0	0.0	0.0	0.0	0.0	0.0	0.003	0.0	0.0	0.0	0.025	0.0	0.0	
Chromosome	134055	C	G	0.0	0.101	0.0	0.0	0.0	0.0	0.0	0.0	0.0	0.0	0.0	0.0	0.0	0.0	0.0	0.0	0.0	0.0	0.0	0.0	0.0	0.0	0.0	0.0	0.0	0.0	0.0	0.0	0.0	0.0	0.0	0.0	0.0	0.0	0.0	0.004	0.0	0.0	0.0	0.005	0.0	0.0	0.0	0.0	0.0	0.0	0.0	0.0	0.0	0.0	0.0	0.0	0.0	0.0	0.0	0.0	0.0	0.0	0.0	0.0	0.0	0.0	0.0	0.0	0.0	0.011	0.026	0.0	0.0	
Chromosome	134058	T	G	0.0	0.097	0.0	0.003	0.0	0.0	0.0	0.0	0.003	0.0	0.0	0.0	0.0	0.0	0.0	0.003	0.0	0.0	0.005	0.0	0.0	0.005	0.005	0.0	0.0	0.0	0.0	0.0	0.0	0.0	0.0	0.0	0.0	0.0	0.0	0.0	0.0	0.0	0.0	0.005	0.0	0.005	0.0	0.0	0.003	0.0	0.002	0.0	0.0	0.0	0.0	0.0	0.0	0.0	0.0	0.0	0.004	0.0	0.004	0.0	0.002	0.0	0.0	0.004	0.0	0.014	0.031	0.0	0.0	
Chromosome	134078	A	G	0.0	0.09	0.0	0.0	0.0	0.0	0.0	0.0	0.0	0.0	0.0	0.0	0.0	0.0	0.0	0.0	0.005	0.0	0.0	0.0	0.0	0.0	0.0	0.0	0.0	0.003	0.0	0.0	0.0	0.0	0.0	0.0	0.0	0.0	0.0	0.0	0.0	0.0	0.0	0.0	0.0	0.0	0.0	0.0	0.0	0.0	0.0	0.0	0.0	0.0	0.0	0.0	0.0	0.0	0.0	0.0	0.0	0.0	0.0	0.0	0.0	0.0	0.0	0.0	0.0	0.021	0.029	0.0	0.0	
Chromosome	134082	T	G	0.0	0.088	0.0	0.0	0.0	0.0	0.0	0.0	0.0	0.0	0.0	0.0	0.0	0.0	0.0	0.003	0.0	0.0	0.0	0.0	0.0	0.0	0.0	0.0	0.0	0.0	0.003	0.0	0.0	0.0	0.0	0.0	0.0	0.0	0.0	0.004	0.0	0.0	0.0	0.0	0.0	0.0	0.0	0.0	0.0	0.0	0.0	0.0	0.0	0.0	0.0	0.0	0.0	0.0	0.0	0.0	0.0	0.0	0.0	0.0	0.0	0.0	0.004	0.0	0.0	0.024	0.029	0.0	0.0	
Chromosome	134085	C	A	0.0	0.09	0.0	0.0	0.0	0.006	0.0	0.0	0.0	0.0	0.0	0.0	0.0	0.0	0.0	0.0	0.0	0.0	0.0	0.0	0.0	0.0	0.005	0.0	0.0	0.0	0.0	0.0	0.0	0.0	0.0	0.0	0.0	0.0	0.0	0.0	0.0	0.0	0.0	0.0	0.0	0.0	0.0	0.0	0.0	0.0	0.0	0.0	0.0	0.0	0.0	0.0	0.0	0.0	0.0	0.0	0.0	0.003	0.0	0.0	0.0	0.0	0.004	0.0	0.0	0.0	0.028	0.0	0.0	
Chromosome	204064	A	.	0.0	0.0	0.0	0.0	0.0	0.0	0.0	0.0	0.0	0.0	0.0	0.0	0.0	0.0	0.0	0.0	0.0	0.0	0.0	0.0	0.0	0.0	0.0	0.0	0.0	0.0	0.0	0.0	0.0	0.0	0.0	0.0	0.0	0.0	0.0	0.0	0.0	0.0	0.0	0.0	0.0	0.0	0.0	0.0	0.0	0.0	0.0	0.0	0.0	0.0	0.0	0.0	0.0	0.0	0.0	0.0	0.0	0.0	0.0	0.0	0.0	0.0	0.0	0.0	0.0	0.0	0.0	0.0	0.0	
Chromosome	249685	T	G	0.142	0.199	0.234	0.165	0.141	0.373	0.327	0.294	0.225	0.256	0.203	0.226	0.188	0.19	0.165	0.264	0.302	0.259	0.252	0.416	0.333	0.319	0.35	0.219	0.204	0.211	0.121	0.144	0.089	0.276	0.245	0.207	0.155	0.146	0.125	0.0	0.23	0.227	0.235	0.0	0.19	0.029	0.196	0.23	0.139	0.123	0.12	0.357	0.331	0.375	0.236	0.362	0.324	0.324	0.435	0.344	0.255	0.217	0.0	0.137	0.141	0.121	0.219	0.157	0.229	0.175	0.132	0.127	0.0	
Chromosome	249703	T	G	0.146	0.105	0.07	0.14	0.096	0.231	0.295	0.216	0.11	0.209	0.202	0.195	0.148	0.102	0.107	0.099	0.135	0.224	0.175	0.208	0.182	0.186	0.211	0.188	0.099	0.128	0.196	0.162	0.073	0.083	0.114	0.184	0.137	0.156	0.153	0.006	0.175	0.168	0.182	0.013	0.192	0.005	0.066	0.166	0.126	0.141	0.148	0.277	0.22	0.218	0.186	0.188	0.175	0.25	0.295	0.111	0.184	0.085	0.016	0.169	0.146	0.163	0.106	0.101	0.243	0.157	0.138	0.132	0.013	
Chromosome	308617	T	G	0.199	0.236	0.255	0.249	0.13	0.264	0.255	0.303	0.277	0.266	0.265	0.358	0.227	0.199	0.278	0.276	0.292	0.256	0.291	0.341	0.283	0.248	0.21	0.223	0.287	0.264	0.219	0.244	0.2	0.356	0.254	0.301	0.219	0.238	0.223	0.0	0.316	0.287	0.267	0.006	0.205	0.0	0.194	0.27	0.219	0.26	0.243	0.343	0.205	0.236	0.288	0.404	0.284	0.277	0.238	0.241	0.304	0.259	0.0	0.234	0.261	0.214	0.281	0.211	0.295	0.25	0.227	0.236	0.007	
Chromosome	308623	A	C	0.241	0.245	0.191	0.253	0.173	0.295	0.303	0.326	0.198	0.25	0.265	0.358	0.229	0.199	0.237	0.197	0.207	0.282	0.276	0.331	0.366	0.25	0.254	0.28	0.219	0.241	0.23	0.228	0.206	0.291	0.215	0.38	0.257	0.267	0.287	0.005	0.312	0.331	0.267	0.0	0.265	0.006	0.2	0.296	0.236	0.269	0.291	0.362	0.295	0.273	0.361	0.391	0.3	0.333	0.25	0.091	0.231	0.286	0.0	0.268	0.315	0.213	0.237	0.319	0.34	0.267	0.259	0.251	0.0	
Chromosome	308638	T	G	0.209	0.162	0.136	0.181	0.164	0.153	0.102	0.155	0.103	0.23	0.255	0.273	0.143	0.199	0.134	0.098	0.054	0.185	0.106	0.195	0.214	0.109	0.175	0.16	0.09	0.157	0.17	0.229	0.121	0.155	0.126	0.268	0.178	0.214	0.217	0.0	0.297	0.22	0.212	0.0	0.227	0.0	0.089	0.224	0.213	0.234	0.214	0.228	0.155	0.15	0.231	0.145	0.152	0.193	0.212	0.042	0.095	0.131	0.0	0.216	0.244	0.173	0.152	0.223	0.27	0.193	0.233	0.231	0.0	
Chromosome	645437	T	G	0.109	0.136	0.115	0.142	0.066	0.165	0.305	0.194	0.208	0.161	0.203	0.182	0.177	0.134	0.134	0.218	0.161	0.237	0.212	0.221	0.242	0.244	0.246	0.241	0.199	0.148	0.138	0.13	0.084	0.199	0.172	0.196	0.111	0.123	0.085	0.006	0.149	0.192	0.255	0.0	0.167	0.0	0.118	0.163	0.163	0.13	0.12	0.224	0.234	0.235	0.234	0.219	0.267	0.181	0.235	0.184	0.186	0.192	0.0	0.128	0.138	0.112	0.159	0.163	0.187	0.15	0.154	0.135	0.0	
Chromosome	706123	T	G	0.145	0.155	0.149	0.15	0.094	0.195	0.196	0.2	0.155	0.187	0.222	0.226	0.158	0.104	0.112	0.173	0.132	0.2	0.212	0.221	0.237	0.163	0.243	0.209	0.172	0.167	0.167	0.092	0.128	0.159	0.108	0.251	0.16	0.141	0.143	0.0	0.209	0.181	0.209	0.006	0.205	0.005	0.114	0.151	0.106	0.158	0.138	0.219	0.212	0.236	0.263	0.204	0.225	0.25	0.253	0.205	0.168	0.171	0.005	0.139	0.15	0.164	0.11	0.167	0.186	0.162	0.134	0.171	0.007	
Chromosome	708677	A	C	0.24	0.226	0.205	0.189	0.152	0.293	0.262	0.33	0.28	0.295	0.306	0.324	0.221	0.237	0.264	0.288	0.254	0.267	0.351	0.324	0.357	0.303	0.27	0.223	0.333	0.181	0.189	0.168	0.228	0.295	0.335	0.222	0.205	0.216	0.184	0.0	0.265	0.255	0.305	0.008	0.295	0.0	0.26	0.239	0.193	0.235	0.22	0.3	0.28	0.312	0.305	0.31	0.292	0.217	0.292	0.386	0.356	0.267	0.0	0.175	0.24	0.18	0.233	0.25	0.206	0.201	0.187	0.215	0.0	
Chromosome	713223	A	C	0.049	0.09	0.066	0.062	0.006	0.162	0.161	0.107	0.125	0.081	0.076	0.122	0.069	0.056	0.058	0.124	0.094	0.135	0.18	0.14	0.169	0.175	0.12	0.142	0.134	0.053	0.046	0.035	0.051	0.093	0.109	0.157	0.063	0.063	0.044	0.0	0.106	0.141	0.107	0.006	0.118	0.0	0.05	0.105	0.058	0.048	0.055	0.096	0.184	0.163	0.134	0.155	0.081	0.167	0.164	0.133	0.102	0.14	0.0	0.05	0.055	0.047	0.051	0.075	0.083	0.047	0.058	0.035	0.007	
Chromosome	788001	A	C	0.258	0.176	0.258	0.222	0.136	0.252	0.202	0.325	0.092	0.229	0.282	0.281	0.195	0.235	0.206	0.113	0.154	0.267	0.263	0.231	0.264	0.222	0.145	0.264	0.057	0.196	0.25	0.234	0.195	0.131	0.113	0.288	0.253	0.249	0.193	0.005	0.275	0.309	0.269	0.008	0.266	0.0	0.16	0.243	0.263	0.269	0.268	0.238	0.21	0.25	0.28	0.206	0.255	0.148	0.183	0.024	0.072	0.098	0.005	0.244	0.241	0.231	0.142	0.157	0.268	0.263	0.257	0.277	0.007	
Chromosome	788006	G	C	0.255	0.157	0.209	0.175	0.131	0.239	0.193	0.283	0.084	0.219	0.282	0.279	0.144	0.214	0.125	0.103	0.152	0.224	0.245	0.219	0.22	0.217	0.148	0.218	0.057	0.155	0.274	0.255	0.166	0.096	0.089	0.29	0.285	0.25	0.238	0.0	0.291	0.295	0.259	0.008	0.247	0.0	0.146	0.234	0.261	0.292	0.317	0.24	0.203	0.218	0.27	0.207	0.239	0.135	0.177	0.0	0.035	0.068	0.005	0.25	0.262	0.258	0.102	0.133	0.227	0.277	0.263	0.306	0.0	
Chromosome	788007	A	C	0.178	0.089	0.104	0.099	0.058	0.162	0.164	0.248	0.047	0.163	0.17	0.256	0.085	0.102	0.075	0.063	0.071	0.162	0.227	0.193	0.182	0.178	0.141	0.185	0.032	0.076	0.174	0.183	0.047	0.058	0.025	0.245	0.19	0.187	0.125	0.0	0.235	0.232	0.204	0.016	0.2	0.0	0.033	0.137	0.165	0.193	0.168	0.216	0.174	0.192	0.23	0.165	0.232	0.127	0.162	0.0	0.021	0.033	0.0	0.182	0.182	0.146	0.073	0.073	0.199	0.187	0.169	0.207	0.0	
Chromosome	1357845	T	G	0.07	0.118	0.093	0.12	0.053	0.066	0.092	0.029	0.092	0.115	0.092	0.1	0.124	0.112	0.075	0.033	0.078	0.148	0.066	0.082	0.069	0.072	0.057	0.077	0.068	0.105	0.049	0.066	0.034	0.057	0.12	0.08	0.069	0.044	0.065	0.0	0.107	0.104	0.052	0.0	0.075	0.0	0.04	0.063	0.072	0.06	0.072	0.088	0.04	0.058	0.117	0.086	0.015	0.057	0.062	0.056	0.052	0.066	0.0	0.072	0.099	0.041	0.082	0.067	0.072	0.071	0.073	0.059	0.0	
Chromosome	1411132	A	C	0.062	0.097	0.117	0.068	0.081	0.105	0.083	0.105	0.154	0.099	0.083	0.075	0.043	0.043	0.043	0.07	0.105	0.108	0.089	0.186	0.061	0.067	0.052	0.08	0.053	0.066	0.078	0.067	0.115	0.103	0.052	0.109	0.107	0.078	0.064	0.005	0.089	0.06	0.101	0.006	0.111	0.0	0.014	0.095	0.047	0.105	0.079	0.085	0.098	0.099	0.103	0.106	0.117	0.076	0.13	0.059	0.099	0.061	0.0	0.074	0.07	0.081	0.082	0.101	0.071	0.07	0.058	0.072	0.0	
Chromosome	1437874	T	G	0.067	0.161	0.165	0.117	0.065	0.063	0.103	0.071	0.121	0.098	0.116	0.065	0.185	0.142	0.175	0.115	0.138	0.088	0.065	0.086	0.058	0.092	0.125	0.101	0.123	0.141	0.121	0.108	0.091	0.09	0.109	0.108	0.099	0.072	0.096	0.004	0.098	0.101	0.109	0.005	0.127	0.0	0.092	0.115	0.114	0.096	0.137	0.079	0.113	0.107	0.138	0.118	0.102	0.049	0.115	0.148	0.068	0.131	0.004	0.082	0.084	0.092	0.166	0.203	0.132	0.07	0.13	0.083	0.011	
Chromosome	1532078	T	G	0.079	0.13	0.071	0.087	0.053	0.079	0.082	0.089	0.057	0.049	0.058	0.067	0.095	0.065	0.068	0.068	0.068	0.036	0.067	0.08	0.082	0.019	0.069	0.075	0.065	0.094	0.055	0.051	0.046	0.07	0.068	0.043	0.053	0.059	0.05	0.0	0.065	0.091	0.1	0.005	0.057	0.0	0.05	0.036	0.063	0.055	0.051	0.108	0.058	0.048	0.073	0.031	0.048	0.064	0.113	0.051	0.026	0.097	0.0	0.063	0.067	0.039	0.106	0.047	0.086	0.076	0.055	0.06	0.0	
Chromosome	1574114	T	G	0.158	0.204	0.179	0.144	0.177	0.245	0.262	0.197	0.219	0.177	0.218	0.18	0.146	0.167	0.224	0.26	0.312	0.263	0.298	0.318	0.274	0.299	0.268	0.211	0.16	0.177	0.135	0.095	0.16	0.214	0.232	0.183	0.194	0.142	0.113	0.005	0.135	0.168	0.213	0.012	0.128	0.006	0.156	0.213	0.154	0.128	0.178	0.29	0.281	0.365	0.298	0.309	0.315	0.302	0.293	0.125	0.192	0.237	0.011	0.142	0.13	0.149	0.171	0.201	0.155	0.132	0.118	0.134	0.007	
Chromosome	1630318	T	G	0.209	0.24	0.211	0.205	0.14	0.274	0.24	0.223	0.211	0.241	0.323	0.346	0.251	0.242	0.241	0.216	0.269	0.308	0.204	0.24	0.24	0.225	0.236	0.273	0.188	0.238	0.227	0.171	0.165	0.206	0.276	0.304	0.231	0.168	0.17	0.0	0.324	0.3	0.303	0.0	0.232	0.006	0.236	0.331	0.21	0.206	0.191	0.236	0.276	0.297	0.299	0.265	0.273	0.263	0.289	0.233	0.225	0.262	0.006	0.196	0.212	0.18	0.2	0.262	0.312	0.207	0.179	0.201	0.0	
Chromosome	1747181	A	C	0.204	0.13	0.184	0.13	0.076	0.266	0.2	0.246	0.254	0.23	0.309	0.291	0.167	0.192	0.154	0.206	0.258	0.296	0.224	0.262	0.277	0.248	0.254	0.276	0.237	0.211	0.219	0.168	0.162	0.226	0.286	0.262	0.198	0.172	0.223	0.005	0.203	0.212	0.29	0.006	0.317	0.006	0.2	0.25	0.224	0.267	0.184	0.301	0.268	0.342	0.298	0.302	0.312	0.215	0.269	0.256	0.182	0.26	0.0	0.209	0.226	0.179	0.16	0.197	0.231	0.16	0.188	0.158	0.007	
Chromosome	1777808	T	G	0.136	0.161	0.188	0.14	0.099	0.308	0.231	0.302	0.225	0.17	0.172	0.188	0.197	0.152	0.117	0.255	0.298	0.209	0.274	0.294	0.347	0.333	0.294	0.256	0.269	0.151	0.151	0.125	0.154	0.254	0.219	0.216	0.156	0.201	0.117	0.0	0.273	0.225	0.242	0.0	0.231	0.0	0.195	0.275	0.143	0.2	0.164	0.257	0.379	0.277	0.347	0.309	0.355	0.407	0.326	0.425	0.321	0.291	0.014	0.162	0.16	0.126	0.166	0.14	0.204	0.128	0.145	0.141	0.0	
Chromosome	1979870	T	G	0.143	0.126	0.168	0.2	0.072	0.285	0.246	0.26	0.197	0.258	0.212	0.302	0.121	0.169	0.157	0.207	0.135	0.276	0.297	0.294	0.187	0.25	0.197	0.299	0.167	0.102	0.139	0.142	0.088	0.19	0.188	0.18	0.173	0.143	0.118	0.005	0.249	0.198	0.159	0.0	0.201	0.0	0.121	0.218	0.143	0.177	0.15	0.285	0.248	0.372	0.386	0.282	0.264	0.338	0.255	0.167	0.24	0.283	0.0	0.127	0.144	0.093	0.131	0.142	0.188	0.125	0.134	0.141	0.011	
Chromosome	1990230	T	G	0.273	0.256	0.299	0.292	0.246	0.261	0.315	0.262	0.302	0.307	0.271	0.252	0.281	0.292	0.323	0.37	0.492	0.31	0.27	0.333	0.316	0.339	0.276	0.288	0.412	0.314	0.314	0.319	0.286	0.296	0.277	0.31	0.302	0.289	0.283	0.0	0.266	0.281	0.28	0.0	0.28	0.0	0.295	0.357	0.274	0.387	0.294	0.344	0.282	0.417	0.377	0.43	0.347	0.393	0.297	0.424	0.37	0.294	0.005	0.282	0.271	0.273	0.318	0.36	0.31	0.28	0.309	0.334	0.0	
Chromosome	2140126	T	G	0.198	0.144	0.149	0.103	0.058	0.17	0.165	0.229	0.083	0.206	0.218	0.208	0.185	0.144	0.108	0.072	0.088	0.185	0.142	0.184	0.191	0.229	0.201	0.211	0.11	0.124	0.125	0.196	0.099	0.063	0.076	0.16	0.19	0.158	0.142	0.005	0.205	0.177	0.179	0.006	0.164	0.0	0.076	0.227	0.145	0.139	0.196	0.216	0.227	0.176	0.227	0.176	0.224	0.137	0.205	0.118	0.107	0.061	0.011	0.165	0.16	0.136	0.156	0.114	0.159	0.177	0.142	0.139	0.013	
Chromosome	2154684	A	C	0.121	0.155	0.101	0.142	0.091	0.229	0.244	0.25	0.191	0.211	0.185	0.166	0.17	0.116	0.126	0.193	0.22	0.242	0.335	0.162	0.229	0.196	0.227	0.176	0.184	0.141	0.084	0.077	0.086	0.211	0.224	0.244	0.088	0.105	0.099	0.0	0.181	0.217	0.134	0.013	0.182	0.0	0.093	0.173	0.111	0.089	0.112	0.217	0.227	0.209	0.192	0.223	0.219	0.286	0.241	0.346	0.211	0.153	0.0	0.116	0.13	0.093	0.13	0.135	0.153	0.123	0.096	0.109	0.0	
Chromosome	2229493	A	C	0.079	0.127	0.119	0.101	0.068	0.138	0.169	0.092	0.09	0.131	0.115	0.157	0.084	0.108	0.138	0.165	0.079	0.234	0.19	0.183	0.123	0.122	0.154	0.181	0.107	0.102	0.073	0.063	0.066	0.108	0.135	0.13	0.087	0.103	0.079	0.0	0.181	0.147	0.15	0.006	0.197	0.0	0.116	0.104	0.108	0.071	0.059	0.164	0.104	0.179	0.166	0.164	0.087	0.115	0.178	0.143	0.131	0.14	0.006	0.089	0.107	0.077	0.089	0.107	0.092	0.089	0.079	0.047	0.008	
Chromosome	2335363	A	T	0.166	0.127	0.112	0.092	0.082	0.142	0.172	0.155	0.087	0.153	0.171	0.166	0.074	0.117	0.123	0.065	0.184	0.153	0.144	0.23	0.218	0.188	0.143	0.294	0.098	0.07	0.188	0.176	0.093	0.122	0.077	0.146	0.157	0.189	0.175	0.0	0.167	0.215	0.18	0.0	0.208	0.0	0.11	0.187	0.165	0.215	0.174	0.143	0.216	0.176	0.212	0.197	0.078	0.21	0.225	0.119	0.13	0.157	0.0	0.137	0.211	0.215	0.13	0.123	0.22	0.194	0.187	0.17	0.0	
Chromosome	2335376	C	G	0.125	0.237	0.155	0.143	0.128	0.183	0.163	0.178	0.258	0.203	0.188	0.182	0.187	0.112	0.173	0.201	0.262	0.169	0.161	0.197	0.132	0.177	0.151	0.228	0.261	0.167	0.127	0.17	0.137	0.139	0.203	0.152	0.128	0.169	0.132	0.266	0.187	0.218	0.173	0.278	0.231	0.316	0.14	0.14	0.168	0.184	0.137	0.143	0.208	0.14	0.23	0.217	0.14	0.189	0.236	0.217	0.282	0.282	0.234	0.123	0.177	0.189	0.164	0.142	0.141	0.144	0.184	0.169	0.277	
Chromosome	2579189	A	C	0.173	0.23	0.232	0.224	0.134	0.268	0.276	0.242	0.322	0.271	0.222	0.31	0.219	0.219	0.213	0.261	0.246	0.282	0.237	0.297	0.183	0.206	0.319	0.253	0.25	0.187	0.248	0.226	0.202	0.275	0.243	0.239	0.21	0.225	0.223	0.006	0.273	0.263	0.274	0.0	0.395	0.0	0.226	0.303	0.277	0.259	0.226	0.283	0.34	0.287	0.219	0.263	0.281	0.333	0.308	0.238	0.256	0.256	0.0	0.225	0.219	0.226	0.154	0.254	0.234	0.26	0.238	0.244	0.013	
Chromosome	2612734	A	C	0.156	0.151	0.155	0.147	0.112	0.208	0.225	0.197	0.156	0.228	0.172	0.2	0.147	0.19	0.121	0.094	0.119	0.163	0.2	0.211	0.245	0.184	0.183	0.196	0.109	0.128	0.235	0.161	0.191	0.149	0.128	0.252	0.214	0.169	0.202	0.0	0.256	0.241	0.306	0.0	0.312	0.005	0.126	0.271	0.184	0.268	0.188	0.226	0.257	0.28	0.236	0.2	0.228	0.248	0.25	0.097	0.081	0.152	0.011	0.199	0.217	0.215	0.123	0.114	0.16	0.26	0.166	0.19	0.007	
Chromosome	2811399	A	C	0.15	0.12	0.092	0.147	0.06	0.235	0.229	0.191	0.105	0.254	0.214	0.176	0.088	0.125	0.113	0.077	0.141	0.122	0.235	0.231	0.214	0.221	0.198	0.206	0.156	0.127	0.155	0.127	0.091	0.033	0.07	0.16	0.198	0.132	0.113	0.005	0.225	0.223	0.186	0.019	0.188	0.0	0.078	0.208	0.158	0.173	0.182	0.228	0.224	0.207	0.204	0.213	0.212	0.238	0.163	0.089	0.09	0.103	0.007	0.168	0.131	0.162	0.088	0.081	0.281	0.141	0.19	0.189	0.017	
Chromosome	2811402	A	C	0.13	0.18	0.21	0.162	0.125	0.2	0.2	0.21	0.258	0.254	0.168	0.196	0.195	0.168	0.194	0.225	0.272	0.146	0.226	0.205	0.221	0.181	0.196	0.176	0.216	0.211	0.149	0.157	0.168	0.141	0.209	0.151	0.175	0.144	0.127	0.0	0.194	0.207	0.237	0.006	0.16	0.0	0.156	0.232	0.186	0.168	0.158	0.228	0.264	0.25	0.144	0.209	0.196	0.169	0.154	0.204	0.246	0.207	0.0	0.148	0.13	0.133	0.179	0.166	0.259	0.14	0.193	0.169	0.006	
Chromosome	2811404	G	C	0.093	0.17	0.153	0.134	0.085	0.188	0.163	0.198	0.297	0.224	0.07	0.147	0.129	0.16	0.154	0.232	0.278	0.157	0.209	0.238	0.228	0.211	0.189	0.171	0.296	0.131	0.095	0.108	0.095	0.204	0.235	0.135	0.123	0.094	0.101	0.0	0.123	0.178	0.121	0.0	0.131	0.005	0.151	0.125	0.136	0.101	0.115	0.218	0.28	0.196	0.208	0.261	0.202	0.211	0.183	0.353	0.268	0.246	0.0	0.107	0.071	0.109	0.152	0.165	0.215	0.122	0.127	0.155	0.0	
Chromosome	2829829	A	C	0.21	0.217	0.16	0.115	0.146	0.311	0.26	0.289	0.171	0.236	0.25	0.255	0.191	0.15	0.155	0.169	0.113	0.255	0.297	0.315	0.216	0.336	0.289	0.263	0.122	0.134	0.207	0.15	0.111	0.169	0.133	0.214	0.185	0.164	0.196	0.0	0.209	0.261	0.25	0.0	0.172	0.005	0.156	0.207	0.181	0.239	0.218	0.25	0.25	0.28	0.292	0.209	0.286	0.276	0.236	0.214	0.167	0.142	0.013	0.207	0.194	0.176	0.156	0.185	0.213	0.192	0.196	0.16	0.0	
Chromosome	2952405	A	C	0.131	0.104	0.134	0.19	0.131	0.123	0.214	0.107	0.176	0.216	0.223	0.224	0.164	0.113	0.144	0.153	0.171	0.125	0.173	0.182	0.163	0.151	0.158	0.193	0.106	0.169	0.142	0.104	0.125	0.141	0.196	0.197	0.102	0.156	0.129	0.0	0.204	0.229	0.174	0.006	0.254	0.0	0.152	0.238	0.144	0.165	0.143	0.186	0.178	0.194	0.171	0.148	0.163	0.183	0.15	0.118	0.164	0.119	0.012	0.155	0.128	0.158	0.162	0.134	0.136	0.135	0.126	0.122	0.0	
Chromosome	3015747	G	C	0.202	0.343	0.347	0.344	0.291	0.207	0.209	0.295	0.376	0.209	0.252	0.231	0.297	0.287	0.326	0.481	0.5	0.239	0.306	0.279	0.203	0.217	0.243	0.305	0.399	0.29	0.222	0.194	0.303	0.452	0.427	0.204	0.238	0.223	0.219	0.0	0.246	0.204	0.25	0.0	0.231	0.0	0.339	0.227	0.271	0.211	0.225	0.273	0.258	0.247	0.212	0.194	0.169	0.212	0.258	0.545	0.515	0.5	0.0	0.235	0.239	0.215	0.27	0.341	0.284	0.174	0.224	0.231	0.0	
Chromosome	3051414	C	G	0.007	0.032	0.03	0.005	0.0	0.01	0.019	0.037	0.023	0.015	0.0	0.007	0.0	0.006	0.009	0.043	0.034	0.0	0.007	0.031	0.019	0.008	0.021	0.02	0.006	0.005	0.004	0.007	0.004	0.014	0.006	0.04	0.003	0.003	0.003	0.0	0.0	0.026	0.017	0.0	0.021	0.0	0.0	0.016	0.022	0.005	0.003	0.013	0.026	0.028	0.041	0.009	0.028	0.016	0.046	0.0	0.031	0.024	0.0	0.003	0.01	0.0	0.015	0.013	0.013	0.0	0.003	0.01	0.0	
Chromosome	3051417	G	A	0.003	0.032	0.025	0.005	0.0	0.0	0.0	0.0	0.0	0.0	0.0	0.0	0.0	0.0	0.005	0.018	0.033	0.0	0.0	0.0	0.0	0.0	0.0	0.0	0.0	0.005	0.0	0.004	0.0	0.0	0.0	0.026	0.0	0.0	0.0	0.0	0.0	0.0	0.0	0.0	0.007	0.0	0.0	0.0	0.017	0.0	0.0	0.0	0.0	0.0	0.0	0.0	0.009	0.0	0.0	0.0	0.0	0.009	0.0	0.0	0.0	0.0	0.015	0.006	0.008	0.0	0.0	0.0	0.0	
Chromosome	3051418	T	C	0.003	0.032	0.024	0.005	0.007	0.0	0.0	0.0	0.0	0.0	0.0	0.0	0.0	0.0	0.004	0.018	0.032	0.0	0.0	0.0	0.0	0.0	0.0	0.0	0.0	0.005	0.0	0.004	0.0	0.0	0.0	0.025	0.0	0.0	0.0	0.0	0.0	0.0	0.0	0.0	0.007	0.0	0.0	0.0	0.017	0.0	0.0	0.0	0.009	0.009	0.0	0.0	0.0	0.0	0.0	0.0	0.0	0.018	0.0	0.0	0.0	0.0	0.015	0.006	0.008	0.004	0.0	0.003	0.0	
Chromosome	3051421	C	G	0.006	0.037	0.024	0.005	0.0	0.039	0.01	0.018	0.033	0.015	0.0	0.0	0.005	0.005	0.004	0.035	0.047	0.0	0.02	0.015	0.009	0.008	0.014	0.028	0.011	0.005	0.0	0.004	0.0	0.006	0.018	0.037	0.01	0.006	0.004	0.0	0.014	0.006	0.006	0.0	0.014	0.01	0.011	0.005	0.017	0.0	0.008	0.012	0.027	0.028	0.007	0.018	0.028	0.008	0.037	0.062	0.035	0.056	0.006	0.003	0.013	0.0	0.015	0.006	0.013	0.004	0.006	0.003	0.0	
Chromosome	3089775	G	A	0.01	0.039	0.011	0.014	0.0	0.0	0.0	0.0	0.0	0.006	0.0	0.0	0.043	0.018	0.01	0.063	0.009	0.013	0.0	0.0	0.0	0.007	0.0	0.0	0.0	0.009	0.0	0.004	0.012	0.006	0.024	0.006	0.003	0.003	0.0	0.007	0.0	0.0	0.0	0.0	0.0	0.0	0.0	0.0	0.0	0.0	0.0	0.0	0.0	0.0	0.0	0.0	0.0	0.0	0.0	0.0	0.016	0.029	0.0	0.0	0.0	0.0	0.015	0.017	0.009	0.0	0.0	0.0	0.0	
Chromosome	3089776	T	C	0.013	0.039	0.017	0.014	0.0	0.0	0.0	0.0	0.0	0.0	0.0	0.0	0.043	0.018	0.01	0.069	0.009	0.013	0.0	0.0	0.0	0.007	0.0	0.0	0.0	0.009	0.0	0.004	0.011	0.0	0.024	0.006	0.003	0.003	0.0	0.007	0.0	0.0	0.0	0.0	0.0	0.005	0.0	0.0	0.0	0.0	0.0	0.0	0.0	0.0	0.0	0.0	0.0	0.0	0.0	0.0	0.016	0.028	0.0	0.0	0.0	0.0	0.015	0.018	0.009	0.0	0.0	0.0	0.0	
Chromosome	3092808	A	C	0.368	0.53	0.615	0.574	0.328	0.373	0.267	0.241	0.511	0.403	0.289	0.443	0.589	0.505	0.541	0.488	0.561	0.273	0.316	0.456	0.316	0.373	0.26	0.395	0.627	0.536	0.327	0.315	0.396	0.568	0.593	0.446	0.413	0.347	0.392	0.0	0.384	0.333	0.27	0.0	0.385	0.0	0.353	0.39	0.368	0.364	0.318	0.4	0.264	0.396	0.283	0.364	0.318	0.418	0.349	0.4	0.46	0.547	0.0	0.405	0.34	0.308	0.564	0.487	0.391	0.3	0.333	0.251	0.01	
Chromosome	3092809	G	C	0.408	0.505	0.58	0.56	0.241	0.346	0.319	0.291	0.566	0.449	0.263	0.361	0.518	0.466	0.504	0.529	0.595	0.267	0.346	0.5	0.359	0.418	0.396	0.355	0.649	0.483	0.335	0.331	0.368	0.576	0.596	0.523	0.421	0.393	0.322	0.0	0.372	0.325	0.351	0.0	0.371	0.0	0.385	0.364	0.31	0.385	0.323	0.618	0.283	0.453	0.37	0.448	0.409	0.491	0.395	0.421	0.48	0.573	0.0	0.35	0.352	0.328	0.547	0.414	0.366	0.287	0.33	0.238	0.0	
Chromosome	3105791	A	G	0.162	0.25	0.22	0.271	0.182	0.213	0.2	0.328	0.359	0.17	0.204	0.141	0.193	0.28	0.198	0.416	0.516	0.269	0.29	0.253	0.236	0.315	0.219	0.191	0.391	0.173	0.186	0.157	0.141	0.432	0.279	0.179	0.192	0.192	0.167	0.005	0.192	0.2	0.162	0.0	0.148	0.0	0.279	0.27	0.16	0.2	0.154	0.386	0.267	0.25	0.359	0.226	0.259	0.258	0.25	0.526	0.455	0.371	0.0	0.169	0.188	0.194	0.208	0.226	0.203	0.13	0.117	0.172	0.0	
Chromosome	3123426	T	G	0.146	0.173	0.237	0.205	0.126	0.244	0.243	0.258	0.263	0.228	0.21	0.237	0.243	0.218	0.161	0.27	0.245	0.343	0.197	0.273	0.209	0.254	0.204	0.286	0.241	0.283	0.135	0.095	0.131	0.256	0.257	0.206	0.154	0.163	0.142	0.006	0.287	0.24	0.205	0.0	0.195	0.007	0.176	0.237	0.155	0.113	0.163	0.248	0.169	0.377	0.25	0.245	0.33	0.227	0.246	0.348	0.246	0.188	0.0	0.189	0.178	0.115	0.226	0.19	0.214	0.123	0.119	0.135	0.0	
Chromosome	3230529	A	C	0.136	0.143	0.134	0.127	0.128	0.236	0.188	0.238	0.13	0.194	0.241	0.251	0.129	0.158	0.188	0.238	0.155	0.239	0.259	0.267	0.23	0.215	0.205	0.188	0.168	0.138	0.124	0.128	0.083	0.173	0.143	0.203	0.132	0.128	0.117	0.011	0.221	0.172	0.23	0.0	0.182	0.0	0.144	0.193	0.125	0.133	0.155	0.192	0.284	0.202	0.279	0.261	0.21	0.28	0.265	0.22	0.266	0.197	0.0	0.137	0.129	0.13	0.21	0.131	0.177	0.121	0.124	0.133	0.007	
Chromosome	3253951	A	C	0.11	0.16	0.139	0.085	0.101	0.262	0.145	0.153	0.151	0.207	0.133	0.175	0.108	0.097	0.096	0.127	0.099	0.135	0.232	0.236	0.25	0.201	0.167	0.171	0.128	0.092	0.116	0.145	0.096	0.119	0.108	0.165	0.163	0.116	0.108	0.0	0.185	0.216	0.194	0.0	0.22	0.0	0.198	0.161	0.134	0.134	0.139	0.173	0.184	0.209	0.215	0.262	0.238	0.185	0.194	0.196	0.086	0.089	0.0	0.137	0.154	0.142	0.163	0.159	0.189	0.144	0.135	0.14	0.0	
Chromosome	3269590	T	G	0.222	0.176	0.192	0.173	0.14	0.276	0.312	0.231	0.138	0.247	0.31	0.267	0.197	0.171	0.217	0.14	0.165	0.291	0.29	0.345	0.226	0.268	0.356	0.326	0.164	0.249	0.272	0.269	0.153	0.157	0.167	0.382	0.256	0.244	0.236	0.005	0.226	0.322	0.295	0.0	0.299	0.0	0.171	0.301	0.32	0.239	0.264	0.293	0.293	0.3	0.302	0.293	0.378	0.242	0.348	0.143	0.112	0.118	0.0	0.249	0.275	0.276	0.122	0.172	0.226	0.259	0.204	0.266	0.0	
Chromosome	3456742	C	G	0.094	0.135	0.154	0.104	0.038	0.195	0.205	0.194	0.28	0.192	0.205	0.195	0.109	0.147	0.157	0.262	0.279	0.159	0.239	0.2	0.197	0.289	0.228	0.213	0.199	0.159	0.103	0.07	0.098	0.194	0.209	0.196	0.107	0.103	0.116	0.0	0.154	0.138	0.175	0.006	0.193	0.0	0.205	0.132	0.117	0.1	0.118	0.15	0.204	0.17	0.125	0.206	0.157	0.208	0.308	0.327	0.244	0.226	0.0	0.099	0.115	0.106	0.133	0.118	0.163	0.13	0.121	0.097	0.0	
Chromosome	3541044	T	G	0.039	0.133	0.063	0.109	0.04	0.09	0.054	0.051	0.092	0.106	0.07	0.092	0.093	0.086	0.091	0.078	0.061	0.051	0.067	0.076	0.12	0.087	0.074	0.094	0.128	0.095	0.048	0.062	0.058	0.05	0.086	0.071	0.046	0.069	0.042	0.0	0.057	0.045	0.108	0.0	0.06	0.0	0.068	0.065	0.077	0.029	0.069	0.055	0.054	0.032	0.072	0.092	0.077	0.037	0.133	0.091	0.069	0.075	0.0	0.071	0.078	0.062	0.107	0.109	0.093	0.078	0.073	0.074	0.0	
Chromosome	3690294	T	G	0.128	0.158	0.123	0.112	0.057	0.211	0.194	0.214	0.207	0.191	0.177	0.195	0.057	0.135	0.101	0.129	0.154	0.216	0.245	0.205	0.2	0.182	0.197	0.196	0.18	0.119	0.116	0.139	0.083	0.113	0.156	0.195	0.105	0.16	0.099	0.0	0.147	0.17	0.189	0.0	0.107	0.0	0.073	0.156	0.11	0.109	0.117	0.256	0.206	0.211	0.261	0.198	0.21	0.304	0.232	0.111	0.141	0.106	0.0	0.126	0.088	0.072	0.127	0.095	0.174	0.115	0.114	0.096	0.0	
Chromosome	3764884	C	T	0.0	0.189	0.0	0.0	0.0	0.0	0.0	0.0	0.0	0.0	0.0	0.0	0.0	0.0	0.0	0.0	0.0	0.0	0.0	0.0	0.0	0.0	0.0	0.0	0.0	0.0	0.0	0.0	0.0	0.0	0.0	0.0	0.0	0.0	0.0	0.0	0.0	0.0	0.0	0.006	0.0	0.0	0.0	0.0	0.0	0.0	0.0	0.0	0.0	0.0	0.0	0.007	0.0	0.0	0.0	0.0	0.0	0.0	0.0	0.0	0.0	0.0	0.0	0.0	0.0	0.0	0.002	0.0	0.0	
Chromosome	3777630	T	G	0.182	0.223	0.204	0.2	0.163	0.227	0.304	0.34	0.231	0.305	0.299	0.26	0.225	0.299	0.214	0.366	0.344	0.338	0.275	0.308	0.26	0.316	0.314	0.263	0.302	0.192	0.164	0.176	0.149	0.194	0.224	0.254	0.145	0.216	0.158	0.0	0.301	0.251	0.22	0.007	0.331	0.0	0.255	0.244	0.182	0.133	0.184	0.213	0.27	0.277	0.305	0.24	0.355	0.257	0.267	0.411	0.275	0.349	0.0	0.175	0.212	0.227	0.161	0.252	0.196	0.217	0.176	0.188	0.0	
Chromosome	3777631	T	G	0.114	0.152	0.116	0.124	0.057	0.206	0.275	0.236	0.14	0.274	0.182	0.245	0.114	0.118	0.095	0.175	0.079	0.156	0.248	0.246	0.25	0.263	0.22	0.193	0.156	0.088	0.106	0.105	0.065	0.151	0.107	0.165	0.094	0.14	0.103	0.0	0.168	0.185	0.239	0.013	0.199	0.0	0.117	0.194	0.104	0.105	0.112	0.239	0.248	0.259	0.192	0.316	0.253	0.237	0.16	0.214	0.12	0.162	0.0	0.102	0.117	0.101	0.094	0.126	0.157	0.097	0.123	0.08	0.006	
Chromosome	3777637	A	C	0.147	0.188	0.189	0.138	0.108	0.253	0.286	0.32	0.217	0.283	0.261	0.265	0.153	0.228	0.209	0.331	0.224	0.237	0.292	0.281	0.223	0.308	0.21	0.256	0.254	0.293	0.196	0.201	0.169	0.219	0.211	0.23	0.161	0.185	0.179	0.0	0.31	0.262	0.275	0.0	0.264	0.007	0.218	0.222	0.146	0.205	0.184	0.233	0.378	0.218	0.275	0.316	0.418	0.315	0.24	0.51	0.287	0.219	0.0	0.188	0.154	0.143	0.242	0.248	0.215	0.151	0.174	0.155	0.006	
Chromosome	3825393	T	C	0.0	0.213	0.0	0.003	0.0	0.0	0.0	0.0	0.0	0.0	0.0	0.0	0.0	0.0	0.0	0.0	0.0	0.0	0.0	0.0	0.0	0.0	0.0	0.0	0.0	0.0	0.005	0.0	0.0	0.0	0.0	0.0	0.0	0.002	0.0	0.0	0.0	0.0	0.0	0.0	0.0	0.0	0.0	0.0	0.0	0.0	0.0	0.0	0.0	0.0	0.0	0.0	0.0	0.0	0.0	0.0	0.0	0.0	0.0	0.0	0.0	0.0	0.0	0.0	0.0	0.0	0.0	0.0	0.0	
Chromosome	3847886	T	A	0.206	0.227	0.134	0.206	0.167	0.214	0.246	0.165	0.36	0.279	0.2	0.241	0.186	0.171	0.147	0.297	0.26	0.225	0.3	0.203	0.205	0.235	0.234	0.259	0.333	0.253	0.159	0.258	0.204	0.267	0.251	0.258	0.24	0.2	0.207	0.0	0.243	0.263	0.259	0.0	0.274	0.0	0.238	0.245	0.229	0.269	0.219	0.236	0.183	0.256	0.22	0.195	0.187	0.223	0.237	0.408	0.286	0.291	0.0	0.274	0.253	0.219	0.169	0.238	0.27	0.242	0.245	0.224	0.0	
Chromosome	3916389	C	T	0.05	0.044	0.028	0.034	0.068	0.024	0.061	0.019	0.024	0.019	0.027	0.047	0.035	0.072	0.046	0.061	0.037	0.118	0.015	0.021	0.037	0.048	0.032	0.028	0.09	0.043	0.05	0.017	0.056	0.056	0.056	0.017	0.037	0.017	0.061	0.094	0.13	0.048	0.033	0.136	0.065	0.14	0.0	0.019	0.043	0.083	0.037	0.031	0.0	0.049	0.085	0.0	0.1	0.0	0.041	0.167	0.05	0.049	0.103	0.052	0.056	0.065	0.061	0.057	0.011	0.033	0.098	0.04	0.333	
Chromosome	3916390	A	G	0.102	0.076	0.042	0.057	0.067	0.025	0.065	0.019	0.073	0.077	0.079	0.047	0.06	0.088	0.057	0.062	0.037	0.188	0.063	0.021	0.137	0.066	0.048	0.039	0.09	0.086	0.068	0.043	0.113	0.086	0.057	0.052	0.083	0.026	0.07	0.184	0.113	0.048	0.048	0.167	0.067	0.14	0.0	0.019	0.073	0.101	0.059	0.03	0.0	0.05	0.091	0.023	0.125	0.054	0.083	0.167	0.075	0.062	0.14	0.065	0.069	0.065	0.062	0.094	0.044	0.076	0.107	0.053	0.333	
Chromosome	3973377	T	G	0.097	0.145	0.113	0.143	0.083	0.11	0.071	0.084	0.129	0.116	0.13	0.105	0.134	0.154	0.101	0.064	0.089	0.096	0.135	0.107	0.105	0.087	0.087	0.138	0.119	0.165	0.083	0.096	0.096	0.141	0.109	0.071	0.081	0.058	0.09	0.0	0.109	0.085	0.119	0.0	0.135	0.0	0.073	0.164	0.083	0.102	0.105	0.113	0.115	0.106	0.108	0.108	0.061	0.106	0.15	0.259	0.104	0.082	0.0	0.103	0.104	0.04	0.15	0.135	0.133	0.104	0.05	0.084	0.0	
Chromosome	4088367	T	G	0.129	0.119	0.133	0.105	0.055	0.236	0.225	0.177	0.094	0.198	0.143	0.142	0.131	0.144	0.088	0.116	0.167	0.123	0.275	0.189	0.2	0.206	0.164	0.219	0.135	0.104	0.108	0.124	0.116	0.146	0.159	0.193	0.096	0.099	0.113	0.0	0.135	0.206	0.149	0.0	0.233	0.005	0.108	0.165	0.124	0.097	0.137	0.224	0.23	0.25	0.228	0.221	0.191	0.16	0.258	0.086	0.154	0.128	0.0	0.127	0.109	0.099	0.142	0.212	0.222	0.13	0.097	0.093	0.0	
Chromosome	4169637	A	C	0.0	0.21	0.169	0.0	0.0	0.0	0.0	0.0	0.0	0.0	0.0	0.0	0.0	0.0	0.0	0.0	0.0	0.0	0.0	0.0	0.0	0.0	0.0	0.0	0.0	0.0	0.0	0.0	0.0	0.0	0.0	0.0	0.003	0.0	0.0	0.012	0.0	0.0	0.0	0.0	0.0	0.005	0.0	0.0	0.0	0.0	0.002	0.0	0.0	0.0	0.0	0.0	0.0	0.0	0.0	0.0	0.0	0.0	0.005	0.0	0.0	0.0	0.0	0.0	0.0	0.0	0.0	0.0	0.0	
Chromosome	4187487	C	T	0.0	0.08	0.005	0.0	0.0	0.008	0.0	0.0	0.0	0.0	0.0	0.0	0.0	0.0	0.0	0.0	0.0	0.0	0.0	0.0	0.016	0.0	0.0	0.0	0.005	0.0	0.0	0.0	0.0	0.0	0.004	0.0	0.0	0.0	0.0	0.0	0.0	0.0	0.0	0.0	0.0	0.0	0.0	0.0	0.049	0.0	0.0	0.0	0.0	0.0	0.0	0.015	0.0	0.0	0.0	0.0	0.0	0.0	0.0	0.0	0.006	0.0	0.0	0.0	0.0	0.181	0.011	0.011	0.0	
Chromosome	4214560	C	A	0.452	0.475	0.494	0.517	0.533	0.441	0.444	0.525	0.503	0.477	0.478	0.474	0.465	0.518	0.466	0.465	0.544	0.5	0.53	0.506	0.48	0.485	0.401	0.533	0.478	0.449	0.494	0.476	0.515	0.485	0.48	0.481	0.502	0.45	0.481	0.463	0.458	0.491	0.505	0.538	0.511	0.524	0.498	0.496	0.478	0.497	0.486	0.431	0.453	0.479	0.42	0.509	0.468	0.49	0.472	0.509	0.462	0.494	0.408	0.494	0.506	0.43	0.49	0.489	0.515	0.442	0.432	0.326	0.498	
Chromosome	4214739	G	GT	0.34	0.303	0.316	0.331	0.395	0.304	0.332	0.352	0.324	0.364	0.304	0.32	0.338	0.351	0.336	0.368	0.472	0.392	0.342	0.38	0.312	0.339	0.353	0.34	0.358	0.313	0.332	0.321	0.353	0.327	0.388	0.339	0.358	0.305	0.333	0.327	0.332	0.362	0.287	0.317	0.332	0.357	0.306	0.309	0.32	0.334	0.355	0.331	0.371	0.301	0.321	0.371	0.324	0.352	0.367	0.535	0.391	0.331	0.26	0.338	0.314	0.329	0.36	0.327	0.316	0.303	0.304	0.266	0.329	
Chromosome	4214852	A	AG	0.06	0.07	0.045	0.05	0.074	0.043	0.078	0.072	0.05	0.058	0.023	0.048	0.056	0.076	0.083	0.069	0.07	0.099	0.049	0.107	0.048	0.074	0.046	0.047	0.057	0.059	0.069	0.061	0.07	0.066	0.067	0.066	0.062	0.073	0.066	0.022	0.065	0.047	0.037	0.051	0.087	0.097	0.015	0.066	0.044	0.084	0.064	0.024	0.074	0.088	0.054	0.039	0.026	0.069	0.048	0.065	0.06	0.058	0.082	0.057	0.058	0.053	0.058	0.067	0.049	0.073	0.054	0.058	0.045	
Chromosome	4214853	C	CAAT	0.0	0.008	0.003	0.0	0.0	0.0	0.0	0.008	0.0	0.004	0.0	0.0	0.0	0.013	0.003	0.0	0.0	0.0	0.006	0.0	0.0	0.006	0.0	0.0	0.004	0.0	0.0	0.003	0.004	0.0	0.004	0.0	0.0	0.0	0.003	0.011	0.0	0.006	0.0	0.034	0.0	0.067	0.0	0.004	0.0	0.0	0.004	0.0	0.0	0.0	0.0	0.007	0.0	0.006	0.008	0.0	0.004	0.006	0.06	0.0	0.0	0.0	0.008	0.009	0.0	0.0	0.0	0.0	0.019	
Chromosome	4214855	A	ATCAAT	0.045	0.066	0.041	0.039	0.048	0.05	0.07	0.072	0.049	0.05	0.009	0.039	0.042	0.082	0.072	0.07	0.066	0.096	0.044	0.102	0.049	0.067	0.041	0.045	0.046	0.048	0.058	0.066	0.071	0.065	0.071	0.058	0.069	0.069	0.071	0.022	0.059	0.048	0.036	0.045	0.078	0.078	0.015	0.062	0.044	0.067	0.06	0.04	0.07	0.081	0.048	0.052	0.027	0.07	0.056	0.107	0.055	0.061	0.05	0.052	0.072	0.057	0.058	0.058	0.057	0.062	0.05	0.051	0.032	
Chromosome	4214859	C	T	0.036	0.059	0.039	0.032	0.045	0.042	0.073	0.065	0.044	0.036	0.009	0.041	0.049	0.07	0.058	0.061	0.05	0.085	0.033	0.101	0.052	0.059	0.036	0.042	0.04	0.046	0.057	0.062	0.066	0.051	0.056	0.051	0.066	0.069	0.059	0.023	0.056	0.049	0.025	0.046	0.073	0.077	0.015	0.061	0.039	0.061	0.052	0.043	0.065	0.051	0.049	0.041	0.028	0.071	0.058	0.088	0.05	0.058	0.052	0.05	0.059	0.048	0.051	0.052	0.051	0.05	0.047	0.05	0.028	
Chromosome	4214862	C	G	0.033	0.056	0.036	0.029	0.041	0.043	0.067	0.058	0.034	0.032	0.005	0.036	0.04	0.059	0.05	0.062	0.051	0.076	0.02	0.088	0.042	0.06	0.03	0.035	0.04	0.037	0.051	0.06	0.066	0.047	0.052	0.037	0.06	0.057	0.046	0.023	0.04	0.031	0.025	0.029	0.061	0.066	0.01	0.049	0.034	0.057	0.041	0.034	0.048	0.044	0.029	0.021	0.022	0.056	0.057	0.09	0.046	0.052	0.041	0.038	0.047	0.038	0.047	0.044	0.044	0.04	0.029	0.04	0.014	
Chromosome	4214864	C	A	0.031	0.049	0.036	0.022	0.03	0.034	0.057	0.057	0.03	0.032	0.01	0.045	0.04	0.042	0.044	0.055	0.051	0.066	0.021	0.084	0.034	0.048	0.045	0.031	0.032	0.03	0.051	0.043	0.055	0.033	0.045	0.024	0.052	0.049	0.04	0.018	0.034	0.019	0.024	0.024	0.037	0.066	0.01	0.041	0.03	0.051	0.035	0.034	0.034	0.038	0.028	0.021	0.022	0.042	0.048	0.078	0.034	0.041	0.03	0.033	0.038	0.038	0.035	0.04	0.044	0.04	0.035	0.037	0.014	
Chromosome	4266103	A	C	0.119	0.165	0.15	0.083	0.088	0.114	0.208	0.099	0.086	0.183	0.159	0.116	0.111	0.107	0.118	0.116	0.033	0.113	0.14	0.172	0.127	0.126	0.121	0.118	0.082	0.117	0.103	0.149	0.088	0.103	0.104	0.156	0.13	0.125	0.09	0.0	0.108	0.149	0.184	0.0	0.156	0.0	0.081	0.17	0.125	0.084	0.084	0.15	0.095	0.105	0.167	0.174	0.189	0.132	0.113	0.106	0.107	0.081	0.0	0.108	0.091	0.114	0.133	0.133	0.107	0.094	0.097	0.085	0.006	
Chromosome	4338880	T	G	0.155	0.149	0.14	0.119	0.092	0.219	0.198	0.316	0.24	0.161	0.255	0.158	0.108	0.178	0.139	0.192	0.148	0.202	0.283	0.275	0.331	0.211	0.25	0.183	0.187	0.173	0.1	0.125	0.11	0.183	0.183	0.183	0.138	0.156	0.13	0.0	0.164	0.198	0.207	0.0	0.197	0.006	0.083	0.141	0.147	0.123	0.142	0.142	0.238	0.252	0.341	0.199	0.234	0.284	0.268	0.229	0.197	0.213	0.0	0.142	0.097	0.124	0.139	0.078	0.173	0.109	0.144	0.085	0.0	
Chromosome	4619545	A	C	0.183	0.253	0.15	0.219	0.145	0.265	0.229	0.267	0.221	0.242	0.322	0.252	0.224	0.197	0.173	0.206	0.242	0.21	0.272	0.28	0.225	0.293	0.238	0.256	0.28	0.168	0.167	0.197	0.202	0.234	0.295	0.253	0.186	0.201	0.168	0.0	0.177	0.286	0.215	0.0	0.219	0.0	0.206	0.212	0.219	0.206	0.191	0.2	0.223	0.221	0.295	0.32	0.177	0.263	0.282	0.318	0.283	0.241	0.0	0.239	0.172	0.163	0.167	0.214	0.249	0.205	0.162	0.191	0.0	
Chromosome	4639740	A	C	0.103	0.132	0.111	0.145	0.077	0.239	0.208	0.314	0.24	0.254	0.246	0.234	0.164	0.141	0.153	0.286	0.268	0.217	0.248	0.173	0.263	0.284	0.177	0.169	0.267	0.132	0.113	0.12	0.108	0.23	0.218	0.254	0.157	0.125	0.111	0.014	0.189	0.18	0.19	0.005	0.218	0.0	0.219	0.233	0.132	0.125	0.115	0.232	0.265	0.212	0.268	0.262	0.243	0.363	0.214	0.16	0.251	0.202	0.005	0.134	0.124	0.127	0.169	0.175	0.171	0.149	0.122	0.122	0.006	
Chromosome	4693375	T	G	0.206	0.203	0.246	0.221	0.12	0.25	0.237	0.314	0.119	0.259	0.235	0.347	0.22	0.214	0.249	0.238	0.195	0.281	0.189	0.238	0.227	0.248	0.277	0.376	0.145	0.205	0.221	0.223	0.145	0.166	0.212	0.216	0.241	0.221	0.215	0.006	0.284	0.335	0.264	0.006	0.264	0.0	0.137	0.268	0.249	0.169	0.212	0.193	0.239	0.214	0.25	0.213	0.264	0.204	0.284	0.176	0.184	0.148	0.012	0.225	0.223	0.21	0.186	0.219	0.243	0.189	0.256	0.15	0.0	
Chromosome	4718889	A	G	0.0	0.024	0.01	0.004	0.007	0.0	0.0	0.0	0.0	0.0	0.0	0.0	0.009	0.0	0.0	0.015	0.0	0.0	0.0	0.0	0.0	0.0	0.0	0.0	0.0	0.0	0.0	0.004	0.0	0.0	0.012	0.012	0.0	0.008	0.0	0.0	0.0	0.0	0.0	0.0	0.0	0.0	0.0	0.0	0.009	0.0	0.0	0.0	0.0	0.0	0.0	0.0	0.0	0.0	0.0	0.0	0.0	0.004	0.0	0.0	0.0	0.0	0.0	0.0	0.0	0.0	0.0	0.0	0.0	
Chromosome	4718894	T	C	0.0	0.036	0.011	0.004	0.007	0.0	0.0	0.0	0.0	0.005	0.0	0.0	0.009	0.0	0.0	0.026	0.0	0.0	0.0	0.0	0.0	0.0	0.0	0.0	0.0	0.0	0.0	0.004	0.0	0.0	0.012	0.012	0.0	0.008	0.0	0.0	0.0	0.0	0.0	0.0	0.0	0.0	0.0	0.0	0.008	0.0	0.0	0.0	0.0	0.0	0.0	0.0	0.01	0.0	0.0	0.0	0.006	0.004	0.0	0.0	0.0	0.0	0.0	0.0	0.0	0.0	0.0	0.0	0.0	
Chromosome	4718895	G	A	0.0	0.036	0.011	0.004	0.007	0.0	0.0	0.0	0.0	0.0	0.01	0.0	0.009	0.0	0.0	0.026	0.0	0.0	0.0	0.0	0.0	0.0	0.0	0.0	0.0	0.0	0.0	0.004	0.0	0.0	0.012	0.012	0.0	0.008	0.0	0.0	0.0	0.0	0.0	0.0	0.0	0.0	0.0	0.0	0.008	0.0	0.0	0.0	0.0	0.0	0.0	0.0	0.0	0.0	0.0	0.0	0.0	0.004	0.0	0.0	0.0	0.0	0.0	0.0	0.0	0.0	0.0	0.0	0.0	
Chromosome	4718900	C	T	0.0	0.03	0.011	0.004	0.007	0.0	0.0	0.0	0.0	0.0	0.0	0.0	0.009	0.0	0.0	0.027	0.0	0.0	0.0	0.0	0.0	0.0	0.0	0.0	0.0	0.0	0.0	0.004	0.0	0.0	0.006	0.012	0.0	0.008	0.0	0.0	0.0	0.0	0.0	0.0	0.0	0.0	0.006	0.0	0.009	0.0	0.0	0.0	0.0	0.0	0.0	0.0	0.0	0.0	0.0	0.0	0.0	0.0	0.0	0.0	0.0	0.0	0.0	0.0	0.0	0.0	0.0	0.0	0.0	
Chromosome	4724246	A	C	0.306	0.269	0.232	0.23	0.171	0.299	0.304	0.243	0.243	0.289	0.344	0.258	0.223	0.244	0.235	0.284	0.262	0.278	0.311	0.315	0.245	0.342	0.275	0.318	0.268	0.261	0.31	0.277	0.203	0.22	0.297	0.348	0.235	0.269	0.275	0.0	0.272	0.29	0.267	0.0	0.327	0.006	0.157	0.354	0.294	0.358	0.288	0.386	0.398	0.367	0.33	0.206	0.277	0.389	0.23	0.233	0.248	0.219	0.0	0.281	0.263	0.26	0.281	0.251	0.312	0.275	0.296	0.192	0.0	
Chromosome	4724247	T	G	0.085	0.081	0.087	0.079	0.038	0.138	0.057	0.098	0.033	0.106	0.143	0.141	0.072	0.097	0.05	0.048	0.078	0.097	0.088	0.055	0.045	0.073	0.104	0.095	0.07	0.098	0.087	0.102	0.03	0.033	0.047	0.118	0.056	0.093	0.081	0.0	0.116	0.178	0.09	0.0	0.076	0.006	0.057	0.135	0.074	0.112	0.065	0.04	0.082	0.092	0.095	0.062	0.04	0.114	0.079	0.077	0.071	0.04	0.0	0.064	0.074	0.066	0.106	0.126	0.145	0.095	0.09	0.02	0.0	
Chromosome	4738601	T	G	0.179	0.145	0.158	0.209	0.07	0.196	0.211	0.261	0.184	0.199	0.215	0.208	0.181	0.141	0.131	0.231	0.247	0.348	0.21	0.277	0.194	0.268	0.255	0.246	0.207	0.138	0.157	0.132	0.082	0.258	0.21	0.297	0.152	0.193	0.133	0.0	0.202	0.177	0.219	0.011	0.212	0.0	0.188	0.241	0.133	0.138	0.187	0.25	0.208	0.254	0.261	0.229	0.239	0.279	0.229	0.2	0.233	0.288	0.0	0.134	0.163	0.163	0.163	0.142	0.234	0.193	0.164	0.15	0.006	
Chromosome	4738611	T	G	0.169	0.191	0.095	0.132	0.053	0.229	0.292	0.291	0.165	0.205	0.146	0.202	0.181	0.13	0.106	0.209	0.241	0.272	0.245	0.196	0.2	0.32	0.314	0.275	0.227	0.138	0.143	0.158	0.092	0.174	0.157	0.219	0.099	0.146	0.119	0.006	0.167	0.21	0.203	0.0	0.219	0.0	0.11	0.2	0.135	0.132	0.15	0.277	0.315	0.287	0.278	0.303	0.211	0.293	0.275	0.105	0.163	0.189	0.0	0.142	0.151	0.104	0.112	0.12	0.231	0.153	0.134	0.13	0.0	
Chromosome	4795816	T	G	0.176	0.144	0.145	0.146	0.104	0.226	0.265	0.184	0.159	0.223	0.239	0.23	0.187	0.138	0.152	0.184	0.179	0.191	0.232	0.262	0.226	0.233	0.22	0.223	0.12	0.107	0.17	0.161	0.131	0.156	0.123	0.223	0.188	0.157	0.158	0.0	0.203	0.203	0.249	0.0	0.231	0.014	0.096	0.267	0.111	0.207	0.164	0.237	0.199	0.344	0.315	0.248	0.242	0.24	0.294	0.147	0.184	0.167	0.0	0.178	0.191	0.202	0.18	0.145	0.236	0.2	0.154	0.196	0.019	
Chromosome	4910340	A	C	0.158	0.111	0.103	0.117	0.098	0.189	0.195	0.207	0.127	0.177	0.157	0.167	0.15	0.091	0.099	0.109	0.147	0.182	0.169	0.174	0.241	0.2	0.199	0.206	0.176	0.122	0.09	0.111	0.126	0.155	0.127	0.175	0.125	0.132	0.126	0.011	0.193	0.183	0.197	0.017	0.203	0.011	0.113	0.155	0.145	0.138	0.113	0.118	0.176	0.219	0.191	0.167	0.23	0.168	0.2	0.175	0.153	0.132	0.006	0.156	0.12	0.1	0.123	0.117	0.133	0.141	0.124	0.123	0.009	
Chromosome	4948863	G	C	0.16	0.193	0.151	0.184	0.16	0.202	0.239	0.254	0.289	0.191	0.154	0.218	0.211	0.189	0.137	0.188	0.152	0.169	0.366	0.267	0.271	0.252	0.272	0.244	0.31	0.128	0.221	0.227	0.164	0.219	0.221	0.276	0.143	0.169	0.2	0.0	0.184	0.175	0.218	0.0	0.184	0.0	0.164	0.195	0.189	0.174	0.172	0.2	0.231	0.202	0.206	0.236	0.186	0.248	0.297	0.233	0.268	0.196	0.0	0.194	0.219	0.21	0.145	0.144	0.178	0.227	0.181	0.19	0.0	
Chromosome	4948868	T	G	0.188	0.165	0.176	0.198	0.117	0.217	0.29	0.282	0.193	0.254	0.245	0.267	0.157	0.175	0.134	0.16	0.123	0.244	0.353	0.357	0.28	0.333	0.274	0.236	0.203	0.187	0.181	0.21	0.129	0.194	0.16	0.263	0.154	0.203	0.19	0.0	0.259	0.212	0.23	0.006	0.221	0.0	0.109	0.271	0.223	0.159	0.172	0.242	0.248	0.311	0.252	0.239	0.192	0.26	0.333	0.231	0.221	0.169	0.0	0.211	0.226	0.247	0.12	0.186	0.174	0.221	0.226	0.217	0.0	
Chromosome	4948874	T	G	0.112	0.169	0.178	0.154	0.067	0.091	0.12	0.108	0.069	0.136	0.122	0.171	0.09	0.122	0.113	0.07	0.115	0.138	0.152	0.117	0.082	0.117	0.104	0.103	0.081	0.108	0.103	0.106	0.085	0.069	0.057	0.137	0.096	0.156	0.147	0.0	0.156	0.17	0.175	0.006	0.159	0.0	0.055	0.164	0.091	0.091	0.146	0.177	0.124	0.113	0.106	0.085	0.095	0.118	0.118	0.108	0.085	0.061	0.0	0.116	0.132	0.148	0.115	0.081	0.159	0.146	0.113	0.145	0.009	
Chromosome	5115098	T	G	0.203	0.114	0.093	0.149	0.112	0.185	0.181	0.17	0.122	0.181	0.177	0.203	0.117	0.157	0.136	0.152	0.12	0.172	0.24	0.193	0.168	0.195	0.252	0.196	0.08	0.124	0.155	0.165	0.104	0.105	0.139	0.166	0.184	0.194	0.162	0.0	0.23	0.202	0.18	0.0	0.162	0.0	0.074	0.164	0.141	0.142	0.205	0.204	0.177	0.174	0.184	0.222	0.17	0.152	0.177	0.15	0.094	0.092	0.0	0.207	0.193	0.156	0.113	0.104	0.193	0.141	0.178	0.228	0.0	
Chromosome	5219618	C	CAGTG	0.003	0.0	0.0	0.0	0.0	0.0	0.0	0.0	0.0	0.0	0.0	0.0	0.0	0.0	0.0	0.0	0.0	0.0	0.0	0.0	0.0	0.0	0.0	0.0	0.0	0.0	0.0	0.0	0.003	0.0	0.005	0.0	0.0	0.0	0.0	0.0	0.0	0.0	0.0	0.0	0.0	0.0	0.0	0.0	0.0	0.0	0.0	0.0	0.0	0.0	0.0	0.0	0.0	0.0	0.0	0.0	0.0	0.0	0.0	0.0	0.0	0.0	0.0	0.0	0.0	0.0	0.0	0.0	0.0	
Chromosome	5461789	T	G	0.108	0.237	0.217	0.231	0.107	0.359	0.451	0.46	0.412	0.349	0.333	0.346	0.225	0.197	0.174	0.5	0.404	0.315	0.39	0.494	0.459	0.457	0.602	0.455	0.442	0.239	0.174	0.22	0.145	0.316	0.327	0.353	0.17	0.168	0.167	0.0	0.33	0.357	0.409	0.008	0.326	0.006	0.263	0.33	0.181	0.164	0.215	0.327	0.487	0.46	0.532	0.438	0.352	0.44	0.413	0.6	0.472	0.342	0.011	0.163	0.144	0.082	0.179	0.278	0.232	0.118	0.137	0.175	0.01	
Chromosome	5512267	A	C	0.136	0.184	0.201	0.177	0.136	0.148	0.275	0.185	0.193	0.247	0.181	0.204	0.122	0.205	0.17	0.194	0.214	0.205	0.27	0.237	0.228	0.226	0.227	0.195	0.233	0.173	0.138	0.15	0.116	0.181	0.239	0.144	0.131	0.143	0.133	0.0	0.181	0.201	0.176	0.006	0.208	0.005	0.164	0.26	0.116	0.126	0.154	0.179	0.237	0.242	0.247	0.222	0.264	0.202	0.262	0.289	0.301	0.2	0.005	0.129	0.12	0.087	0.192	0.169	0.136	0.123	0.111	0.126	0.0	
Chromosome	5631185	T	G	0.232	0.309	0.285	0.313	0.21	0.281	0.261	0.269	0.421	0.264	0.265	0.239	0.316	0.266	0.286	0.274	0.297	0.224	0.264	0.229	0.232	0.288	0.267	0.249	0.347	0.261	0.215	0.234	0.33	0.243	0.316	0.168	0.213	0.261	0.19	0.094	0.239	0.335	0.306	0.049	0.268	0.045	0.289	0.244	0.238	0.272	0.239	0.342	0.339	0.239	0.336	0.285	0.278	0.244	0.301	0.338	0.306	0.337	0.064	0.287	0.289	0.225	0.349	0.368	0.238	0.271	0.222	0.239	0.086	
Chromosome	5693409	C	G	0.205	0.246	0.267	0.244	0.115	0.458	0.42	0.361	0.413	0.286	0.275	0.295	0.238	0.159	0.164	0.525	0.508	0.348	0.316	0.427	0.388	0.347	0.42	0.432	0.374	0.217	0.248	0.23	0.26	0.37	0.408	0.339	0.245	0.208	0.2	0.0	0.291	0.274	0.224	0.0	0.196	0.0	0.21	0.281	0.193	0.258	0.211	0.348	0.524	0.549	0.461	0.455	0.434	0.378	0.37	0.629	0.437	0.394	0.0	0.242	0.238	0.229	0.248	0.239	0.322	0.243	0.225	0.17	0.0	
Chromosome	5812476	G	T	0.152	0.061	0.098	0.05	0.064	0.163	0.122	0.176	0.105	0.177	0.155	0.132	0.066	0.081	0.06	0.043	0.045	0.114	0.089	0.182	0.128	0.08	0.133	0.198	0.023	0.068	0.152	0.117	0.029	0.022	0.079	0.189	0.157	0.097	0.118	0.0	0.115	0.149	0.145	0.0	0.112	0.0	0.16	0.141	0.125	0.149	0.147	0.106	0.226	0.255	0.236	0.062	0.179	0.105	0.163	0.167	0.0	0.038	0.0	0.117	0.149	0.126	0.03	0.073	0.242	0.172	0.111	0.145	0.0	
Chromosome	5812482	A	C	0.256	0.29	0.267	0.379	0.248	0.364	0.286	0.176	0.433	0.274	0.256	0.256	0.232	0.276	0.298	0.516	0.469	0.357	0.236	0.3	0.447	0.264	0.375	0.394	0.43	0.339	0.224	0.271	0.217	0.482	0.423	0.312	0.243	0.243	0.247	0.006	0.34	0.26	0.306	0.036	0.263	0.006	0.41	0.374	0.302	0.23	0.234	0.362	0.365	0.422	0.321	0.273	0.357	0.362	0.512	0.263	0.417	0.381	0.0	0.25	0.252	0.225	0.308	0.432	0.394	0.266	0.202	0.209	0.007	
Chromosome	5897510	T	G	0.078	0.119	0.126	0.112	0.09	0.138	0.074	0.095	0.086	0.132	0.09	0.123	0.094	0.078	0.112	0.057	0.174	0.109	0.125	0.075	0.055	0.073	0.091	0.083	0.132	0.115	0.085	0.1	0.071	0.136	0.108	0.087	0.069	0.121	0.092	0.005	0.114	0.081	0.128	0.0	0.167	0.005	0.124	0.14	0.072	0.059	0.094	0.11	0.063	0.053	0.085	0.105	0.097	0.081	0.098	0.063	0.078	0.091	0.0	0.118	0.117	0.123	0.107	0.07	0.068	0.081	0.124	0.119	0.0	
Chromosome	5939331	T	G	0.153	0.12	0.116	0.168	0.062	0.29	0.182	0.317	0.126	0.208	0.176	0.195	0.166	0.168	0.132	0.123	0.042	0.214	0.3	0.291	0.227	0.261	0.259	0.22	0.148	0.133	0.155	0.195	0.073	0.089	0.139	0.177	0.148	0.178	0.174	0.0	0.197	0.209	0.195	0.007	0.239	0.0	0.083	0.215	0.158	0.17	0.189	0.233	0.267	0.262	0.258	0.286	0.255	0.273	0.257	0.125	0.138	0.11	0.013	0.146	0.164	0.131	0.132	0.121	0.19	0.136	0.176	0.134	0.0	
Chromosome	6075172	A	C	0.13	0.213	0.235	0.195	0.133	0.18	0.25	0.229	0.3	0.239	0.237	0.211	0.198	0.181	0.189	0.258	0.344	0.211	0.317	0.211	0.241	0.17	0.197	0.258	0.253	0.241	0.18	0.16	0.2	0.299	0.322	0.286	0.152	0.187	0.184	0.006	0.285	0.252	0.289	0.0	0.254	0.007	0.296	0.24	0.184	0.16	0.143	0.314	0.188	0.24	0.219	0.222	0.26	0.152	0.232	0.341	0.333	0.328	0.006	0.155	0.168	0.176	0.206	0.226	0.167	0.176	0.148	0.163	0.0	
Chromosome	6255215	C	G	0.114	0.093	0.128	0.061	0.058	0.202	0.188	0.155	0.199	0.121	0.091	0.151	0.14	0.1	0.138	0.236	0.319	0.113	0.228	0.283	0.16	0.271	0.165	0.222	0.297	0.116	0.073	0.073	0.075	0.241	0.303	0.226	0.107	0.097	0.122	0.0	0.138	0.16	0.106	0.0	0.132	0.0	0.225	0.155	0.103	0.116	0.098	0.261	0.279	0.192	0.238	0.206	0.33	0.304	0.252	0.321	0.221	0.24	0.0	0.092	0.098	0.072	0.074	0.112	0.163	0.089	0.088	0.097	0.0	
Chromosome	6255217	A	G	0.094	0.123	0.121	0.095	0.036	0.14	0.134	0.135	0.147	0.118	0.149	0.154	0.106	0.067	0.087	0.179	0.247	0.168	0.232	0.221	0.16	0.2	0.13	0.239	0.163	0.079	0.064	0.087	0.052	0.176	0.203	0.205	0.116	0.101	0.114	0.0	0.186	0.148	0.119	0.0	0.172	0.0	0.136	0.14	0.097	0.084	0.115	0.244	0.227	0.176	0.212	0.194	0.278	0.255	0.194	0.163	0.179	0.137	0.0	0.082	0.084	0.106	0.11	0.102	0.215	0.128	0.108	0.113	0.0	
Chromosome	6255220	T	G	0.142	0.107	0.109	0.103	0.103	0.232	0.268	0.283	0.103	0.22	0.176	0.2	0.15	0.105	0.096	0.14	0.192	0.245	0.282	0.277	0.226	0.242	0.167	0.265	0.144	0.108	0.121	0.151	0.09	0.15	0.131	0.28	0.19	0.135	0.165	0.0	0.287	0.191	0.222	0.0	0.239	0.006	0.091	0.223	0.141	0.165	0.145	0.256	0.326	0.183	0.301	0.25	0.307	0.328	0.259	0.128	0.115	0.097	0.0	0.145	0.146	0.14	0.102	0.118	0.222	0.133	0.139	0.18	0.0	
Chromosome	6336516	G	GC	0.0	0.008	0.0	0.006	0.0	0.0	0.0	0.0	0.0	0.016	0.0	0.0	0.0	0.0	0.0	0.0	0.0	0.0	0.031	0.021	0.012	0.0	0.0	0.008	0.0	0.012	0.0	0.0	0.0	0.0	0.0	0.0	0.004	0.0	0.0	0.0	0.0	0.008	0.0	0.0	0.0	0.0	0.0	0.0	0.0	0.0	0.006	0.0	0.011	0.0	0.022	0.012	0.0	0.01	0.014	0.0	0.0	0.0	0.0	0.006	0.0	0.0	0.0	0.0	0.006	0.0	0.0	0.0	0.0	
Chromosome	6336521	T	G	0.181	0.213	0.183	0.18	0.079	0.4	0.324	0.333	0.11	0.215	0.358	0.268	0.239	0.138	0.165	0.422	0.406	0.382	0.258	0.444	0.333	0.41	0.516	0.454	0.298	0.185	0.163	0.172	0.098	0.188	0.174	0.376	0.21	0.201	0.226	0.01	0.25	0.362	0.273	0.0	0.301	0.0	0.139	0.28	0.222	0.211	0.17	0.47	0.444	0.484	0.412	0.41	0.379	0.463	0.275	0.273	0.267	0.209	0.015	0.185	0.2	0.176	0.218	0.159	0.28	0.243	0.172	0.186	0.0	
Chromosome	6336530	A	C	0.311	0.433	0.349	0.387	0.194	0.423	0.479	0.549	0.364	0.373	0.504	0.319	0.339	0.379	0.409	0.457	0.65	0.426	0.444	0.552	0.448	0.57	0.522	0.415	0.514	0.338	0.218	0.247	0.255	0.371	0.433	0.492	0.307	0.271	0.27	0.0	0.387	0.421	0.424	0.006	0.408	0.0	0.385	0.372	0.288	0.293	0.241	0.548	0.438	0.586	0.506	0.373	0.5	0.523	0.534	0.667	0.585	0.403	0.0	0.255	0.285	0.199	0.331	0.267	0.395	0.258	0.247	0.301	0.0	
Chromosome	6458276	T	G	0.134	0.145	0.118	0.147	0.135	0.17	0.152	0.155	0.139	0.152	0.154	0.131	0.119	0.164	0.163	0.152	0.081	0.123	0.133	0.088	0.157	0.154	0.132	0.136	0.123	0.148	0.113	0.143	0.093	0.174	0.168	0.144	0.155	0.125	0.07	0.0	0.131	0.146	0.176	0.005	0.155	0.0	0.107	0.149	0.11	0.117	0.096	0.135	0.134	0.165	0.195	0.145	0.179	0.197	0.138	0.026	0.106	0.125	0.0	0.105	0.119	0.112	0.127	0.101	0.114	0.103	0.122	0.066	0.0	
Chromosome	6478690	A	C	0.176	0.176	0.124	0.199	0.093	0.306	0.242	0.271	0.244	0.223	0.195	0.215	0.174	0.205	0.192	0.207	0.183	0.27	0.239	0.265	0.26	0.193	0.248	0.271	0.253	0.176	0.203	0.196	0.146	0.201	0.206	0.275	0.195	0.176	0.141	0.0	0.27	0.287	0.257	0.006	0.327	0.0	0.112	0.229	0.196	0.202	0.182	0.363	0.285	0.252	0.296	0.308	0.305	0.296	0.255	0.241	0.199	0.18	0.0	0.193	0.166	0.147	0.188	0.162	0.247	0.124	0.19	0.182	0.023	
Chromosome	6635085	C	G	0.281	0.292	0.281	0.333	0.111	0.275	0.194	0.256	0.295	0.302	0.343	0.344	0.325	0.306	0.258	0.372	0.354	0.227	0.372	0.266	0.339	0.24	0.28	0.266	0.322	0.313	0.271	0.257	0.255	0.343	0.283	0.224	0.247	0.248	0.291	0.0	0.322	0.314	0.263	0.0	0.313	0.006	0.373	0.284	0.25	0.289	0.257	0.287	0.329	0.252	0.324	0.285	0.256	0.287	0.322	0.4	0.313	0.348	0.0	0.304	0.261	0.288	0.324	0.332	0.26	0.28	0.274	0.286	0.006	
Chromosome	6687524	T	G	0.332	0.215	0.257	0.276	0.115	0.434	0.459	0.475	0.46	0.342	0.451	0.34	0.288	0.226	0.232	0.425	0.429	0.333	0.458	0.512	0.505	0.57	0.53	0.45	0.446	0.277	0.27	0.319	0.195	0.291	0.372	0.348	0.285	0.314	0.265	0.0	0.447	0.368	0.432	0.0	0.394	0.012	0.245	0.444	0.299	0.311	0.257	0.525	0.611	0.5	0.592	0.5	0.578	0.471	0.426	0.429	0.311	0.333	0.004	0.296	0.303	0.247	0.204	0.318	0.328	0.289	0.293	0.267	0.005	
Chromosome	6687537	A	C	0.138	0.194	0.105	0.13	0.065	0.234	0.224	0.281	0.155	0.237	0.212	0.206	0.142	0.099	0.091	0.095	0.073	0.175	0.306	0.272	0.235	0.316	0.339	0.279	0.074	0.14	0.144	0.171	0.077	0.118	0.098	0.202	0.209	0.183	0.155	0.0	0.289	0.218	0.226	0.0	0.197	0.0	0.063	0.344	0.16	0.172	0.12	0.377	0.376	0.308	0.323	0.379	0.207	0.304	0.264	0.038	0.056	0.121	0.0	0.159	0.188	0.158	0.125	0.087	0.189	0.163	0.18	0.146	0.005	
Chromosome	6689701	T	G	0.191	0.223	0.184	0.173	0.135	0.242	0.216	0.23	0.15	0.229	0.226	0.309	0.221	0.161	0.144	0.135	0.153	0.256	0.262	0.262	0.265	0.265	0.247	0.271	0.184	0.164	0.254	0.189	0.131	0.191	0.19	0.265	0.244	0.248	0.223	0.0	0.213	0.217	0.257	0.005	0.335	0.005	0.134	0.243	0.279	0.143	0.21	0.232	0.285	0.268	0.216	0.208	0.234	0.205	0.25	0.218	0.18	0.137	0.0	0.233	0.238	0.206	0.17	0.168	0.225	0.271	0.209	0.183	0.0	
Chromosome	6689709	A	C	0.17	0.257	0.265	0.2	0.117	0.236	0.26	0.272	0.328	0.265	0.239	0.282	0.303	0.246	0.215	0.327	0.351	0.283	0.286	0.292	0.307	0.307	0.265	0.297	0.298	0.251	0.216	0.153	0.217	0.341	0.382	0.294	0.234	0.219	0.222	0.009	0.214	0.252	0.259	0.005	0.341	0.01	0.217	0.247	0.216	0.186	0.185	0.248	0.32	0.288	0.248	0.261	0.234	0.252	0.263	0.431	0.373	0.317	0.008	0.193	0.261	0.21	0.243	0.261	0.218	0.214	0.187	0.197	0.0	
Chromosome	6791591	A	C	0.283	0.13	0.133	0.128	0.14	0.281	0.284	0.311	0.058	0.298	0.305	0.308	0.172	0.155	0.087	0.042	0.07	0.24	0.325	0.339	0.358	0.304	0.265	0.318	0.046	0.131	0.321	0.244	0.076	0.062	0.062	0.323	0.266	0.282	0.299	0.0	0.315	0.349	0.34	0.0	0.28	0.0	0.098	0.296	0.235	0.263	0.285	0.29	0.371	0.241	0.256	0.212	0.228	0.245	0.324	0.049	0.068	0.09	0.004	0.317	0.26	0.282	0.137	0.145	0.332	0.316	0.264	0.288	0.0	
Chromosome	6869289	T	G	0.16	0.08	0.133	0.132	0.08	0.201	0.159	0.192	0.123	0.185	0.232	0.236	0.115	0.135	0.133	0.136	0.137	0.143	0.227	0.258	0.224	0.19	0.246	0.192	0.199	0.118	0.196	0.178	0.126	0.144	0.107	0.201	0.168	0.158	0.208	0.0	0.235	0.195	0.21	0.0	0.265	0.009	0.096	0.223	0.141	0.135	0.18	0.194	0.211	0.192	0.223	0.245	0.165	0.226	0.279	0.25	0.191	0.14	0.0	0.183	0.155	0.206	0.114	0.111	0.207	0.147	0.142	0.172	0.0	
Chromosome	6913446	T	G	0.158	0.139	0.151	0.138	0.117	0.162	0.122	0.196	0.15	0.167	0.142	0.164	0.122	0.108	0.139	0.112	0.121	0.151	0.16	0.159	0.201	0.175	0.225	0.139	0.122	0.154	0.186	0.143	0.159	0.161	0.16	0.191	0.175	0.162	0.237	0.005	0.154	0.189	0.178	0.005	0.209	0.0	0.089	0.201	0.128	0.146	0.146	0.113	0.233	0.25	0.175	0.205	0.175	0.207	0.275	0.016	0.125	0.145	0.0	0.175	0.186	0.198	0.145	0.158	0.154	0.235	0.183	0.19	0.005	
Chromosome	6923330	T	G	0.29	0.372	0.351	0.382	0.253	0.352	0.347	0.411	0.365	0.397	0.421	0.319	0.333	0.374	0.324	0.472	0.587	0.472	0.467	0.396	0.397	0.383	0.427	0.39	0.423	0.307	0.258	0.264	0.271	0.46	0.412	0.466	0.31	0.292	0.261	0.0	0.392	0.372	0.322	0.0	0.42	0.006	0.265	0.283	0.261	0.294	0.261	0.339	0.411	0.474	0.417	0.493	0.376	0.471	0.507	0.588	0.413	0.437	0.0	0.261	0.3	0.279	0.36	0.294	0.352	0.236	0.273	0.232	0.014	
Chromosome	6923335	A	C	0.23	0.278	0.245	0.262	0.167	0.234	0.256	0.336	0.232	0.278	0.272	0.238	0.218	0.259	0.206	0.286	0.424	0.346	0.358	0.269	0.266	0.289	0.295	0.29	0.264	0.244	0.218	0.217	0.208	0.327	0.244	0.268	0.226	0.219	0.207	0.0	0.328	0.267	0.236	0.01	0.306	0.0	0.144	0.213	0.23	0.25	0.221	0.193	0.284	0.285	0.279	0.267	0.26	0.254	0.292	0.273	0.329	0.279	0.01	0.233	0.221	0.207	0.252	0.207	0.223	0.18	0.201	0.24	0.007	
Chromosome	6966376	T	G	0.285	0.439	0.405	0.444	0.341	0.413	0.413	0.413	0.54	0.416	0.309	0.425	0.448	0.357	0.442	0.483	0.545	0.41	0.383	0.276	0.327	0.306	0.373	0.401	0.476	0.483	0.352	0.329	0.396	0.5	0.486	0.379	0.346	0.312	0.312	0.0	0.355	0.342	0.365	0.0	0.273	0.0	0.41	0.392	0.327	0.396	0.323	0.394	0.346	0.365	0.368	0.378	0.429	0.364	0.301	0.308	0.398	0.47	0.0	0.304	0.335	0.345	0.511	0.354	0.393	0.324	0.346	0.338	0.0	
Chromosome	6966410	A	C	0.172	0.331	0.378	0.375	0.219	0.337	0.389	0.365	0.436	0.36	0.241	0.359	0.336	0.325	0.389	0.48	0.479	0.284	0.419	0.375	0.337	0.34	0.495	0.331	0.413	0.365	0.263	0.27	0.323	0.444	0.432	0.343	0.307	0.257	0.241	0.0	0.362	0.313	0.301	0.0	0.333	0.0	0.261	0.333	0.294	0.248	0.229	0.333	0.528	0.369	0.359	0.455	0.477	0.427	0.417	0.476	0.316	0.481	0.006	0.227	0.275	0.201	0.406	0.393	0.351	0.195	0.199	0.255	0.0	
