chromosome	pos	ref	mut	APAW	EMBC	EMBA	EMBB	Ana1	BedA	BedB	BedC	BedD	CipA	CipB	CipC	CLFA	CLFB	CLFC	CombA2	CombA3	CombA	CombAu1	CombAu3	CombAu5	CombB	CombC	CycloA	CycloB	CycloC	INH1	INH2	INHA	LzdA	LzdB	LzdC	M91	M92	M9B	MA_F1	MA_F2	MA_F3	MA_H1	MA_H2	MA_H3	MA_S1	MA_S2	MA_S3	MMCA	MMCB	MMCC	MockA	MockB	MockC	MockD	MockE	MockF	MockG	MockH	MockI	MockJ	MockK	MockL	NANOA	NANOB	NANOC	RIFA	RIFB	RIFC	UV1	UV2	UV3	WT_Msm
Chromosome	57124	A	C	0.278	0.168	0.198	0.19	0.188	0.272	0.292	0.272	0.13	0.286	0.326	0.326	0.207	0.178	0.188	0.142	0.111	0.284	0.296	0.372	0.336	0.313	0.306	0.364	0.086	0.15	0.254	0.263	0.127	0.104	0.11	0.361	0.246	0.231	0.224	0.005	0.284	0.254	0.308	0.0	0.302	0.012	0.159	0.257	0.269	0.273	0.262	0.344	0.284	0.302	0.256	0.25	0.289	0.295	0.325	0.111	0.07	0.107	0.004	0.224	0.254	0.235	0.173	0.207	0.311	0.307	0.275	0.272	0.012	
Chromosome	57135	T	G	0.136	0.202	0.146	0.121	0.1	0.308	0.264	0.213	0.197	0.213	0.207	0.269	0.15	0.133	0.165	0.169	0.224	0.284	0.326	0.346	0.306	0.309	0.243	0.336	0.125	0.14	0.124	0.153	0.091	0.19	0.144	0.308	0.159	0.132	0.119	0.026	0.195	0.172	0.209	0.015	0.176	0.018	0.115	0.182	0.181	0.141	0.13	0.317	0.321	0.315	0.258	0.273	0.282	0.286	0.265	0.232	0.194	0.206	0.009	0.143	0.168	0.153	0.106	0.118	0.21	0.17	0.173	0.152	0.019	
Chromosome	65001	A	C	0.148	0.235	0.232	0.221	0.099	0.358	0.298	0.298	0.303	0.251	0.247	0.336	0.211	0.201	0.171	0.294	0.235	0.371	0.396	0.439	0.471	0.317	0.361	0.23	0.254	0.219	0.163	0.164	0.131	0.226	0.254	0.251	0.248	0.182	0.174	0.0	0.255	0.25	0.265	0.007	0.304	0.0	0.172	0.219	0.208	0.158	0.185	0.345	0.429	0.337	0.325	0.398	0.336	0.387	0.371	0.324	0.272	0.256	0.0	0.119	0.196	0.172	0.242	0.174	0.21	0.17	0.17	0.152	0.0	
Chromosome	178596	A	G	0.0	0.178	0.0	0.007	0.0	0.0	0.0	0.0	0.0	0.0	0.0	0.0	0.0	0.0	0.0	0.0	0.0	0.0	0.0	0.0	0.0	0.0	0.0	0.0	0.0	0.0	0.0	0.0	0.0	0.004	0.0	0.0	0.0	0.0	0.0	0.0	0.0	0.0	0.0	0.0	0.0	0.0	0.0	0.0	0.0	0.0	0.002	0.0	0.0	0.0	0.0	0.0	0.0	0.0	0.0	0.0	0.0	0.003	0.004	0.0	0.0	0.0	0.0	0.0	0.0	0.0	0.0	0.0	0.006	
Chromosome	202859	T	G	0.083	0.139	0.1	0.095	0.051	0.274	0.259	0.214	0.199	0.119	0.11	0.157	0.151	0.094	0.058	0.216	0.256	0.359	0.195	0.268	0.15	0.217	0.226	0.162	0.214	0.104	0.104	0.087	0.097	0.212	0.208	0.194	0.071	0.081	0.095	0.0	0.177	0.09	0.147	0.006	0.184	0.0	0.16	0.145	0.11	0.102	0.108	0.26	0.241	0.241	0.266	0.281	0.199	0.275	0.281	0.2	0.196	0.23	0.005	0.089	0.13	0.089	0.103	0.143	0.131	0.089	0.077	0.063	0.013	
Chromosome	204061	C	.	0.0	0.0	0.0	0.0	0.0	0.0	0.0	0.0	0.0	0.0	0.0	0.0	0.0	0.0	0.0	0.0	0.0	0.0	0.0	0.0	0.0	0.0	0.0	0.0	0.0	0.0	0.0	0.0	0.0	0.0	0.0	0.0	0.0	0.0	0.0	0.0	0.0	0.0	0.0	0.0	0.0	0.0	0.0	0.0	0.0	0.0	0.0	0.0	0.0	0.0	0.0	0.0	0.0	0.0	0.0	0.0	0.0	0.0	0.0	0.0	0.0	0.0	0.0	0.0	0.0	0.0	0.0	0.0	0.0	
Chromosome	204071	T	C	0.271	0.326	0.399	0.346	0.225	0.34	0.267	0.364	0.36	0.395	0.312	0.375	0.34	0.357	0.372	0.414	0.485	0.304	0.313	0.303	0.28	0.291	0.309	0.344	0.392	0.354	0.292	0.278	0.271	0.447	0.405	0.348	0.305	0.307	0.293	0.0	0.29	0.299	0.361	0.0	0.327	0.0	0.346	0.318	0.284	0.289	0.294	0.222	0.221	0.281	0.227	0.295	0.282	0.273	0.268	0.446	0.381	0.385	0.0	0.288	0.271	0.281	0.274	0.332	0.337	0.257	0.347	0.312	0.0	
Chromosome	249685	T	G	0.142	0.165	0.199	0.234	0.141	0.373	0.327	0.294	0.225	0.256	0.203	0.226	0.188	0.19	0.165	0.264	0.302	0.259	0.252	0.416	0.333	0.319	0.35	0.219	0.204	0.211	0.121	0.144	0.089	0.276	0.245	0.207	0.155	0.146	0.125	0.0	0.23	0.227	0.235	0.0	0.19	0.029	0.196	0.23	0.139	0.123	0.12	0.357	0.331	0.375	0.236	0.362	0.324	0.324	0.435	0.344	0.255	0.217	0.0	0.137	0.141	0.121	0.219	0.157	0.229	0.175	0.132	0.127	0.0	
Chromosome	249703	T	G	0.146	0.14	0.105	0.07	0.096	0.231	0.295	0.216	0.11	0.209	0.202	0.195	0.148	0.102	0.107	0.099	0.135	0.224	0.175	0.208	0.182	0.186	0.211	0.188	0.099	0.128	0.196	0.162	0.073	0.083	0.114	0.184	0.137	0.156	0.153	0.006	0.175	0.168	0.182	0.013	0.192	0.005	0.066	0.166	0.126	0.141	0.148	0.277	0.22	0.218	0.186	0.188	0.175	0.25	0.295	0.111	0.184	0.085	0.016	0.169	0.146	0.163	0.106	0.101	0.243	0.157	0.138	0.132	0.013	
Chromosome	308623	A	C	0.241	0.253	0.245	0.191	0.173	0.295	0.303	0.326	0.198	0.25	0.265	0.358	0.229	0.199	0.237	0.197	0.207	0.282	0.276	0.331	0.366	0.25	0.254	0.28	0.219	0.241	0.23	0.228	0.206	0.291	0.215	0.38	0.257	0.267	0.287	0.005	0.312	0.331	0.267	0.0	0.265	0.006	0.2	0.296	0.236	0.269	0.291	0.362	0.295	0.273	0.361	0.391	0.3	0.333	0.25	0.091	0.231	0.286	0.0	0.268	0.315	0.213	0.237	0.319	0.34	0.267	0.259	0.251	0.0	
Chromosome	490627	T	G	0.084	0.145	0.063	0.077	0.035	0.065	0.118	0.097	0.092	0.088	0.103	0.122	0.088	0.115	0.11	0.074	0.057	0.085	0.062	0.071	0.094	0.092	0.088	0.123	0.052	0.119	0.073	0.08	0.095	0.071	0.091	0.073	0.066	0.072	0.102	0.0	0.149	0.132	0.092	0.006	0.046	0.0	0.098	0.126	0.123	0.101	0.081	0.182	0.102	0.064	0.092	0.154	0.153	0.068	0.102	0.132	0.041	0.057	0.0	0.071	0.097	0.057	0.083	0.099	0.111	0.089	0.064	0.043	0.0	
Chromosome	604054	C	T	0.0	0.048	0.0	0.004	0.0	0.0	0.0	0.0	0.0	0.0	0.0	0.0	0.0	0.0	0.0	0.0	0.0	0.0	0.0	0.0	0.0	0.0	0.0	0.004	0.0	0.0	0.0	0.0	0.0	0.0	0.0	0.0	0.0	0.0	0.0	0.0	0.0	0.0	0.0	0.0	0.0	0.0	0.0	0.0	0.0	0.003	0.0	0.0	0.0	0.0	0.0	0.0	0.0	0.0	0.0	0.0	0.0	0.0	0.0	0.0	0.003	0.0	0.0	0.0	0.0	0.0	0.0	0.0	0.0	
Chromosome	706123	T	G	0.145	0.15	0.155	0.149	0.094	0.195	0.196	0.2	0.155	0.187	0.222	0.226	0.158	0.104	0.112	0.173	0.132	0.2	0.212	0.221	0.237	0.163	0.243	0.209	0.172	0.167	0.167	0.092	0.128	0.159	0.108	0.251	0.16	0.141	0.143	0.0	0.209	0.181	0.209	0.006	0.205	0.005	0.114	0.151	0.106	0.158	0.138	0.219	0.212	0.236	0.263	0.204	0.225	0.25	0.253	0.205	0.168	0.171	0.005	0.139	0.15	0.164	0.11	0.167	0.186	0.162	0.134	0.171	0.007	
Chromosome	781261	A	C	0.151	0.146	0.117	0.082	0.034	0.294	0.265	0.252	0.09	0.164	0.228	0.181	0.147	0.089	0.116	0.066	0.074	0.273	0.24	0.229	0.288	0.25	0.352	0.25	0.093	0.113	0.122	0.161	0.089	0.109	0.072	0.171	0.15	0.186	0.12	0.0	0.198	0.188	0.237	0.013	0.212	0.0	0.099	0.174	0.147	0.147	0.145	0.324	0.273	0.209	0.303	0.31	0.207	0.313	0.25	0.176	0.096	0.059	0.0	0.194	0.227	0.123	0.118	0.103	0.176	0.14	0.163	0.145	0.0	
Chromosome	787998	G	C	0.102	0.126	0.115	0.119	0.079	0.134	0.132	0.178	0.056	0.094	0.139	0.092	0.094	0.13	0.136	0.083	0.097	0.077	0.14	0.149	0.125	0.081	0.083	0.112	0.037	0.109	0.112	0.124	0.105	0.077	0.076	0.097	0.119	0.115	0.105	0.0	0.128	0.141	0.092	0.0	0.137	0.0	0.11	0.08	0.138	0.155	0.143	0.111	0.093	0.135	0.145	0.109	0.117	0.044	0.129	0.0	0.043	0.057	0.0	0.121	0.135	0.114	0.067	0.048	0.099	0.166	0.135	0.151	0.0	
Chromosome	788001	A	C	0.258	0.222	0.176	0.258	0.136	0.252	0.202	0.325	0.092	0.229	0.282	0.281	0.195	0.235	0.206	0.113	0.154	0.267	0.263	0.231	0.264	0.222	0.145	0.264	0.057	0.196	0.25	0.234	0.195	0.131	0.113	0.288	0.253	0.249	0.193	0.005	0.275	0.309	0.269	0.008	0.266	0.0	0.16	0.243	0.263	0.269	0.268	0.238	0.21	0.25	0.28	0.206	0.255	0.148	0.183	0.024	0.072	0.098	0.005	0.244	0.241	0.231	0.142	0.157	0.268	0.263	0.257	0.277	0.007	
Chromosome	788006	G	C	0.255	0.175	0.157	0.209	0.131	0.239	0.193	0.283	0.084	0.219	0.282	0.279	0.144	0.214	0.125	0.103	0.152	0.224	0.245	0.219	0.22	0.217	0.148	0.218	0.057	0.155	0.274	0.255	0.166	0.096	0.089	0.29	0.285	0.25	0.238	0.0	0.291	0.295	0.259	0.008	0.247	0.0	0.146	0.234	0.261	0.292	0.317	0.24	0.203	0.218	0.27	0.207	0.239	0.135	0.177	0.0	0.035	0.068	0.005	0.25	0.262	0.258	0.102	0.133	0.227	0.277	0.263	0.306	0.0	
Chromosome	1285637	C	G	0.244	0.254	0.299	0.243	0.135	0.309	0.242	0.231	0.328	0.219	0.231	0.224	0.308	0.268	0.256	0.339	0.362	0.321	0.23	0.275	0.364	0.322	0.22	0.308	0.332	0.273	0.257	0.252	0.23	0.357	0.35	0.325	0.217	0.241	0.228	0.0	0.21	0.28	0.207	0.0	0.282	0.0	0.33	0.266	0.226	0.234	0.249	0.368	0.31	0.386	0.32	0.324	0.362	0.338	0.284	0.393	0.288	0.308	0.0	0.224	0.241	0.162	0.226	0.298	0.289	0.202	0.221	0.254	0.0	
Chromosome	1285644	T	G	0.256	0.139	0.173	0.124	0.1	0.225	0.195	0.2	0.073	0.23	0.295	0.271	0.187	0.132	0.109	0.05	0.077	0.286	0.165	0.22	0.272	0.216	0.172	0.244	0.1	0.175	0.243	0.233	0.122	0.055	0.065	0.277	0.237	0.292	0.313	0.0	0.222	0.298	0.201	0.0	0.278	0.0	0.075	0.305	0.234	0.233	0.272	0.238	0.24	0.284	0.218	0.254	0.268	0.225	0.148	0.073	0.074	0.033	0.0	0.226	0.259	0.23	0.112	0.185	0.256	0.249	0.262	0.269	0.0	
Chromosome	1357845	T	G	0.07	0.12	0.118	0.093	0.053	0.066	0.092	0.029	0.092	0.115	0.092	0.1	0.124	0.112	0.075	0.033	0.078	0.148	0.066	0.082	0.069	0.072	0.057	0.077	0.068	0.105	0.049	0.066	0.034	0.057	0.12	0.08	0.069	0.044	0.065	0.0	0.107	0.104	0.052	0.0	0.075	0.0	0.04	0.063	0.072	0.06	0.072	0.088	0.04	0.058	0.117	0.086	0.015	0.057	0.062	0.056	0.052	0.066	0.0	0.072	0.099	0.041	0.082	0.067	0.072	0.071	0.073	0.059	0.0	
Chromosome	1361597	T	G	0.063	0.094	0.077	0.072	0.047	0.093	0.107	0.078	0.102	0.091	0.061	0.099	0.111	0.078	0.06	0.056	0.023	0.09	0.081	0.086	0.094	0.119	0.092	0.106	0.069	0.082	0.062	0.048	0.051	0.1	0.084	0.122	0.057	0.069	0.053	0.006	0.06	0.08	0.084	0.0	0.079	0.0	0.051	0.072	0.1	0.066	0.048	0.068	0.069	0.089	0.14	0.075	0.031	0.086	0.136	0.05	0.042	0.112	0.005	0.09	0.086	0.07	0.054	0.065	0.08	0.057	0.056	0.063	0.008	
Chromosome	1385245	A	C	0.089	0.165	0.121	0.189	0.083	0.153	0.126	0.137	0.108	0.179	0.161	0.137	0.184	0.178	0.179	0.172	0.167	0.203	0.158	0.089	0.115	0.1	0.134	0.105	0.096	0.155	0.103	0.121	0.082	0.158	0.167	0.164	0.091	0.126	0.105	0.006	0.14	0.172	0.144	0.012	0.157	0.0	0.124	0.121	0.125	0.124	0.099	0.154	0.137	0.14	0.131	0.114	0.135	0.198	0.075	0.186	0.132	0.158	0.0	0.117	0.139	0.103	0.197	0.17	0.174	0.1	0.09	0.115	0.007	
Chromosome	1461279	T	TC	0.0	0.086	0.0	0.0	0.0	0.0	0.0	0.0	0.0	0.0	0.0	0.0	0.0	0.0	0.0	0.0	0.0	0.0	0.0	0.0	0.0	0.0	0.0	0.0	0.0	0.0	0.0	0.0	0.0	0.0	0.0	0.0	0.0	0.0	0.0	0.0	0.0	0.0	0.0	0.0	0.0	0.0	0.0	0.0	0.0	0.0	0.0	0.0	0.0	0.0	0.0	0.0	0.0	0.0	0.0	0.0	0.0	0.003	0.0	0.0	0.0	0.0	0.0	0.0	0.0	0.0	0.0	0.0	0.0	
Chromosome	1532078	T	G	0.079	0.087	0.13	0.071	0.053	0.079	0.082	0.089	0.057	0.049	0.058	0.067	0.095	0.065	0.068	0.068	0.068	0.036	0.067	0.08	0.082	0.019	0.069	0.075	0.065	0.094	0.055	0.051	0.046	0.07	0.068	0.043	0.053	0.059	0.05	0.0	0.065	0.091	0.1	0.005	0.057	0.0	0.05	0.036	0.063	0.055	0.051	0.108	0.058	0.048	0.073	0.031	0.048	0.064	0.113	0.051	0.026	0.097	0.0	0.063	0.067	0.039	0.106	0.047	0.086	0.076	0.055	0.06	0.0	
Chromosome	1630318	T	G	0.209	0.205	0.24	0.211	0.14	0.274	0.24	0.223	0.211	0.241	0.323	0.346	0.251	0.242	0.241	0.216	0.269	0.308	0.204	0.24	0.24	0.225	0.236	0.273	0.188	0.238	0.227	0.171	0.165	0.206	0.276	0.304	0.231	0.168	0.17	0.0	0.324	0.3	0.303	0.0	0.232	0.006	0.236	0.331	0.21	0.206	0.191	0.236	0.276	0.297	0.299	0.265	0.273	0.263	0.289	0.233	0.225	0.262	0.006	0.196	0.212	0.18	0.2	0.262	0.312	0.207	0.179	0.201	0.0	
Chromosome	1763100	A	C	0.235	0.395	0.43	0.308	0.209	0.298	0.283	0.255	0.462	0.202	0.27	0.208	0.448	0.458	0.496	0.405	0.38	0.302	0.25	0.259	0.246	0.298	0.328	0.198	0.45	0.354	0.197	0.297	0.435	0.438	0.434	0.238	0.233	0.207	0.179	0.005	0.26	0.273	0.287	0.0	0.22	0.0	0.42	0.179	0.247	0.249	0.202	0.196	0.299	0.164	0.267	0.25	0.158	0.323	0.26	0.476	0.449	0.437	0.0	0.215	0.232	0.186	0.353	0.392	0.288	0.164	0.216	0.218	0.007	
Chromosome	1777813	T	G	0.226	0.19	0.237	0.221	0.168	0.269	0.253	0.331	0.182	0.259	0.266	0.28	0.226	0.243	0.179	0.185	0.263	0.25	0.276	0.271	0.349	0.337	0.257	0.249	0.19	0.225	0.269	0.273	0.161	0.161	0.168	0.281	0.23	0.259	0.193	0.004	0.286	0.299	0.278	0.0	0.328	0.005	0.206	0.35	0.223	0.335	0.237	0.299	0.314	0.305	0.335	0.327	0.391	0.387	0.38	0.273	0.235	0.207	0.0	0.232	0.204	0.2	0.237	0.182	0.32	0.224	0.23	0.221	0.006	
Chromosome	1777822	T	G	0.193	0.134	0.168	0.156	0.109	0.29	0.243	0.307	0.104	0.21	0.266	0.222	0.133	0.151	0.091	0.098	0.202	0.193	0.238	0.321	0.37	0.333	0.308	0.275	0.113	0.181	0.26	0.219	0.099	0.133	0.114	0.274	0.216	0.218	0.191	0.004	0.282	0.293	0.304	0.0	0.29	0.0	0.133	0.323	0.242	0.278	0.227	0.261	0.348	0.291	0.341	0.337	0.382	0.418	0.321	0.111	0.186	0.154	0.0	0.188	0.196	0.202	0.172	0.126	0.303	0.212	0.2	0.202	0.0	
Chromosome	1979870	T	G	0.143	0.2	0.126	0.168	0.072	0.285	0.246	0.26	0.197	0.258	0.212	0.302	0.121	0.169	0.157	0.207	0.135	0.276	0.297	0.294	0.187	0.25	0.197	0.299	0.167	0.102	0.139	0.142	0.088	0.19	0.188	0.18	0.173	0.143	0.118	0.005	0.249	0.198	0.159	0.0	0.201	0.0	0.121	0.218	0.143	0.177	0.15	0.285	0.248	0.372	0.386	0.282	0.264	0.338	0.255	0.167	0.24	0.283	0.0	0.127	0.144	0.093	0.131	0.142	0.188	0.125	0.134	0.141	0.011	
Chromosome	1990227	C	G	0.107	0.139	0.127	0.159	0.14	0.116	0.13	0.123	0.256	0.103	0.118	0.092	0.118	0.142	0.161	0.317	0.362	0.1	0.113	0.163	0.162	0.186	0.148	0.186	0.224	0.16	0.137	0.134	0.171	0.227	0.183	0.175	0.104	0.09	0.094	0.0	0.106	0.146	0.103	0.005	0.135	0.0	0.202	0.143	0.092	0.147	0.083	0.211	0.098	0.206	0.243	0.192	0.103	0.243	0.152	0.278	0.258	0.23	0.0	0.106	0.08	0.086	0.178	0.186	0.124	0.076	0.082	0.121	0.0	
Chromosome	1990229	C	G	0.169	0.157	0.176	0.156	0.157	0.09	0.157	0.148	0.238	0.121	0.159	0.178	0.179	0.167	0.207	0.3	0.445	0.149	0.131	0.236	0.175	0.2	0.172	0.178	0.27	0.217	0.208	0.199	0.2	0.239	0.21	0.214	0.174	0.126	0.158	0.01	0.155	0.175	0.104	0.0	0.164	0.0	0.194	0.185	0.163	0.186	0.153	0.258	0.152	0.188	0.255	0.223	0.137	0.25	0.18	0.364	0.268	0.226	0.0	0.142	0.105	0.151	0.223	0.235	0.181	0.119	0.13	0.173	0.0	
Chromosome	1990230	T	G	0.273	0.292	0.256	0.299	0.246	0.261	0.315	0.262	0.302	0.307	0.271	0.252	0.281	0.292	0.323	0.37	0.492	0.31	0.27	0.333	0.316	0.339	0.276	0.288	0.412	0.314	0.314	0.319	0.286	0.296	0.277	0.31	0.302	0.289	0.283	0.0	0.266	0.281	0.28	0.0	0.28	0.0	0.295	0.357	0.274	0.387	0.294	0.344	0.282	0.417	0.377	0.43	0.347	0.393	0.297	0.424	0.37	0.294	0.005	0.282	0.271	0.273	0.318	0.36	0.31	0.28	0.309	0.334	0.0	
Chromosome	1990236	T	G	0.227	0.174	0.076	0.138	0.135	0.189	0.17	0.186	0.045	0.225	0.219	0.242	0.131	0.09	0.141	0.13	0.176	0.171	0.168	0.232	0.196	0.233	0.256	0.187	0.148	0.112	0.279	0.223	0.058	0.064	0.071	0.191	0.242	0.219	0.232	0.0	0.224	0.225	0.27	0.0	0.227	0.0	0.095	0.288	0.192	0.281	0.198	0.213	0.23	0.267	0.324	0.256	0.184	0.231	0.188	0.13	0.1	0.114	0.0	0.202	0.211	0.198	0.11	0.144	0.268	0.215	0.227	0.231	0.006	
Chromosome	2111190	A	G	0.0	0.143	0.0	0.004	0.0	0.0	0.0	0.0	0.0	0.0	0.0	0.0	0.0	0.0	0.0	0.0	0.0	0.0	0.0	0.0	0.0	0.0	0.0	0.0	0.0	0.0	0.0	0.0	0.0	0.0	0.0	0.0	0.0	0.0	0.0	0.0	0.0	0.0	0.0	0.0	0.0	0.0	0.0	0.0	0.0	0.0	0.0	0.0	0.0	0.0	0.0	0.0	0.0	0.0	0.0	0.0	0.0	0.0	0.0	0.0	0.0	0.0	0.0	0.0	0.0	0.0	0.0	0.0	0.0	
Chromosome	2117924	A	C	0.205	0.266	0.19	0.291	0.18	0.273	0.344	0.321	0.286	0.224	0.288	0.303	0.168	0.246	0.244	0.289	0.32	0.318	0.223	0.281	0.287	0.295	0.349	0.273	0.26	0.238	0.239	0.219	0.177	0.258	0.278	0.322	0.206	0.207	0.231	0.006	0.242	0.219	0.219	0.0	0.212	0.0	0.195	0.215	0.215	0.211	0.225	0.3	0.19	0.266	0.309	0.267	0.296	0.25	0.351	0.37	0.352	0.259	0.0	0.222	0.231	0.19	0.192	0.138	0.247	0.157	0.152	0.228	0.0	
Chromosome	2154684	A	C	0.121	0.142	0.155	0.101	0.091	0.229	0.244	0.25	0.191	0.211	0.185	0.166	0.17	0.116	0.126	0.193	0.22	0.242	0.335	0.162	0.229	0.196	0.227	0.176	0.184	0.141	0.084	0.077	0.086	0.211	0.224	0.244	0.088	0.105	0.099	0.0	0.181	0.217	0.134	0.013	0.182	0.0	0.093	0.173	0.111	0.089	0.112	0.217	0.227	0.209	0.192	0.223	0.219	0.286	0.241	0.346	0.211	0.153	0.0	0.116	0.13	0.093	0.13	0.135	0.153	0.123	0.096	0.109	0.0	
Chromosome	2195100	T	G	0.089	0.179	0.145	0.137	0.085	0.124	0.186	0.12	0.178	0.192	0.205	0.162	0.186	0.129	0.143	0.174	0.151	0.198	0.141	0.22	0.198	0.168	0.155	0.199	0.129	0.151	0.112	0.094	0.09	0.15	0.143	0.184	0.114	0.142	0.121	0.0	0.156	0.119	0.225	0.0	0.156	0.005	0.149	0.074	0.142	0.103	0.093	0.132	0.184	0.188	0.225	0.17	0.144	0.201	0.16	0.14	0.164	0.128	0.0	0.119	0.12	0.141	0.158	0.131	0.204	0.109	0.116	0.088	0.007	
Chromosome	2195144	T	G	0.142	0.163	0.058	0.129	0.092	0.217	0.177	0.189	0.099	0.226	0.268	0.225	0.162	0.072	0.084	0.129	0.1	0.244	0.254	0.201	0.19	0.203	0.194	0.234	0.093	0.124	0.164	0.174	0.063	0.107	0.083	0.205	0.161	0.17	0.181	0.0	0.202	0.254	0.218	0.006	0.251	0.006	0.068	0.187	0.164	0.145	0.177	0.233	0.247	0.229	0.25	0.221	0.208	0.22	0.191	0.147	0.07	0.083	0.0	0.171	0.199	0.159	0.15	0.156	0.186	0.196	0.16	0.124	0.0	
Chromosome	2208736	T	G	0.168	0.147	0.168	0.173	0.088	0.2	0.295	0.28	0.211	0.2	0.245	0.197	0.212	0.177	0.201	0.183	0.21	0.192	0.308	0.33	0.33	0.242	0.222	0.229	0.183	0.195	0.137	0.172	0.123	0.208	0.214	0.233	0.169	0.18	0.156	0.0	0.214	0.228	0.165	0.007	0.219	0.0	0.101	0.225	0.186	0.146	0.192	0.259	0.217	0.2	0.246	0.212	0.224	0.235	0.298	0.294	0.276	0.278	0.0	0.216	0.188	0.149	0.15	0.161	0.153	0.141	0.179	0.146	0.009	
Chromosome	2223907	A	C	0.087	0.13	0.121	0.129	0.079	0.085	0.062	0.058	0.107	0.132	0.147	0.087	0.083	0.098	0.087	0.126	0.114	0.115	0.069	0.086	0.11	0.116	0.079	0.163	0.105	0.101	0.114	0.079	0.078	0.131	0.128	0.198	0.076	0.064	0.102	0.012	0.101	0.136	0.1	0.016	0.146	0.006	0.089	0.117	0.09	0.103	0.106	0.105	0.131	0.133	0.083	0.115	0.095	0.095	0.071	0.159	0.11	0.099	0.02	0.097	0.093	0.069	0.077	0.123	0.131	0.105	0.104	0.076	0.038	
Chromosome	2278324	TG	T	0.0	0.074	0.005	0.01	0.018	0.0	0.009	0.023	0.0	0.008	0.011	0.006	0.005	0.0	0.021	0.009	0.02	0.012	0.013	0.007	0.008	0.027	0.008	0.005	0.005	0.009	0.0	0.082	0.023	0.016	0.0	0.011	0.016	0.011	0.003	0.012	0.005	0.014	0.005	0.006	0.015	0.01	0.0	0.021	0.004	0.012	0.002	0.009	0.0	0.029	0.0	0.022	0.015	0.007	0.008	0.02	0.022	0.003	0.011	0.018	0.014	0.017	0.005	0.0	0.008	0.02	0.003	0.013	0.015	
Chromosome	2363162	T	G	0.077	0.097	0.051	0.094	0.037	0.124	0.126	0.149	0.068	0.187	0.157	0.123	0.071	0.093	0.08	0.062	0.087	0.122	0.193	0.115	0.198	0.137	0.072	0.171	0.068	0.074	0.066	0.067	0.038	0.05	0.082	0.172	0.106	0.077	0.089	0.0	0.088	0.083	0.148	0.005	0.134	0.0	0.041	0.161	0.074	0.088	0.052	0.063	0.131	0.134	0.129	0.108	0.173	0.154	0.176	0.078	0.048	0.065	0.005	0.085	0.066	0.078	0.043	0.043	0.136	0.085	0.077	0.038	0.006	
Chromosome	2437918	A	C	0.178	0.107	0.137	0.15	0.097	0.234	0.264	0.262	0.133	0.198	0.26	0.234	0.169	0.157	0.175	0.148	0.141	0.247	0.237	0.25	0.226	0.231	0.225	0.215	0.174	0.126	0.143	0.151	0.13	0.131	0.134	0.2	0.188	0.164	0.129	0.007	0.232	0.212	0.247	0.0	0.228	0.005	0.109	0.247	0.196	0.172	0.175	0.288	0.179	0.205	0.18	0.27	0.226	0.229	0.257	0.205	0.138	0.146	0.012	0.222	0.188	0.186	0.165	0.115	0.228	0.151	0.188	0.193	0.0	
Chromosome	2491565	A	T	0.103	0.151	0.125	0.121	0.09	0.163	0.091	0.127	0.165	0.154	0.136	0.173	0.093	0.091	0.1	0.158	0.094	0.15	0.118	0.132	0.164	0.158	0.148	0.205	0.117	0.095	0.124	0.14	0.107	0.181	0.176	0.163	0.096	0.121	0.121	0.0	0.118	0.103	0.138	0.0	0.094	0.0	0.121	0.12	0.178	0.08	0.104	0.138	0.139	0.16	0.15	0.183	0.188	0.115	0.114	0.167	0.181	0.148	0.0	0.108	0.119	0.118	0.115	0.116	0.143	0.113	0.105	0.105	0.0	
Chromosome	2579189	A	C	0.173	0.224	0.23	0.232	0.134	0.268	0.276	0.242	0.322	0.271	0.222	0.31	0.219	0.219	0.213	0.261	0.246	0.282	0.237	0.297	0.183	0.206	0.319	0.253	0.25	0.187	0.248	0.226	0.202	0.275	0.243	0.239	0.21	0.225	0.223	0.006	0.273	0.263	0.274	0.0	0.395	0.0	0.226	0.303	0.277	0.259	0.226	0.283	0.34	0.287	0.219	0.263	0.281	0.333	0.308	0.238	0.256	0.256	0.0	0.225	0.219	0.226	0.154	0.254	0.234	0.26	0.238	0.244	0.013	
Chromosome	2579192	T	G	0.107	0.222	0.132	0.11	0.06	0.159	0.18	0.16	0.157	0.187	0.17	0.28	0.126	0.119	0.105	0.096	0.071	0.119	0.179	0.172	0.108	0.134	0.197	0.16	0.117	0.09	0.141	0.143	0.079	0.125	0.112	0.129	0.099	0.097	0.119	0.006	0.187	0.159	0.172	0.006	0.26	0.005	0.093	0.161	0.135	0.165	0.156	0.158	0.17	0.15	0.136	0.15	0.163	0.194	0.164	0.087	0.135	0.125	0.006	0.134	0.111	0.089	0.096	0.164	0.174	0.111	0.142	0.084	0.0	
Chromosome	2612734	A	C	0.156	0.147	0.151	0.155	0.112	0.208	0.225	0.197	0.156	0.228	0.172	0.2	0.147	0.19	0.121	0.094	0.119	0.163	0.2	0.211	0.245	0.184	0.183	0.196	0.109	0.128	0.235	0.161	0.191	0.149	0.128	0.252	0.214	0.169	0.202	0.0	0.256	0.241	0.306	0.0	0.312	0.005	0.126	0.271	0.184	0.268	0.188	0.226	0.257	0.28	0.236	0.2	0.228	0.248	0.25	0.097	0.081	0.152	0.011	0.199	0.217	0.215	0.123	0.114	0.16	0.26	0.166	0.19	0.007	
Chromosome	2752945	T	G	0.0	0.0	0.0	0.0	0.0	0.0	0.0	0.0	0.0	0.0	0.0	0.0	0.0	0.0	0.0	0.0	0.0	0.0	0.0	0.0	0.007	0.0	0.0	0.0	0.0	0.0	0.0	0.0	0.0	0.0	0.0	0.0	0.0	0.0	0.0	0.0	0.0	0.0	0.0	0.0	0.0	0.0	0.0	0.0	0.0	0.0	0.0	0.0	0.0	0.0	0.0	0.0	0.0	0.0	0.0	0.0	0.0	0.0	0.0	0.0	0.0	0.0	0.0	0.0	0.0	0.0	0.0	0.0	0.0	
Chromosome	2798424	A	C	0.102	0.178	0.12	0.15	0.044	0.15	0.145	0.225	0.234	0.195	0.182	0.181	0.159	0.146	0.149	0.211	0.256	0.192	0.213	0.25	0.232	0.263	0.227	0.273	0.179	0.182	0.111	0.124	0.057	0.129	0.237	0.23	0.121	0.131	0.124	0.0	0.181	0.206	0.216	0.0	0.19	0.006	0.113	0.17	0.119	0.089	0.129	0.292	0.258	0.257	0.276	0.262	0.262	0.275	0.269	0.295	0.24	0.189	0.006	0.143	0.116	0.085	0.113	0.171	0.16	0.142	0.13	0.058	0.009	
Chromosome	2811399	A	C	0.15	0.147	0.12	0.092	0.06	0.235	0.229	0.191	0.105	0.254	0.214	0.176	0.088	0.125	0.113	0.077	0.141	0.122	0.235	0.231	0.214	0.221	0.198	0.206	0.156	0.127	0.155	0.127	0.091	0.033	0.07	0.16	0.198	0.132	0.113	0.005	0.225	0.223	0.186	0.019	0.188	0.0	0.078	0.208	0.158	0.173	0.182	0.228	0.224	0.207	0.204	0.213	0.212	0.238	0.163	0.089	0.09	0.103	0.007	0.168	0.131	0.162	0.088	0.081	0.281	0.141	0.19	0.189	0.017	
Chromosome	2811402	A	C	0.13	0.162	0.18	0.21	0.125	0.2	0.2	0.21	0.258	0.254	0.168	0.196	0.195	0.168	0.194	0.225	0.272	0.146	0.226	0.205	0.221	0.181	0.196	0.176	0.216	0.211	0.149	0.157	0.168	0.141	0.209	0.151	0.175	0.144	0.127	0.0	0.194	0.207	0.237	0.006	0.16	0.0	0.156	0.232	0.186	0.168	0.158	0.228	0.264	0.25	0.144	0.209	0.196	0.169	0.154	0.204	0.246	0.207	0.0	0.148	0.13	0.133	0.179	0.166	0.259	0.14	0.193	0.169	0.006	
Chromosome	2829829	A	C	0.21	0.115	0.217	0.16	0.146	0.311	0.26	0.289	0.171	0.236	0.25	0.255	0.191	0.15	0.155	0.169	0.113	0.255	0.297	0.315	0.216	0.336	0.289	0.263	0.122	0.134	0.207	0.15	0.111	0.169	0.133	0.214	0.185	0.164	0.196	0.0	0.209	0.261	0.25	0.0	0.172	0.005	0.156	0.207	0.181	0.239	0.218	0.25	0.25	0.28	0.292	0.209	0.286	0.276	0.236	0.214	0.167	0.142	0.013	0.207	0.194	0.176	0.156	0.185	0.213	0.192	0.196	0.16	0.0	
Chromosome	2945447	G	A	0.0	0.108	0.0	0.0	0.0	0.0	0.0	0.0	0.0	0.0	0.0	0.0	0.0	0.0	0.0	0.0	0.0	0.0	0.0	0.0	0.0	0.0	0.0	0.0	0.0	0.0	0.0	0.0	0.004	0.0	0.0	0.0	0.0	0.0	0.0	0.0	0.0	0.0	0.0	0.0	0.0	0.0	0.0	0.0	0.0	0.0	0.0	0.0	0.0	0.0	0.0	0.0	0.0	0.0	0.0	0.0	0.0	0.0	0.005	0.0	0.0	0.0	0.0	0.0	0.0	0.0	0.0	0.0	0.0	
Chromosome	2946508	A	C	0.246	0.169	0.094	0.074	0.101	0.217	0.231	0.185	0.093	0.214	0.243	0.283	0.125	0.082	0.143	0.089	0.048	0.182	0.213	0.25	0.216	0.198	0.211	0.218	0.103	0.136	0.226	0.268	0.122	0.069	0.05	0.24	0.201	0.204	0.213	0.007	0.327	0.318	0.269	0.007	0.321	0.013	0.123	0.293	0.197	0.281	0.231	0.284	0.258	0.273	0.293	0.171	0.168	0.185	0.333	0.056	0.071	0.058	0.0	0.227	0.227	0.227	0.159	0.182	0.219	0.23	0.269	0.168	0.01	
Chromosome	2952396	T	G	0.089	0.14	0.122	0.151	0.085	0.217	0.175	0.175	0.207	0.18	0.152	0.203	0.18	0.095	0.114	0.259	0.289	0.123	0.199	0.264	0.271	0.257	0.11	0.21	0.172	0.144	0.086	0.082	0.087	0.18	0.169	0.21	0.06	0.105	0.056	0.005	0.139	0.194	0.109	0.0	0.186	0.0	0.096	0.168	0.063	0.09	0.12	0.186	0.203	0.243	0.2	0.145	0.219	0.211	0.21	0.182	0.209	0.188	0.0	0.096	0.073	0.061	0.136	0.102	0.103	0.051	0.091	0.075	0.0	
Chromosome	2952405	A	C	0.131	0.19	0.104	0.134	0.131	0.123	0.214	0.107	0.176	0.216	0.223	0.224	0.164	0.113	0.144	0.153	0.171	0.125	0.173	0.182	0.163	0.151	0.158	0.193	0.106	0.169	0.142	0.104	0.125	0.141	0.196	0.197	0.102	0.156	0.129	0.0	0.204	0.229	0.174	0.006	0.254	0.0	0.152	0.238	0.144	0.165	0.143	0.186	0.178	0.194	0.171	0.148	0.163	0.183	0.15	0.118	0.164	0.119	0.012	0.155	0.128	0.158	0.162	0.134	0.136	0.135	0.126	0.122	0.0	
Chromosome	3049013	T	G	0.113	0.127	0.111	0.118	0.006	0.204	0.258	0.232	0.158	0.133	0.172	0.191	0.107	0.08	0.108	0.201	0.136	0.114	0.207	0.243	0.231	0.198	0.214	0.209	0.201	0.093	0.084	0.1	0.072	0.183	0.196	0.226	0.072	0.119	0.102	0.006	0.181	0.203	0.18	0.0	0.097	0.006	0.088	0.149	0.12	0.114	0.135	0.217	0.183	0.181	0.171	0.297	0.255	0.236	0.257	0.204	0.186	0.186	0.0	0.077	0.101	0.092	0.089	0.083	0.182	0.097	0.095	0.101	0.0	
Chromosome	3092774	T	G	0.337	0.538	0.589	0.4	0.397	0.207	0.3	0.217	0.505	0.361	0.351	0.288	0.554	0.427	0.573	0.474	0.5	0.351	0.324	0.4	0.25	0.318	0.297	0.286	0.629	0.52	0.267	0.329	0.402	0.561	0.483	0.243	0.321	0.33	0.294	0.0	0.333	0.311	0.347	0.0	0.295	0.0	0.493	0.315	0.298	0.345	0.417	0.245	0.31	0.277	0.432	0.328	0.26	0.302	0.264	0.333	0.491	0.431	0.008	0.301	0.3	0.3	0.536	0.5	0.344	0.285	0.296	0.264	0.0	
Chromosome	3105791	A	G	0.162	0.271	0.25	0.22	0.182	0.213	0.2	0.328	0.359	0.17	0.204	0.141	0.193	0.28	0.198	0.416	0.516	0.269	0.29	0.253	0.236	0.315	0.219	0.191	0.391	0.173	0.186	0.157	0.141	0.432	0.279	0.179	0.192	0.192	0.167	0.005	0.192	0.2	0.162	0.0	0.148	0.0	0.279	0.27	0.16	0.2	0.154	0.386	0.267	0.25	0.359	0.226	0.259	0.258	0.25	0.526	0.455	0.371	0.0	0.169	0.188	0.194	0.208	0.226	0.203	0.13	0.117	0.172	0.0	
Chromosome	3109158	T	A	0.207	0.092	0.068	0.106	0.053	0.205	0.241	0.245	0.157	0.223	0.173	0.188	0.106	0.145	0.067	0.091	0.088	0.326	0.319	0.299	0.25	0.188	0.311	0.209	0.102	0.054	0.197	0.212	0.092	0.104	0.192	0.224	0.227	0.205	0.227	0.0	0.178	0.317	0.25	0.0	0.297	0.0	0.109	0.198	0.182	0.261	0.25	0.222	0.267	0.265	0.268	0.293	0.245	0.364	0.311	0.167	0.032	0.121	0.0	0.253	0.21	0.173	0.153	0.066	0.28	0.238	0.218	0.246	0.0	
Chromosome	3123426	T	G	0.146	0.205	0.173	0.237	0.126	0.244	0.243	0.258	0.263	0.228	0.21	0.237	0.243	0.218	0.161	0.27	0.245	0.343	0.197	0.273	0.209	0.254	0.204	0.286	0.241	0.283	0.135	0.095	0.131	0.256	0.257	0.206	0.154	0.163	0.142	0.006	0.287	0.24	0.205	0.0	0.195	0.007	0.176	0.237	0.155	0.113	0.163	0.248	0.169	0.377	0.25	0.245	0.33	0.227	0.246	0.348	0.246	0.188	0.0	0.189	0.178	0.115	0.226	0.19	0.214	0.123	0.119	0.135	0.0	
Chromosome	3165064	T	G	0.0	0.053	0.0	0.004	0.0	0.006	0.0	0.0	0.008	0.0	0.0	0.006	0.004	0.0	0.0	0.0	0.0	0.0	0.0	0.0	0.0	0.0	0.0	0.0	0.01	0.0	0.0	0.003	0.0	0.0	0.0	0.0	0.003	0.0	0.0	0.0	0.0	0.0	0.0	0.005	0.0	0.012	0.0	0.0	0.0	0.0	0.002	0.0	0.0	0.0	0.0	0.0	0.0	0.0	0.0	0.0	0.0	0.0	0.005	0.0	0.0	0.0	0.004	0.0	0.0	0.0	0.002	0.0	0.0	
Chromosome	3278750	A	C	0.195	0.138	0.081	0.114	0.123	0.16	0.238	0.298	0.071	0.182	0.231	0.234	0.11	0.096	0.111	0.043	0.092	0.169	0.267	0.224	0.148	0.254	0.182	0.245	0.033	0.102	0.171	0.196	0.058	0.038	0.04	0.221	0.191	0.18	0.181	0.0	0.207	0.215	0.223	0.0	0.23	0.0	0.045	0.203	0.227	0.205	0.179	0.19	0.245	0.22	0.242	0.127	0.171	0.101	0.214	0.152	0.088	0.044	0.0	0.209	0.224	0.188	0.085	0.094	0.2	0.193	0.235	0.218	0.0	
Chromosome	3541037	T	G	0.075	0.173	0.114	0.083	0.088	0.118	0.114	0.052	0.12	0.108	0.117	0.088	0.145	0.122	0.106	0.122	0.106	0.135	0.102	0.07	0.11	0.11	0.109	0.129	0.132	0.106	0.052	0.073	0.066	0.118	0.153	0.157	0.061	0.1	0.071	0.0	0.064	0.028	0.12	0.0	0.045	0.0	0.078	0.133	0.075	0.081	0.087	0.083	0.056	0.142	0.124	0.079	0.099	0.18	0.177	0.105	0.151	0.124	0.0	0.068	0.062	0.071	0.119	0.102	0.102	0.089	0.074	0.118	0.0	
Chromosome	3665714	T	G	0.056	0.117	0.045	0.045	0.036	0.136	0.09	0.138	0.067	0.133	0.103	0.146	0.087	0.057	0.069	0.086	0.093	0.082	0.082	0.121	0.139	0.104	0.082	0.083	0.082	0.059	0.043	0.071	0.036	0.098	0.116	0.119	0.052	0.062	0.052	0.0	0.132	0.057	0.082	0.007	0.108	0.006	0.03	0.079	0.059	0.05	0.056	0.119	0.137	0.18	0.229	0.183	0.088	0.131	0.245	0.0	0.058	0.126	0.0	0.039	0.087	0.052	0.078	0.048	0.131	0.059	0.047	0.066	0.0	
Chromosome	3777630	T	G	0.182	0.2	0.223	0.204	0.163	0.227	0.304	0.34	0.231	0.305	0.299	0.26	0.225	0.299	0.214	0.366	0.344	0.338	0.275	0.308	0.26	0.316	0.314	0.263	0.302	0.192	0.164	0.176	0.149	0.194	0.224	0.254	0.145	0.216	0.158	0.0	0.301	0.251	0.22	0.007	0.331	0.0	0.255	0.244	0.182	0.133	0.184	0.213	0.27	0.277	0.305	0.24	0.355	0.257	0.267	0.411	0.275	0.349	0.0	0.175	0.212	0.227	0.161	0.252	0.196	0.217	0.176	0.188	0.0	
Chromosome	3777637	A	C	0.147	0.138	0.188	0.189	0.108	0.253	0.286	0.32	0.217	0.283	0.261	0.265	0.153	0.228	0.209	0.331	0.224	0.237	0.292	0.281	0.223	0.308	0.21	0.256	0.254	0.293	0.196	0.201	0.169	0.219	0.211	0.23	0.161	0.185	0.179	0.0	0.31	0.262	0.275	0.0	0.264	0.007	0.218	0.222	0.146	0.205	0.184	0.233	0.378	0.218	0.275	0.316	0.418	0.315	0.24	0.51	0.287	0.219	0.0	0.188	0.154	0.143	0.242	0.248	0.215	0.151	0.174	0.155	0.006	
Chromosome	3806124	C	CA	0.0	0.0	0.0	0.0	0.0	0.0	0.0	0.0	0.0	0.0	0.0	0.0	0.0	0.0	0.0	0.0	0.0	0.0	0.0	0.0	0.0	0.0	0.0	0.0	0.0	0.0	0.0	0.0	0.0	0.0	0.0	0.0	0.0	0.0	0.0	0.0	0.0	0.0	0.0	0.0	0.0	0.0	0.0	0.0	0.0	0.0	0.0	0.0	0.0	0.0	0.0	0.0	0.0	0.0	0.0	0.0	0.0	0.0	0.0	0.0	0.0	0.0	0.0	0.0	0.0	0.0	0.0	0.0	0.0	
Chromosome	3806127	CT	C	0.0	0.004	0.0	0.01	0.005	0.0	0.01	0.013	0.008	0.0	0.0	0.0	0.004	0.0	0.024	0.016	0.04	0.0	0.0	0.014	0.008	0.018	0.025	0.005	0.02	0.008	0.007	0.004	0.007	0.011	0.005	0.006	0.0	0.0	0.008	0.0	0.005	0.011	0.01	0.012	0.0	0.007	0.006	0.005	0.007	0.011	0.005	0.021	0.0	0.0	0.0	0.0	0.0	0.015	0.0	0.0	0.0	0.009	0.0	0.0	0.005	0.007	0.0	0.0	0.0	0.006	0.002	0.006	0.006	
Chromosome	3847886	T	A	0.206	0.206	0.227	0.134	0.167	0.214	0.246	0.165	0.36	0.279	0.2	0.241	0.186	0.171	0.147	0.297	0.26	0.225	0.3	0.203	0.205	0.235	0.234	0.259	0.333	0.253	0.159	0.258	0.204	0.267	0.251	0.258	0.24	0.2	0.207	0.0	0.243	0.263	0.259	0.0	0.274	0.0	0.238	0.245	0.229	0.269	0.219	0.236	0.183	0.256	0.22	0.195	0.187	0.223	0.237	0.408	0.286	0.291	0.0	0.274	0.253	0.219	0.169	0.238	0.27	0.242	0.245	0.224	0.0	
Chromosome	3873616	A	C	0.184	0.253	0.278	0.241	0.103	0.244	0.303	0.274	0.378	0.258	0.242	0.243	0.292	0.331	0.242	0.441	0.441	0.212	0.33	0.278	0.274	0.37	0.378	0.281	0.419	0.199	0.206	0.142	0.167	0.413	0.46	0.258	0.22	0.2	0.236	0.0	0.302	0.221	0.269	0.0	0.235	0.0	0.321	0.252	0.219	0.237	0.211	0.257	0.274	0.208	0.229	0.239	0.307	0.28	0.355	0.491	0.352	0.38	0.007	0.206	0.186	0.196	0.269	0.242	0.24	0.17	0.211	0.214	0.0	
Chromosome	3973377	T	G	0.097	0.143	0.145	0.113	0.083	0.11	0.071	0.084	0.129	0.116	0.13	0.105	0.134	0.154	0.101	0.064	0.089	0.096	0.135	0.107	0.105	0.087	0.087	0.138	0.119	0.165	0.083	0.096	0.096	0.141	0.109	0.071	0.081	0.058	0.09	0.0	0.109	0.085	0.119	0.0	0.135	0.0	0.073	0.164	0.083	0.102	0.105	0.113	0.115	0.106	0.108	0.108	0.061	0.106	0.15	0.259	0.104	0.082	0.0	0.103	0.104	0.04	0.15	0.135	0.133	0.104	0.05	0.084	0.0	
Chromosome	4028636	G	C	0.279	0.353	0.393	0.339	0.3	0.337	0.26	0.358	0.423	0.302	0.41	0.268	0.354	0.34	0.379	0.403	0.396	0.186	0.377	0.333	0.231	0.31	0.363	0.345	0.397	0.33	0.376	0.345	0.346	0.427	0.389	0.371	0.347	0.374	0.317	0.005	0.328	0.386	0.311	0.0	0.41	0.0	0.431	0.335	0.384	0.371	0.322	0.412	0.315	0.304	0.327	0.374	0.347	0.333	0.364	0.426	0.414	0.393	0.0	0.328	0.339	0.366	0.279	0.317	0.314	0.374	0.341	0.41	0.0	
Chromosome	4097963	G	GC	0.0	0.054	0.0	0.005	0.0	0.0	0.0	0.0	0.01	0.0	0.008	0.0	0.0	0.0	0.0	0.0	0.0	0.0	0.0	0.0	0.0	0.0	0.0	0.0	0.0	0.0	0.0	0.0	0.004	0.01	0.0	0.0	0.0	0.003	0.006	0.0	0.006	0.0	0.0	0.0	0.0	0.0	0.005	0.005	0.0	0.0	0.0	0.0	0.006	0.0	0.0	0.0	0.0	0.008	0.0	0.0	0.0	0.004	0.0	0.0	0.003	0.003	0.0	0.0	0.003	0.0	0.0	0.003	0.0	
Chromosome	4102893	A	C	0.087	0.158	0.121	0.14	0.034	0.119	0.207	0.29	0.154	0.157	0.116	0.171	0.134	0.141	0.122	0.125	0.156	0.103	0.142	0.133	0.127	0.118	0.192	0.164	0.114	0.106	0.124	0.12	0.118	0.158	0.076	0.222	0.119	0.122	0.071	0.007	0.129	0.097	0.108	0.008	0.13	0.006	0.081	0.109	0.124	0.133	0.112	0.131	0.267	0.189	0.087	0.148	0.214	0.265	0.215	0.193	0.141	0.149	0.0	0.125	0.134	0.1	0.119	0.123	0.19	0.122	0.1	0.104	0.007	
Chromosome	4196555	A	C	0.058	0.102	0.047	0.105	0.039	0.049	0.04	0.064	0.057	0.061	0.06	0.089	0.079	0.08	0.069	0.083	0.082	0.052	0.051	0.038	0.033	0.073	0.05	0.069	0.049	0.082	0.06	0.058	0.053	0.087	0.057	0.09	0.06	0.073	0.062	0.0	0.048	0.112	0.052	0.0	0.08	0.0	0.063	0.045	0.051	0.042	0.038	0.075	0.027	0.077	0.025	0.066	0.024	0.067	0.045	0.06	0.05	0.081	0.0	0.081	0.055	0.048	0.087	0.099	0.077	0.046	0.058	0.026	0.0	
Chromosome	4214560	C	A	0.452	0.517	0.475	0.494	0.533	0.441	0.444	0.525	0.503	0.477	0.478	0.474	0.465	0.518	0.466	0.465	0.544	0.5	0.53	0.506	0.48	0.485	0.401	0.533	0.478	0.449	0.494	0.476	0.515	0.485	0.48	0.481	0.502	0.45	0.481	0.463	0.458	0.491	0.505	0.538	0.511	0.524	0.498	0.496	0.478	0.497	0.486	0.431	0.453	0.479	0.42	0.509	0.468	0.49	0.472	0.509	0.462	0.494	0.408	0.494	0.506	0.43	0.49	0.489	0.515	0.442	0.432	0.326	0.498	
Chromosome	4214739	G	GT	0.34	0.331	0.303	0.316	0.395	0.304	0.332	0.352	0.324	0.364	0.304	0.32	0.338	0.351	0.336	0.368	0.472	0.392	0.342	0.38	0.312	0.339	0.353	0.34	0.358	0.313	0.332	0.321	0.353	0.327	0.388	0.339	0.358	0.305	0.333	0.327	0.332	0.362	0.287	0.317	0.332	0.357	0.306	0.309	0.32	0.334	0.355	0.331	0.371	0.301	0.321	0.371	0.324	0.352	0.367	0.535	0.391	0.331	0.26	0.338	0.314	0.329	0.36	0.327	0.316	0.303	0.304	0.266	0.329	
Chromosome	4338880	T	G	0.155	0.119	0.149	0.14	0.092	0.219	0.198	0.316	0.24	0.161	0.255	0.158	0.108	0.178	0.139	0.192	0.148	0.202	0.283	0.275	0.331	0.211	0.25	0.183	0.187	0.173	0.1	0.125	0.11	0.183	0.183	0.183	0.138	0.156	0.13	0.0	0.164	0.198	0.207	0.0	0.197	0.006	0.083	0.141	0.147	0.123	0.142	0.142	0.238	0.252	0.341	0.199	0.234	0.284	0.268	0.229	0.197	0.213	0.0	0.142	0.097	0.124	0.139	0.078	0.173	0.109	0.144	0.085	0.0	
Chromosome	4421976	C	T	0.0	0.24	0.0	0.156	0.0	0.0	0.0	0.007	0.004	0.0	0.007	0.0	0.0	0.0	0.009	0.0	0.008	0.0	0.0	0.0	0.0	0.007	0.0	0.005	0.0	0.0	0.0	0.0	0.0	0.0	0.0	0.0	0.0	0.0	0.0	0.0	0.0	0.0	0.0	0.006	0.0	0.0	0.0	0.0	0.0	0.0	0.0	0.0	0.0	0.0	0.0	0.0	0.0	0.0	0.0	0.0	0.0	0.0	0.0	0.0	0.0	0.0	0.0	0.0	0.0	0.0	0.0	0.0	0.0	
Chromosome	4586073	G	T	0.0	0.022	0.014	0.005	0.0	0.0	0.0	0.0	0.0	0.0	0.0	0.0	0.0	0.0	0.008	0.0	0.01	0.0	0.0	0.0	0.0	0.0	0.0	0.0	0.0	0.004	0.0	0.0	0.004	0.022	0.0	0.0	0.003	0.003	0.0	0.005	0.0	0.0	0.0	0.0	0.0	0.0	0.0	0.0	0.0	0.0	0.0	0.0	0.008	0.0	0.0	0.0	0.0	0.0	0.0	0.0	0.0	0.004	0.0	0.0	0.0	0.0	0.004	0.006	0.0	0.0	0.0	0.0	0.0	
Chromosome	4619545	A	C	0.183	0.219	0.253	0.15	0.145	0.265	0.229	0.267	0.221	0.242	0.322	0.252	0.224	0.197	0.173	0.206	0.242	0.21	0.272	0.28	0.225	0.293	0.238	0.256	0.28	0.168	0.167	0.197	0.202	0.234	0.295	0.253	0.186	0.201	0.168	0.0	0.177	0.286	0.215	0.0	0.219	0.0	0.206	0.212	0.219	0.206	0.191	0.2	0.223	0.221	0.295	0.32	0.177	0.263	0.282	0.318	0.283	0.241	0.0	0.239	0.172	0.163	0.167	0.214	0.249	0.205	0.162	0.191	0.0	
Chromosome	4676705	T	G	0.075	0.138	0.112	0.112	0.039	0.244	0.272	0.285	0.092	0.163	0.137	0.157	0.109	0.151	0.138	0.163	0.119	0.176	0.208	0.197	0.215	0.242	0.197	0.156	0.123	0.141	0.069	0.097	0.064	0.118	0.188	0.203	0.087	0.094	0.093	0.0	0.205	0.124	0.159	0.0	0.189	0.0	0.15	0.115	0.112	0.085	0.097	0.21	0.171	0.255	0.26	0.242	0.277	0.227	0.189	0.238	0.173	0.136	0.0	0.078	0.095	0.071	0.162	0.132	0.14	0.058	0.061	0.055	0.0	
Chromosome	4724246	A	C	0.306	0.23	0.269	0.232	0.171	0.299	0.304	0.243	0.243	0.289	0.344	0.258	0.223	0.244	0.235	0.284	0.262	0.278	0.311	0.315	0.245	0.342	0.275	0.318	0.268	0.261	0.31	0.277	0.203	0.22	0.297	0.348	0.235	0.269	0.275	0.0	0.272	0.29	0.267	0.0	0.327	0.006	0.157	0.354	0.294	0.358	0.288	0.386	0.398	0.367	0.33	0.206	0.277	0.389	0.23	0.233	0.248	0.219	0.0	0.281	0.263	0.26	0.281	0.251	0.312	0.275	0.296	0.192	0.0	
Chromosome	4738601	T	G	0.179	0.209	0.145	0.158	0.07	0.196	0.211	0.261	0.184	0.199	0.215	0.208	0.181	0.141	0.131	0.231	0.247	0.348	0.21	0.277	0.194	0.268	0.255	0.246	0.207	0.138	0.157	0.132	0.082	0.258	0.21	0.297	0.152	0.193	0.133	0.0	0.202	0.177	0.219	0.011	0.212	0.0	0.188	0.241	0.133	0.138	0.187	0.25	0.208	0.254	0.261	0.229	0.239	0.279	0.229	0.2	0.233	0.288	0.0	0.134	0.163	0.163	0.163	0.142	0.234	0.193	0.164	0.15	0.006	
Chromosome	4795816	T	G	0.176	0.146	0.144	0.145	0.104	0.226	0.265	0.184	0.159	0.223	0.239	0.23	0.187	0.138	0.152	0.184	0.179	0.191	0.232	0.262	0.226	0.233	0.22	0.223	0.12	0.107	0.17	0.161	0.131	0.156	0.123	0.223	0.188	0.157	0.158	0.0	0.203	0.203	0.249	0.0	0.231	0.014	0.096	0.267	0.111	0.207	0.164	0.237	0.199	0.344	0.315	0.248	0.242	0.24	0.294	0.147	0.184	0.167	0.0	0.178	0.191	0.202	0.18	0.145	0.236	0.2	0.154	0.196	0.019	
Chromosome	5046398	T	G	0.177	0.143	0.121	0.112	0.131	0.219	0.198	0.163	0.12	0.167	0.212	0.265	0.096	0.086	0.078	0.105	0.087	0.206	0.174	0.139	0.196	0.199	0.149	0.296	0.141	0.142	0.082	0.144	0.086	0.088	0.094	0.218	0.115	0.132	0.091	0.005	0.218	0.227	0.216	0.0	0.136	0.0	0.068	0.209	0.112	0.12	0.17	0.134	0.184	0.148	0.203	0.15	0.193	0.092	0.211	0.194	0.122	0.119	0.0	0.142	0.138	0.118	0.094	0.135	0.142	0.113	0.138	0.175	0.0	
Chromosome	5116772	C	G	0.003	0.036	0.005	0.053	0.026	0.0	0.0	0.025	0.005	0.0	0.0	0.0	0.033	0.04	0.005	0.0	0.052	0.0	0.0	0.0	0.0	0.0	0.0	0.017	0.005	0.008	0.0	0.012	0.004	0.006	0.017	0.031	0.007	0.016	0.0	0.0	0.0	0.0	0.0	0.0	0.0	0.0	0.0	0.0	0.0	0.0	0.003	0.0	0.0	0.0	0.0	0.0	0.0	0.0	0.0	0.0	0.0	0.013	0.0	0.0	0.0	0.003	0.0	0.005	0.014	0.0	0.0	0.0	0.0	
Chromosome	5116773	C	G	0.003	0.031	0.005	0.053	0.026	0.0	0.0	0.017	0.005	0.0	0.0	0.0	0.033	0.04	0.005	0.0	0.052	0.0	0.0	0.0	0.0	0.0	0.0	0.017	0.005	0.008	0.0	0.012	0.004	0.006	0.017	0.031	0.007	0.016	0.0	0.0	0.0	0.0	0.0	0.0	0.0	0.005	0.0	0.0	0.0	0.0	0.0	0.0	0.0	0.0	0.0	0.0	0.0	0.0	0.0	0.0	0.0	0.013	0.0	0.0	0.003	0.003	0.0	0.005	0.014	0.0	0.0	0.0	0.0	
Chromosome	5251685	A	C	0.006	0.031	0.016	0.026	0.013	0.008	0.0	0.006	0.013	0.004	0.005	0.0	0.015	0.013	0.007	0.013	0.024	0.0	0.007	0.0	0.007	0.0	0.006	0.011	0.012	0.004	0.0	0.014	0.016	0.021	0.012	0.027	0.0	0.008	0.009	0.006	0.0	0.011	0.0	0.0	0.005	0.0	0.0	0.005	0.021	0.004	0.007	0.039	0.013	0.007	0.0	0.0	0.007	0.007	0.0	0.0	0.006	0.014	0.005	0.01	0.01	0.003	0.012	0.009	0.017	0.009	0.007	0.008	0.007	
Chromosome	5251686	G	T	0.0	0.031	0.016	0.017	0.007	0.008	0.0	0.006	0.0	0.004	0.0	0.006	0.01	0.008	0.007	0.009	0.012	0.0	0.007	0.0	0.0	0.0	0.0	0.011	0.004	0.0	0.0	0.0	0.012	0.008	0.004	0.009	0.003	0.003	0.0	0.0	0.0	0.011	0.0	0.0	0.0	0.0	0.0	0.0	0.012	0.0	0.0	0.0	0.0	0.0	0.0	0.0	0.0	0.007	0.0	0.0	0.006	0.01	0.0	0.005	0.0	0.0	0.008	0.004	0.01	0.003	0.002	0.0	0.0	
Chromosome	5461789	T	G	0.108	0.231	0.237	0.217	0.107	0.359	0.451	0.46	0.412	0.349	0.333	0.346	0.225	0.197	0.174	0.5	0.404	0.315	0.39	0.494	0.459	0.457	0.602	0.455	0.442	0.239	0.174	0.22	0.145	0.316	0.327	0.353	0.17	0.168	0.167	0.0	0.33	0.357	0.409	0.008	0.326	0.006	0.263	0.33	0.181	0.164	0.215	0.327	0.487	0.46	0.532	0.438	0.352	0.44	0.413	0.6	0.472	0.342	0.011	0.163	0.144	0.082	0.179	0.278	0.232	0.118	0.137	0.175	0.01	
Chromosome	5461806	A	C	0.089	0.119	0.092	0.076	0.037	0.242	0.213	0.242	0.126	0.229	0.184	0.15	0.091	0.176	0.115	0.15	0.105	0.194	0.305	0.162	0.238	0.222	0.333	0.274	0.125	0.113	0.089	0.106	0.09	0.15	0.119	0.294	0.141	0.115	0.079	0.0	0.214	0.2	0.194	0.0	0.144	0.0	0.057	0.103	0.166	0.069	0.11	0.153	0.209	0.186	0.229	0.152	0.151	0.205	0.262	0.179	0.153	0.179	0.0	0.118	0.075	0.092	0.101	0.144	0.144	0.09	0.101	0.098	0.01	
Chromosome	5512267	A	C	0.136	0.177	0.184	0.201	0.136	0.148	0.275	0.185	0.193	0.247	0.181	0.204	0.122	0.205	0.17	0.194	0.214	0.205	0.27	0.237	0.228	0.226	0.227	0.195	0.233	0.173	0.138	0.15	0.116	0.181	0.239	0.144	0.131	0.143	0.133	0.0	0.181	0.201	0.176	0.006	0.208	0.005	0.164	0.26	0.116	0.126	0.154	0.179	0.237	0.242	0.247	0.222	0.264	0.202	0.262	0.289	0.301	0.2	0.005	0.129	0.12	0.087	0.192	0.169	0.136	0.123	0.111	0.126	0.0	
Chromosome	5565776	T	C	0.0	0.112	0.0	0.012	0.0	0.0	0.0	0.0	0.0	0.0	0.0	0.0	0.0	0.0	0.0	0.0	0.0	0.0	0.0	0.0	0.0	0.0	0.0	0.0	0.0	0.0	0.0	0.0	0.0	0.0	0.0	0.0	0.0	0.0	0.0	0.0	0.0	0.0	0.004	0.0	0.0	0.0	0.0	0.0	0.0	0.0	0.0	0.0	0.0	0.0	0.0	0.0	0.0	0.0	0.0	0.0	0.0	0.0	0.0	0.0	0.0	0.0	0.0	0.0	0.0	0.0	0.0	0.0	0.0	
Chromosome	5631185	T	G	0.232	0.313	0.309	0.285	0.21	0.281	0.261	0.269	0.421	0.264	0.265	0.239	0.316	0.266	0.286	0.274	0.297	0.224	0.264	0.229	0.232	0.288	0.267	0.249	0.347	0.261	0.215	0.234	0.33	0.243	0.316	0.168	0.213	0.261	0.19	0.094	0.239	0.335	0.306	0.049	0.268	0.045	0.289	0.244	0.238	0.272	0.239	0.342	0.339	0.239	0.336	0.285	0.278	0.244	0.301	0.338	0.306	0.337	0.064	0.287	0.289	0.225	0.349	0.368	0.238	0.271	0.222	0.239	0.086	
Chromosome	5631192	G	C	0.135	0.211	0.195	0.193	0.083	0.108	0.133	0.113	0.275	0.153	0.136	0.162	0.221	0.186	0.2	0.159	0.151	0.144	0.16	0.126	0.108	0.138	0.107	0.143	0.261	0.124	0.103	0.107	0.178	0.187	0.218	0.091	0.119	0.1	0.099	0.01	0.141	0.178	0.16	0.0	0.153	0.0	0.229	0.151	0.163	0.16	0.128	0.141	0.152	0.131	0.152	0.102	0.184	0.156	0.152	0.25	0.213	0.228	0.0	0.15	0.178	0.097	0.21	0.218	0.088	0.14	0.11	0.147	0.019	
Chromosome	5651232	T	G	0.249	0.101	0.102	0.075	0.047	0.259	0.292	0.259	0.056	0.303	0.293	0.254	0.065	0.094	0.115	0.053	0.038	0.312	0.178	0.214	0.238	0.237	0.221	0.223	0.066	0.059	0.232	0.187	0.047	0.067	0.056	0.167	0.248	0.253	0.221	0.006	0.211	0.259	0.215	0.0	0.222	0.005	0.02	0.194	0.207	0.214	0.181	0.207	0.17	0.172	0.232	0.21	0.212	0.198	0.266	0.0	0.076	0.05	0.0	0.207	0.234	0.249	0.077	0.061	0.252	0.231	0.218	0.21	0.02	
Chromosome	5693406	T	G	0.162	0.149	0.182	0.141	0.044	0.177	0.348	0.288	0.23	0.181	0.171	0.255	0.143	0.16	0.117	0.204	0.343	0.196	0.286	0.353	0.279	0.213	0.363	0.268	0.273	0.18	0.12	0.115	0.081	0.186	0.262	0.214	0.119	0.154	0.11	0.0	0.25	0.274	0.218	0.0	0.174	0.0	0.065	0.238	0.164	0.167	0.141	0.206	0.369	0.397	0.244	0.485	0.366	0.293	0.259	0.4	0.247	0.303	0.0	0.162	0.132	0.16	0.142	0.131	0.201	0.18	0.12	0.134	0.0	
Chromosome	5693409	C	G	0.205	0.244	0.246	0.267	0.115	0.458	0.42	0.361	0.413	0.286	0.275	0.295	0.238	0.159	0.164	0.525	0.508	0.348	0.316	0.427	0.388	0.347	0.42	0.432	0.374	0.217	0.248	0.23	0.26	0.37	0.408	0.339	0.245	0.208	0.2	0.0	0.291	0.274	0.224	0.0	0.196	0.0	0.21	0.281	0.193	0.258	0.211	0.348	0.524	0.549	0.461	0.455	0.434	0.378	0.37	0.629	0.437	0.394	0.0	0.242	0.238	0.229	0.248	0.239	0.322	0.243	0.225	0.17	0.0	
Chromosome	5737296	G	T	0.003	0.035	0.03	0.022	0.0	0.0	0.0	0.0	0.004	0.0	0.006	0.006	0.03	0.009	0.018	0.008	0.028	0.0	0.0	0.0	0.0	0.0	0.0	0.004	0.017	0.014	0.0	0.0	0.008	0.0	0.016	0.01	0.0	0.007	0.0	0.0	0.0	0.0	0.0	0.0	0.0	0.0	0.0	0.0	0.013	0.0	0.002	0.0	0.0	0.0	0.0	0.0	0.007	0.006	0.008	0.0	0.014	0.021	0.0	0.0	0.003	0.0	0.0	0.01	0.004	0.0	0.0	0.009	0.0	
Chromosome	5737297	A	C	0.006	0.035	0.03	0.026	0.0	0.0	0.0	0.0	0.004	0.0	0.0	0.006	0.035	0.014	0.018	0.008	0.036	0.0	0.0	0.0	0.0	0.007	0.0	0.004	0.013	0.014	0.0	0.0	0.008	0.0	0.011	0.01	0.0	0.007	0.0	0.0	0.0	0.005	0.0	0.006	0.0	0.0	0.0	0.0	0.01	0.0	0.002	0.0	0.0	0.0	0.0	0.0	0.0	0.006	0.0	0.0	0.014	0.021	0.0	0.0	0.006	0.0	0.0	0.01	0.004	0.0	0.0	0.0	0.0	
Chromosome	5812482	A	C	0.256	0.379	0.29	0.267	0.248	0.364	0.286	0.176	0.433	0.274	0.256	0.256	0.232	0.276	0.298	0.516	0.469	0.357	0.236	0.3	0.447	0.264	0.375	0.394	0.43	0.339	0.224	0.271	0.217	0.482	0.423	0.312	0.243	0.243	0.247	0.006	0.34	0.26	0.306	0.036	0.263	0.006	0.41	0.374	0.302	0.23	0.234	0.362	0.365	0.422	0.321	0.273	0.357	0.362	0.512	0.263	0.417	0.381	0.0	0.25	0.252	0.225	0.308	0.432	0.394	0.266	0.202	0.209	0.007	
Chromosome	5845723	A	C	0.045	0.092	0.082	0.085	0.03	0.052	0.051	0.053	0.042	0.075	0.047	0.05	0.053	0.07	0.087	0.053	0.029	0.076	0.086	0.059	0.075	0.087	0.014	0.056	0.062	0.071	0.042	0.044	0.039	0.061	0.106	0.086	0.065	0.033	0.058	0.0	0.056	0.028	0.053	0.0	0.032	0.005	0.059	0.042	0.044	0.041	0.042	0.127	0.058	0.1	0.04	0.048	0.058	0.026	0.092	0.0	0.031	0.051	0.0	0.041	0.048	0.049	0.077	0.041	0.075	0.069	0.042	0.029	0.006	
Chromosome	5939331	T	G	0.153	0.168	0.12	0.116	0.062	0.29	0.182	0.317	0.126	0.208	0.176	0.195	0.166	0.168	0.132	0.123	0.042	0.214	0.3	0.291	0.227	0.261	0.259	0.22	0.148	0.133	0.155	0.195	0.073	0.089	0.139	0.177	0.148	0.178	0.174	0.0	0.197	0.209	0.195	0.007	0.239	0.0	0.083	0.215	0.158	0.17	0.189	0.233	0.267	0.262	0.258	0.286	0.255	0.273	0.257	0.125	0.138	0.11	0.013	0.146	0.164	0.131	0.132	0.121	0.19	0.136	0.176	0.134	0.0	
Chromosome	6075172	A	C	0.13	0.195	0.213	0.235	0.133	0.18	0.25	0.229	0.3	0.239	0.237	0.211	0.198	0.181	0.189	0.258	0.344	0.211	0.317	0.211	0.241	0.17	0.197	0.258	0.253	0.241	0.18	0.16	0.2	0.299	0.322	0.286	0.152	0.187	0.184	0.006	0.285	0.252	0.289	0.0	0.254	0.007	0.296	0.24	0.184	0.16	0.143	0.314	0.188	0.24	0.219	0.222	0.26	0.152	0.232	0.341	0.333	0.328	0.006	0.155	0.168	0.176	0.206	0.226	0.167	0.176	0.148	0.163	0.0	
Chromosome	6255217	A	C	0.094	0.056	0.062	0.103	0.107	0.12	0.144	0.154	0.13	0.124	0.097	0.084	0.118	0.083	0.098	0.119	0.103	0.158	0.112	0.11	0.117	0.117	0.13	0.071	0.13	0.075	0.073	0.058	0.077	0.111	0.063	0.137	0.084	0.066	0.075	0.0	0.11	0.126	0.101	0.0	0.066	0.018	0.055	0.093	0.108	0.099	0.078	0.093	0.172	0.067	0.131	0.109	0.144	0.146	0.13	0.047	0.066	0.084	0.006	0.084	0.076	0.074	0.058	0.084	0.082	0.066	0.086	0.093	0.007	
Chromosome	6255220	T	G	0.142	0.103	0.107	0.109	0.103	0.232	0.268	0.283	0.103	0.22	0.176	0.2	0.15	0.105	0.096	0.14	0.192	0.245	0.282	0.277	0.226	0.242	0.167	0.265	0.144	0.108	0.121	0.151	0.09	0.15	0.131	0.28	0.19	0.135	0.165	0.0	0.287	0.191	0.222	0.0	0.239	0.006	0.091	0.223	0.141	0.165	0.145	0.256	0.326	0.183	0.301	0.25	0.307	0.328	0.259	0.128	0.115	0.097	0.0	0.145	0.146	0.14	0.102	0.118	0.222	0.133	0.139	0.18	0.0	
Chromosome	6336515	C	G	0.18	0.289	0.328	0.311	0.156	0.474	0.275	0.324	0.568	0.258	0.233	0.204	0.248	0.357	0.341	0.597	0.75	0.436	0.439	0.319	0.342	0.388	0.253	0.39	0.5	0.323	0.192	0.19	0.271	0.58	0.536	0.396	0.203	0.198	0.191	0.0	0.221	0.272	0.246	0.006	0.271	0.0	0.364	0.241	0.211	0.19	0.225	0.375	0.384	0.444	0.348	0.447	0.437	0.414	0.4	0.756	0.494	0.63	0.0	0.228	0.159	0.159	0.316	0.293	0.259	0.173	0.172	0.198	0.0	
Chromosome	6336520	T	G	0.244	0.258	0.381	0.292	0.276	0.378	0.288	0.297	0.35	0.317	0.281	0.321	0.312	0.4	0.35	0.315	0.571	0.4	0.316	0.278	0.293	0.39	0.352	0.407	0.392	0.328	0.246	0.307	0.324	0.34	0.286	0.416	0.335	0.325	0.268	0.005	0.323	0.296	0.347	0.013	0.339	0.017	0.256	0.409	0.246	0.397	0.282	0.415	0.356	0.308	0.3	0.413	0.348	0.358	0.269	0.643	0.367	0.391	0.005	0.317	0.296	0.269	0.343	0.368	0.331	0.288	0.281	0.346	0.0	
Chromosome	6336530	A	C	0.311	0.387	0.433	0.349	0.194	0.423	0.479	0.549	0.364	0.373	0.504	0.319	0.339	0.379	0.409	0.457	0.65	0.426	0.444	0.552	0.448	0.57	0.522	0.415	0.514	0.338	0.218	0.247	0.255	0.371	0.433	0.492	0.307	0.271	0.27	0.0	0.387	0.421	0.424	0.006	0.408	0.0	0.385	0.372	0.288	0.293	0.241	0.548	0.438	0.586	0.506	0.373	0.5	0.523	0.534	0.667	0.585	0.403	0.0	0.255	0.285	0.199	0.331	0.267	0.395	0.258	0.247	0.301	0.0	
Chromosome	6425911	T	G	0.074	0.123	0.052	0.13	0.071	0.067	0.098	0.087	0.112	0.12	0.073	0.068	0.105	0.079	0.085	0.07	0.076	0.093	0.09	0.043	0.123	0.081	0.076	0.182	0.105	0.084	0.074	0.086	0.073	0.099	0.073	0.125	0.077	0.044	0.047	0.0	0.054	0.07	0.077	0.0	0.059	0.0	0.082	0.078	0.073	0.079	0.079	0.103	0.073	0.077	0.052	0.073	0.083	0.094	0.1	0.235	0.076	0.097	0.0	0.039	0.054	0.045	0.066	0.101	0.073	0.071	0.068	0.064	0.0	
Chromosome	6491388	GGTCACCGGGCCA	G	0.003	0.185	0.014	0.009	0.015	0.0	0.012	0.019	0.007	0.0	0.0	0.009	0.009	0.004	0.0	0.0	0.0	0.0	0.013	0.006	0.0	0.007	0.006	0.01	0.0	0.0	0.01	0.007	0.0	0.0	0.005	0.005	0.0	0.012	0.006	0.02	0.013	0.027	0.015	0.005	0.005	0.0	0.009	0.0	0.0	0.0	0.015	0.028	0.006	0.022	0.0	0.025	0.0	0.005	0.028	0.0	0.008	0.01	0.005	0.01	0.01	0.016	0.009	0.0	0.013	0.014	0.009	0.003	0.024	
Chromosome	6520024	GT	G	0.006	0.068	0.0	0.004	0.0	0.007	0.008	0.013	0.011	0.0	0.0	0.0	0.0	0.004	0.004	0.0	0.0	0.0	0.02	0.022	0.006	0.006	0.018	0.004	0.0	0.006	0.0	0.0	0.0	0.005	0.0	0.013	0.006	0.007	0.015	0.009	0.0	0.01	0.005	0.016	0.005	0.01	0.009	0.0	0.0	0.003	0.011	0.016	0.006	0.008	0.007	0.006	0.006	0.027	0.0	0.0	0.0	0.004	0.011	0.007	0.002	0.003	0.004	0.004	0.007	0.0	0.009	0.0	0.005	
Chromosome	6687524	T	G	0.332	0.276	0.215	0.257	0.115	0.434	0.459	0.475	0.46	0.342	0.451	0.34	0.288	0.226	0.232	0.425	0.429	0.333	0.458	0.512	0.505	0.57	0.53	0.45	0.446	0.277	0.27	0.319	0.195	0.291	0.372	0.348	0.285	0.314	0.265	0.0	0.447	0.368	0.432	0.0	0.394	0.012	0.245	0.444	0.299	0.311	0.257	0.525	0.611	0.5	0.592	0.5	0.578	0.471	0.426	0.429	0.311	0.333	0.004	0.296	0.303	0.247	0.204	0.318	0.328	0.289	0.293	0.267	0.005	
Chromosome	6687528	A	C	0.244	0.207	0.181	0.192	0.107	0.313	0.357	0.407	0.284	0.231	0.246	0.307	0.224	0.173	0.167	0.265	0.238	0.328	0.408	0.36	0.439	0.354	0.333	0.258	0.284	0.185	0.172	0.197	0.104	0.195	0.262	0.354	0.192	0.214	0.197	0.0	0.326	0.269	0.293	0.0	0.336	0.0	0.173	0.223	0.215	0.216	0.228	0.308	0.34	0.513	0.419	0.408	0.322	0.281	0.349	0.174	0.209	0.259	0.005	0.255	0.226	0.241	0.207	0.15	0.229	0.171	0.215	0.24	0.0	
Chromosome	6687534	G	C	0.133	0.179	0.23	0.177	0.108	0.237	0.316	0.244	0.351	0.147	0.223	0.186	0.228	0.228	0.236	0.429	0.451	0.233	0.337	0.211	0.293	0.276	0.233	0.215	0.436	0.18	0.13	0.172	0.205	0.362	0.419	0.246	0.142	0.13	0.161	0.0	0.233	0.21	0.214	0.0	0.238	0.0	0.291	0.185	0.125	0.16	0.165	0.221	0.204	0.312	0.252	0.179	0.247	0.269	0.253	0.392	0.435	0.324	0.004	0.161	0.182	0.155	0.168	0.211	0.19	0.12	0.163	0.191	0.0	
Chromosome	6687537	A	C	0.138	0.13	0.194	0.105	0.065	0.234	0.224	0.281	0.155	0.237	0.212	0.206	0.142	0.099	0.091	0.095	0.073	0.175	0.306	0.272	0.235	0.316	0.339	0.279	0.074	0.14	0.144	0.171	0.077	0.118	0.098	0.202	0.209	0.183	0.155	0.0	0.289	0.218	0.226	0.0	0.197	0.0	0.063	0.344	0.16	0.172	0.12	0.377	0.376	0.308	0.323	0.379	0.207	0.304	0.264	0.038	0.056	0.121	0.0	0.159	0.188	0.158	0.125	0.087	0.189	0.163	0.18	0.146	0.005	
Chromosome	6689701	T	G	0.191	0.173	0.223	0.184	0.135	0.242	0.216	0.23	0.15	0.229	0.226	0.309	0.221	0.161	0.144	0.135	0.153	0.256	0.262	0.262	0.265	0.265	0.247	0.271	0.184	0.164	0.254	0.189	0.131	0.191	0.19	0.265	0.244	0.248	0.223	0.0	0.213	0.217	0.257	0.005	0.335	0.005	0.134	0.243	0.279	0.143	0.21	0.232	0.285	0.268	0.216	0.208	0.234	0.205	0.25	0.218	0.18	0.137	0.0	0.233	0.238	0.206	0.17	0.168	0.225	0.271	0.209	0.183	0.0	
Chromosome	6689709	A	C	0.17	0.2	0.257	0.265	0.117	0.236	0.26	0.272	0.328	0.265	0.239	0.282	0.303	0.246	0.215	0.327	0.351	0.283	0.286	0.292	0.307	0.307	0.265	0.297	0.298	0.251	0.216	0.153	0.217	0.341	0.382	0.294	0.234	0.219	0.222	0.009	0.214	0.252	0.259	0.005	0.341	0.01	0.217	0.247	0.216	0.186	0.185	0.248	0.32	0.288	0.248	0.261	0.234	0.252	0.263	0.431	0.373	0.317	0.008	0.193	0.261	0.21	0.243	0.261	0.218	0.214	0.187	0.197	0.0	
Chromosome	6778451	T	A	0.231	0.208	0.233	0.218	0.236	0.227	0.189	0.231	0.142	0.185	0.153	0.211	0.196	0.209	0.183	0.23	0.196	0.257	0.206	0.159	0.182	0.186	0.284	0.204	0.174	0.176	0.263	0.252	0.286	0.208	0.19	0.176	0.241	0.287	0.263	0.0	0.16	0.224	0.202	0.0	0.171	0.0	0.224	0.188	0.245	0.205	0.254	0.202	0.194	0.181	0.16	0.152	0.219	0.211	0.164	0.206	0.12	0.188	0.0	0.216	0.232	0.208	0.181	0.185	0.248	0.246	0.282	0.229	0.0	
Chromosome	6778456	G	C	0.172	0.211	0.187	0.202	0.109	0.293	0.143	0.26	0.267	0.185	0.17	0.25	0.237	0.193	0.22	0.341	0.287	0.257	0.29	0.174	0.198	0.257	0.287	0.219	0.237	0.204	0.215	0.193	0.257	0.3	0.21	0.227	0.235	0.223	0.238	0.156	0.225	0.265	0.273	0.185	0.24	0.184	0.233	0.281	0.23	0.24	0.195	0.219	0.233	0.303	0.203	0.254	0.256	0.233	0.231	0.441	0.268	0.258	0.185	0.218	0.223	0.199	0.209	0.185	0.281	0.221	0.209	0.237	0.133	
Chromosome	6869289	T	G	0.16	0.132	0.08	0.133	0.08	0.201	0.159	0.192	0.123	0.185	0.232	0.236	0.115	0.135	0.133	0.136	0.137	0.143	0.227	0.258	0.224	0.19	0.246	0.192	0.199	0.118	0.196	0.178	0.126	0.144	0.107	0.201	0.168	0.158	0.208	0.0	0.235	0.195	0.21	0.0	0.265	0.009	0.096	0.223	0.141	0.135	0.18	0.194	0.211	0.192	0.223	0.245	0.165	0.226	0.279	0.25	0.191	0.14	0.0	0.183	0.155	0.206	0.114	0.111	0.207	0.147	0.142	0.172	0.0	
Chromosome	6913444	C	G	0.06	0.054	0.064	0.073	0.044	0.023	0.007	0.073	0.072	0.097	0.068	0.093	0.065	0.029	0.054	0.073	0.055	0.076	0.048	0.048	0.05	0.039	0.053	0.071	0.059	0.093	0.066	0.057	0.066	0.091	0.088	0.093	0.088	0.059	0.068	0.0	0.067	0.088	0.081	0.0	0.1	0.0	0.033	0.084	0.049	0.067	0.044	0.028	0.064	0.057	0.06	0.045	0.038	0.053	0.059	0.016	0.057	0.092	0.0	0.058	0.054	0.058	0.043	0.099	0.057	0.066	0.061	0.08	0.0	
Chromosome	6913446	T	G	0.158	0.138	0.139	0.151	0.117	0.162	0.122	0.196	0.15	0.167	0.142	0.164	0.122	0.108	0.139	0.112	0.121	0.151	0.16	0.159	0.201	0.175	0.225	0.139	0.122	0.154	0.186	0.143	0.159	0.161	0.16	0.191	0.175	0.162	0.237	0.005	0.154	0.189	0.178	0.005	0.209	0.0	0.089	0.201	0.128	0.146	0.146	0.113	0.233	0.25	0.175	0.205	0.175	0.207	0.275	0.016	0.125	0.145	0.0	0.175	0.186	0.198	0.145	0.158	0.154	0.235	0.183	0.19	0.005	
Chromosome	6913447	C	G	0.032	0.028	0.048	0.041	0.005	0.0	0.0	0.036	0.041	0.078	0.068	0.07	0.026	0.034	0.055	0.034	0.035	0.074	0.04	0.012	0.022	0.032	0.02	0.031	0.056	0.048	0.049	0.033	0.024	0.055	0.064	0.077	0.059	0.039	0.063	0.0	0.045	0.068	0.057	0.0	0.054	0.0	0.028	0.044	0.018	0.045	0.03	0.036	0.058	0.056	0.036	0.038	0.013	0.042	0.034	0.016	0.053	0.046	0.0	0.032	0.034	0.029	0.044	0.071	0.043	0.039	0.029	0.042	0.0	
Chromosome	6923330	T	G	0.29	0.382	0.372	0.351	0.253	0.352	0.347	0.411	0.365	0.397	0.421	0.319	0.333	0.374	0.324	0.472	0.587	0.472	0.467	0.396	0.397	0.383	0.427	0.39	0.423	0.307	0.258	0.264	0.271	0.46	0.412	0.466	0.31	0.292	0.261	0.0	0.392	0.372	0.322	0.0	0.42	0.006	0.265	0.283	0.261	0.294	0.261	0.339	0.411	0.474	0.417	0.493	0.376	0.471	0.507	0.588	0.413	0.437	0.0	0.261	0.3	0.279	0.36	0.294	0.352	0.236	0.273	0.232	0.014	
Chromosome	6923335	A	C	0.23	0.262	0.278	0.245	0.167	0.234	0.256	0.336	0.232	0.278	0.272	0.238	0.218	0.259	0.206	0.286	0.424	0.346	0.358	0.269	0.266	0.289	0.295	0.29	0.264	0.244	0.218	0.217	0.208	0.327	0.244	0.268	0.226	0.219	0.207	0.0	0.328	0.267	0.236	0.01	0.306	0.0	0.144	0.213	0.23	0.25	0.221	0.193	0.284	0.285	0.279	0.267	0.26	0.254	0.292	0.273	0.329	0.279	0.01	0.233	0.221	0.207	0.252	0.207	0.223	0.18	0.201	0.24	0.007	
Chromosome	6923341	A	C	0.214	0.147	0.105	0.158	0.074	0.236	0.254	0.324	0.235	0.237	0.226	0.27	0.153	0.106	0.121	0.229	0.2	0.292	0.325	0.274	0.226	0.287	0.249	0.286	0.158	0.146	0.135	0.148	0.098	0.25	0.206	0.241	0.175	0.178	0.203	0.005	0.244	0.272	0.234	0.016	0.305	0.0	0.129	0.2	0.204	0.193	0.187	0.184	0.259	0.301	0.315	0.324	0.258	0.296	0.358	0.256	0.187	0.196	0.0	0.218	0.216	0.204	0.145	0.146	0.206	0.173	0.194	0.206	0.006	
Chromosome	6966410	A	C	0.172	0.375	0.331	0.378	0.219	0.337	0.389	0.365	0.436	0.36	0.241	0.359	0.336	0.325	0.389	0.48	0.479	0.284	0.419	0.375	0.337	0.34	0.495	0.331	0.413	0.365	0.263	0.27	0.323	0.444	0.432	0.343	0.307	0.257	0.241	0.0	0.362	0.313	0.301	0.0	0.333	0.0	0.261	0.333	0.294	0.248	0.229	0.333	0.528	0.369	0.359	0.455	0.477	0.427	0.417	0.476	0.316	0.481	0.006	0.227	0.275	0.201	0.406	0.393	0.351	0.195	0.199	0.255	0.0	
Chromosome	6966411	G	C	0.226	0.321	0.212	0.231	0.093	0.455	0.324	0.42	0.345	0.297	0.298	0.303	0.289	0.165	0.26	0.397	0.44	0.375	0.434	0.404	0.356	0.355	0.466	0.365	0.355	0.268	0.278	0.259	0.185	0.427	0.435	0.319	0.317	0.265	0.198	0.0	0.309	0.349	0.286	0.0	0.306	0.0	0.301	0.286	0.268	0.264	0.215	0.277	0.591	0.476	0.415	0.41	0.481	0.416	0.452	0.19	0.218	0.422	0.006	0.261	0.257	0.206	0.266	0.256	0.3	0.225	0.223	0.246	0.0	
