chromosome	pos	ref	mut	APAW	F2	CLFA	CLFB	CLFC	F1	F3	MockF	RIFA	RIFB	RIFC	Ana1	BedA	BedB	BedC	BedD	CipA	CipB	CipC	CombA2	CombA3	CombA	CombAu1	CombAu3	CombAu5	CombB	CombC	CycloA	CycloB	CycloC	EMBA	EMBB	EMBC	H1	H2	H3	INH1	INH2	INHA	LzdA	LzdB	LzdC	M91	M92	M9B	MMCA	MMCB	MMCC	MockA	MockB	MockC	MockD	MockE	MockG	MockH	MockI	MockJ	MockK	MockL	NANOA	NANOB	NANOC	S1	S2	S3	UV1	UV2	UV3	WT_Msm
Chromosome	65001	A	C	0.148	0.255	0.211	0.201	0.171	0.0	0.25	0.336	0.242	0.174	0.21	0.099	0.358	0.298	0.298	0.303	0.251	0.247	0.336	0.294	0.235	0.371	0.396	0.439	0.471	0.317	0.361	0.23	0.254	0.219	0.232	0.221	0.235	0.265	0.007	0.304	0.163	0.164	0.131	0.226	0.254	0.251	0.248	0.182	0.174	0.208	0.158	0.185	0.345	0.429	0.337	0.325	0.398	0.387	0.371	0.324	0.272	0.256	0.0	0.119	0.196	0.172	0.0	0.172	0.219	0.17	0.17	0.152	0.0	
Chromosome	75825	A	G	0.0	0.187	0.0	0.0	0.0	0.0	0.0	0.0	0.0	0.0	0.0	0.0	0.0	0.0	0.0	0.0	0.0	0.0	0.0	0.0	0.0	0.0	0.0	0.0	0.0	0.0	0.0	0.0	0.0	0.0	0.0	0.0	0.0	0.0	0.006	0.0	0.0	0.003	0.0	0.0	0.0	0.0	0.0	0.0	0.0	0.0	0.0	0.0	0.0	0.0	0.0	0.0	0.0	0.0	0.0	0.0	0.0	0.0	0.005	0.0	0.0	0.0	0.0	0.0	0.0	0.0	0.0	0.0	0.0	
Chromosome	202859	T	G	0.083	0.177	0.151	0.094	0.058	0.0	0.09	0.199	0.103	0.143	0.131	0.051	0.274	0.259	0.214	0.199	0.119	0.11	0.157	0.216	0.256	0.359	0.195	0.268	0.15	0.217	0.226	0.162	0.214	0.104	0.1	0.095	0.139	0.147	0.006	0.184	0.104	0.087	0.097	0.212	0.208	0.194	0.071	0.081	0.095	0.11	0.102	0.108	0.26	0.241	0.241	0.266	0.281	0.275	0.281	0.2	0.196	0.23	0.005	0.089	0.13	0.089	0.0	0.16	0.145	0.089	0.077	0.063	0.013	
Chromosome	249685	T	G	0.142	0.23	0.188	0.19	0.165	0.0	0.227	0.324	0.219	0.157	0.229	0.141	0.373	0.327	0.294	0.225	0.256	0.203	0.226	0.264	0.302	0.259	0.252	0.416	0.333	0.319	0.35	0.219	0.204	0.211	0.199	0.234	0.165	0.235	0.0	0.19	0.121	0.144	0.089	0.276	0.245	0.207	0.155	0.146	0.125	0.139	0.123	0.12	0.357	0.331	0.375	0.236	0.362	0.324	0.435	0.344	0.255	0.217	0.0	0.137	0.141	0.121	0.029	0.196	0.23	0.175	0.132	0.127	0.0	
Chromosome	424972	A	G	0.0	0.24	0.0	0.0	0.0	0.0	0.19	0.0	0.0	0.0	0.003	0.0	0.0	0.0	0.0	0.0	0.0	0.0	0.0	0.0	0.0	0.0	0.0	0.0	0.0	0.0	0.0	0.0	0.0	0.0	0.0	0.0	0.0	0.201	0.808	0.0	0.003	0.0	0.0	0.0	0.004	0.0	0.0	0.0	0.0	0.0	0.0	0.0	0.0	0.0	0.0	0.0	0.0	0.0	0.0	0.0	0.0	0.0	0.0	0.0	0.0	0.0	0.662	0.166	0.443	0.0	0.002	0.0	0.22	
Chromosome	431649	CT	.	0.005	0.016	0.0	0.0	0.005	0.012	0.007	0.0	0.017	0.013	0.01	0.028	0.025	0.0	0.011	0.018	0.02	0.0	0.0	0.007	0.01	0.0	0.01	0.023	0.0	0.008	0.009	0.0	0.0	0.016	0.012	0.0	0.011	0.0	0.007	0.006	0.004	0.0	0.012	0.032	0.0	0.032	0.0	0.007	0.0	0.016	0.009	0.008	0.012	0.0	0.0	0.0	0.008	0.0	0.01	0.0	0.0	0.018	0.006	0.006	0.0	0.004	0.0	0.008	0.0	0.004	0.006	0.004	0.027	
Chromosome	431650	T	.	0.0	0.0	0.0	0.0	0.0	0.0	0.0	0.0	0.0	0.0	0.0	0.0	0.0	0.0	0.0	0.0	0.0	0.0	0.0	0.0	0.0	0.0	0.0	0.0	0.0	0.0	0.0	0.0	0.0	0.0	0.0	0.0	0.0	0.0	0.0	0.0	0.0	0.0	0.0	0.0	0.0	0.0	0.0	0.0	0.0	0.0	0.0	0.0	0.0	0.0	0.0	0.0	0.0	0.0	0.0	0.0	0.0	0.0	0.0	0.0	0.0	0.0	0.0	0.0	0.0	0.0	0.0	0.0	0.0	
Chromosome	479882	T	G	0.079	0.143	0.029	0.0	0.008	0.0	0.08	0.075	0.061	0.046	0.12	0.024	0.027	0.016	0.052	0.026	0.108	0.13	0.153	0.05	0.0	0.061	0.041	0.031	0.021	0.034	0.018	0.063	0.021	0.047	0.06	0.029	0.01	0.124	0.006	0.014	0.033	0.034	0.025	0.009	0.013	0.053	0.01	0.046	0.017	0.023	0.033	0.024	0.02	0.022	0.033	0.03	0.028	0.044	0.0	0.0	0.011	0.029	0.005	0.016	0.003	0.045	0.006	0.089	0.051	0.025	0.023	0.012	0.0	
Chromosome	490627	T	G	0.084	0.149	0.088	0.115	0.11	0.0	0.132	0.153	0.083	0.099	0.111	0.035	0.065	0.118	0.097	0.092	0.088	0.103	0.122	0.074	0.057	0.085	0.062	0.071	0.094	0.092	0.088	0.123	0.052	0.119	0.063	0.077	0.145	0.092	0.006	0.046	0.073	0.08	0.095	0.071	0.091	0.073	0.066	0.072	0.102	0.123	0.101	0.081	0.182	0.102	0.064	0.092	0.154	0.068	0.102	0.132	0.041	0.057	0.0	0.071	0.097	0.057	0.0	0.098	0.126	0.089	0.064	0.043	0.0	
Chromosome	706123	T	G	0.145	0.209	0.158	0.104	0.112	0.0	0.181	0.225	0.11	0.167	0.186	0.094	0.195	0.196	0.2	0.155	0.187	0.222	0.226	0.173	0.132	0.2	0.212	0.221	0.237	0.163	0.243	0.209	0.172	0.167	0.155	0.149	0.15	0.209	0.006	0.205	0.167	0.092	0.128	0.159	0.108	0.251	0.16	0.141	0.143	0.106	0.158	0.138	0.219	0.212	0.236	0.263	0.204	0.25	0.253	0.205	0.168	0.171	0.005	0.139	0.15	0.164	0.005	0.114	0.151	0.162	0.134	0.171	0.007	
Chromosome	1257522	A	G	0.0	0.232	0.0	0.0	0.0	0.0	0.0	0.0	0.0	0.0	0.0	0.0	0.0	0.0	0.0	0.0	0.0	0.0	0.0	0.0	0.0	0.0	0.007	0.0	0.0	0.0	0.0	0.0	0.0	0.0	0.0	0.0	0.0	0.0	0.0	0.0	0.0	0.0	0.0	0.0	0.0	0.0	0.004	0.0	0.0	0.003	0.0	0.0	0.0	0.0	0.0	0.0	0.0	0.0	0.0	0.0	0.0	0.0	0.0	0.0	0.0	0.0	0.0	0.0	0.0	0.0	0.0	0.0	0.0	
Chromosome	1385245	A	C	0.089	0.14	0.184	0.178	0.179	0.006	0.172	0.135	0.197	0.17	0.174	0.083	0.153	0.126	0.137	0.108	0.179	0.161	0.137	0.172	0.167	0.203	0.158	0.089	0.115	0.1	0.134	0.105	0.096	0.155	0.121	0.189	0.165	0.144	0.012	0.157	0.103	0.121	0.082	0.158	0.167	0.164	0.091	0.126	0.105	0.125	0.124	0.099	0.154	0.137	0.14	0.131	0.114	0.198	0.075	0.186	0.132	0.158	0.0	0.117	0.139	0.103	0.0	0.124	0.121	0.1	0.09	0.115	0.007	
Chromosome	2117927	T	G	0.145	0.295	0.165	0.182	0.166	0.0	0.212	0.234	0.163	0.117	0.214	0.172	0.202	0.237	0.252	0.161	0.169	0.2	0.253	0.152	0.149	0.218	0.221	0.261	0.13	0.225	0.208	0.226	0.129	0.129	0.179	0.185	0.214	0.213	0.0	0.236	0.187	0.209	0.123	0.145	0.146	0.245	0.176	0.233	0.234	0.173	0.205	0.197	0.22	0.183	0.225	0.271	0.167	0.225	0.247	0.079	0.182	0.149	0.0	0.197	0.183	0.173	0.0	0.081	0.157	0.167	0.163	0.197	0.0	
Chromosome	2195144	T	G	0.142	0.202	0.162	0.072	0.084	0.0	0.254	0.208	0.15	0.156	0.186	0.092	0.217	0.177	0.189	0.099	0.226	0.268	0.225	0.129	0.1	0.244	0.254	0.201	0.19	0.203	0.194	0.234	0.093	0.124	0.058	0.129	0.163	0.218	0.006	0.251	0.164	0.174	0.063	0.107	0.083	0.205	0.161	0.17	0.181	0.164	0.145	0.177	0.233	0.247	0.229	0.25	0.221	0.22	0.191	0.147	0.07	0.083	0.0	0.171	0.199	0.159	0.006	0.068	0.187	0.196	0.16	0.124	0.0	
Chromosome	2229493	A	C	0.079	0.181	0.084	0.108	0.138	0.0	0.147	0.087	0.089	0.107	0.092	0.068	0.138	0.169	0.092	0.09	0.131	0.115	0.157	0.165	0.079	0.234	0.19	0.183	0.123	0.122	0.154	0.181	0.107	0.102	0.127	0.119	0.101	0.15	0.006	0.197	0.073	0.063	0.066	0.108	0.135	0.13	0.087	0.103	0.079	0.108	0.071	0.059	0.164	0.104	0.179	0.166	0.164	0.115	0.178	0.143	0.131	0.14	0.006	0.089	0.107	0.077	0.0	0.116	0.104	0.089	0.079	0.047	0.008	
Chromosome	2335739	T	C	0.0	0.22	0.0	0.0	0.0	0.005	0.0	0.0	0.0	0.0	0.0	0.0	0.0	0.0	0.0	0.0	0.0	0.0	0.0	0.0	0.0	0.0	0.0	0.0	0.0	0.0	0.0	0.0	0.0	0.0	0.0	0.0	0.004	0.0	0.005	0.0	0.0	0.0	0.0	0.0	0.0	0.0	0.0	0.0	0.0	0.0	0.0	0.0	0.0	0.0	0.0	0.0	0.0	0.0	0.0	0.0	0.0	0.0	0.0	0.0	0.0	0.0	0.0	0.0	0.0	0.0	0.0	0.0	0.0	
Chromosome	2491969	A	C	0.035	0.113	0.06	0.059	0.045	0.0	0.039	0.136	0.039	0.046	0.058	0.037	0.058	0.089	0.07	0.067	0.041	0.058	0.063	0.053	0.061	0.103	0.062	0.048	0.081	0.092	0.043	0.05	0.081	0.043	0.035	0.05	0.047	0.065	0.0	0.059	0.025	0.054	0.032	0.043	0.049	0.051	0.032	0.029	0.031	0.055	0.039	0.028	0.034	0.103	0.077	0.093	0.105	0.044	0.062	0.093	0.039	0.047	0.0	0.033	0.022	0.021	0.0	0.041	0.09	0.033	0.03	0.013	0.008	
Chromosome	2579189	A	C	0.173	0.273	0.219	0.219	0.213	0.006	0.263	0.281	0.154	0.254	0.234	0.134	0.268	0.276	0.242	0.322	0.271	0.222	0.31	0.261	0.246	0.282	0.237	0.297	0.183	0.206	0.319	0.253	0.25	0.187	0.23	0.232	0.224	0.274	0.0	0.395	0.248	0.226	0.202	0.275	0.243	0.239	0.21	0.225	0.223	0.277	0.259	0.226	0.283	0.34	0.287	0.219	0.263	0.333	0.308	0.238	0.256	0.256	0.0	0.225	0.219	0.226	0.0	0.226	0.303	0.26	0.238	0.244	0.013	
Chromosome	2794622	A	C	0.105	0.188	0.088	0.08	0.105	0.006	0.135	0.209	0.126	0.114	0.117	0.072	0.139	0.187	0.188	0.168	0.172	0.177	0.178	0.192	0.193	0.205	0.198	0.168	0.164	0.145	0.173	0.197	0.249	0.132	0.128	0.111	0.126	0.164	0.0	0.156	0.089	0.105	0.088	0.131	0.144	0.177	0.102	0.077	0.077	0.057	0.105	0.106	0.162	0.188	0.185	0.234	0.217	0.219	0.172	0.319	0.214	0.16	0.0	0.08	0.072	0.092	0.012	0.123	0.155	0.072	0.086	0.084	0.014	
Chromosome	2946508	A	C	0.246	0.327	0.125	0.082	0.143	0.007	0.318	0.168	0.159	0.182	0.219	0.101	0.217	0.231	0.185	0.093	0.214	0.243	0.283	0.089	0.048	0.182	0.213	0.25	0.216	0.198	0.211	0.218	0.103	0.136	0.094	0.074	0.169	0.269	0.007	0.321	0.226	0.268	0.122	0.069	0.05	0.24	0.201	0.204	0.213	0.197	0.281	0.231	0.284	0.258	0.273	0.293	0.171	0.185	0.333	0.056	0.071	0.058	0.0	0.227	0.227	0.227	0.013	0.123	0.293	0.23	0.269	0.168	0.01	
Chromosome	3030967	A	C	0.347	0.375	0.437	0.421	0.388	0.0	0.446	0.5	0.407	0.389	0.368	0.255	0.5	0.368	0.451	0.587	0.396	0.345	0.489	0.566	0.676	0.512	0.409	0.514	0.563	0.43	0.37	0.488	0.567	0.506	0.368	0.451	0.35	0.483	0.007	0.438	0.307	0.314	0.456	0.586	0.61	0.54	0.34	0.377	0.383	0.337	0.331	0.378	0.623	0.525	0.565	0.522	0.614	0.455	0.6	0.634	0.724	0.594	0.0	0.359	0.361	0.402	0.0	0.456	0.394	0.286	0.403	0.299	0.0	
Chromosome	3058103	T	G	0.0	0.22	0.0	0.0	0.0	0.01	0.0	0.0	0.0	0.0	0.0	0.0	0.0	0.0	0.007	0.0	0.0	0.0	0.0	0.0	0.0	0.0	0.0	0.0	0.008	0.0	0.0	0.0	0.0	0.0	0.0	0.0	0.0	0.0	0.0	0.0	0.0	0.0	0.0	0.0	0.0	0.0	0.0	0.002	0.0	0.0	0.0	0.0	0.0	0.0	0.0	0.0	0.0	0.0	0.0	0.0	0.0	0.0	0.0	0.0	0.0	0.0	0.0	0.0	0.0	0.0	0.0	0.0	0.0	
Chromosome	3123426	T	G	0.146	0.287	0.243	0.218	0.161	0.006	0.24	0.33	0.226	0.19	0.214	0.126	0.244	0.243	0.258	0.263	0.228	0.21	0.237	0.27	0.245	0.343	0.197	0.273	0.209	0.254	0.204	0.286	0.241	0.283	0.173	0.237	0.205	0.205	0.0	0.195	0.135	0.095	0.131	0.256	0.257	0.206	0.154	0.163	0.142	0.155	0.113	0.163	0.248	0.169	0.377	0.25	0.245	0.227	0.246	0.348	0.246	0.188	0.0	0.189	0.178	0.115	0.007	0.176	0.237	0.123	0.119	0.135	0.0	
Chromosome	3404512	A	.	0.0	0.0	0.0	0.0	0.0	0.0	0.0	0.0	0.0	0.0	0.0	0.0	0.0	0.0	0.0	0.0	0.0	0.0	0.0	0.0	0.0	0.0	0.0	0.0	0.0	0.0	0.0	0.0	0.0	0.0	0.0	0.0	0.0	0.0	0.0	0.0	0.0	0.0	0.0	0.0	0.0	0.0	0.0	0.0	0.0	0.0	0.0	0.0	0.0	0.0	0.0	0.0	0.0	0.0	0.0	0.0	0.0	0.0	0.0	0.0	0.0	0.0	0.0	0.0	0.0	0.0	0.0	0.0	0.0	
Chromosome	3437636	G	GGGCTCTTCGCACT	0.0	0.007	0.0	0.0	0.0	0.0	0.0	0.0	0.0	0.0	0.0	0.0	0.0	0.0	0.0	0.0	0.0	0.0	0.0	0.0	0.0	0.0	0.0	0.0	0.0	0.0	0.0	0.0	0.0	0.0	0.0	0.0	0.0	0.0	0.0	0.0	0.0	0.0	0.0	0.0	0.0	0.0	0.0	0.0	0.0	0.0	0.0	0.0	0.0	0.0	0.0	0.0	0.0	0.0	0.0	0.0	0.0	0.0	0.0	0.0	0.0	0.0	0.0	0.0	0.0	0.0	0.0	0.0	0.0	
Chromosome	3487198	A	C	0.0	0.263	0.0	0.0	0.0	0.007	0.0	0.0	0.0	0.0	0.0	0.007	0.007	0.0	0.008	0.0	0.0	0.0	0.0	0.0	0.0	0.0	0.014	0.0	0.0	0.0	0.0	0.005	0.005	0.007	0.0	0.0	0.0	0.005	0.0	0.0	0.003	0.004	0.0	0.005	0.0	0.004	0.0	0.0	0.0	0.0	0.0	0.002	0.0	0.0	0.0	0.007	0.0	0.009	0.007	0.0	0.0	0.0	0.0	0.0	0.0	0.0	0.0	0.0	0.0	0.0	0.0	0.006	0.008	
Chromosome	3580019	GC	G	0.922	0.192	0.925	0.94	0.897	0.047	0.025	0.945	0.923	0.948	0.913	0.92	0.726	0.934	0.864	0.921	0.208	0.032	0.012	0.759	0.877	0.89	0.912	0.919	0.873	0.921	0.761	0.648	0.944	0.94	0.949	0.957	0.893	0.158	0.032	0.007	0.918	0.903	0.922	0.905	0.935	0.906	0.765	0.921	0.901	0.938	0.923	0.928	0.882	0.866	0.889	0.904	0.897	0.931	0.913	0.929	0.945	0.92	0.0	0.914	0.894	0.906	0.184	0.015	0.034	0.918	0.746	0.896	0.096	
Chromosome	3777630	T	.	0.0	0.0	0.0	0.0	0.0	0.0	0.0	0.0	0.0	0.0	0.0	0.0	0.0	0.0	0.0	0.0	0.0	0.0	0.0	0.0	0.0	0.0	0.0	0.0	0.0	0.0	0.0	0.0	0.0	0.0	0.0	0.0	0.0	0.0	0.0	0.0	0.0	0.0	0.0	0.0	0.0	0.0	0.0	0.0	0.0	0.0	0.0	0.0	0.0	0.0	0.0	0.0	0.0	0.0	0.0	0.0	0.0	0.0	0.0	0.0	0.0	0.0	0.0	0.0	0.0	0.0	0.0	0.0	0.0	
Chromosome	3847886	T	A	0.206	0.243	0.186	0.171	0.147	0.0	0.263	0.187	0.169	0.238	0.27	0.167	0.214	0.246	0.165	0.36	0.279	0.2	0.241	0.297	0.26	0.225	0.3	0.203	0.205	0.235	0.234	0.259	0.333	0.253	0.227	0.134	0.206	0.259	0.0	0.274	0.159	0.258	0.204	0.267	0.251	0.258	0.24	0.2	0.207	0.229	0.269	0.219	0.236	0.183	0.256	0.22	0.195	0.223	0.237	0.408	0.286	0.291	0.0	0.274	0.253	0.219	0.0	0.238	0.245	0.242	0.245	0.224	0.0	
Chromosome	4034651	C	T	0.0	0.072	0.0	0.0	0.0	0.0	0.0	0.0	0.0	0.0	0.0	0.0	0.0	0.0	0.0	0.0	0.0	0.0	0.0	0.0	0.0	0.0	0.0	0.0	0.0	0.0	0.0	0.0	0.0	0.0	0.0	0.0	0.0	0.0	0.0	0.0	0.0	0.0	0.0	0.0	0.0	0.0	0.0	0.0	0.0	0.0	0.07	0.0	0.0	0.0	0.0	0.0	0.0	0.0	0.0	0.0	0.0	0.0	0.0	0.0	0.0	0.0	0.0	0.0	0.0	0.0	0.0	0.0	0.0	
Chromosome	4034660	A	C	0.0	0.088	0.0	0.0	0.004	0.0	0.0	0.0	0.0	0.005	0.0	0.0	0.0	0.0	0.0	0.0	0.0	0.0	0.0	0.0	0.0	0.0	0.008	0.0	0.0	0.0	0.0	0.004	0.005	0.004	0.0	0.0	0.004	0.0	0.0	0.0	0.0	0.0	0.0	0.0	0.005	0.014	0.0	0.0	0.003	0.0	0.069	0.0	0.0	0.0	0.0	0.007	0.0	0.008	0.008	0.0	0.0	0.008	0.0	0.0	0.003	0.0	0.0	0.005	0.0	0.003	0.0	0.003	0.0	
Chromosome	4034661	A	G	0.0	0.089	0.0	0.0	0.0	0.0	0.0	0.0	0.0	0.0	0.0	0.006	0.0	0.0	0.0	0.0	0.0	0.0	0.0	0.0	0.0	0.0	0.0	0.0	0.0	0.0	0.0	0.0	0.0	0.0	0.0	0.0	0.0	0.0	0.0	0.0	0.0	0.0	0.0	0.0	0.0	0.0	0.0	0.0	0.0	0.0	0.069	0.0	0.0	0.0	0.0	0.0	0.0	0.0	0.0	0.0	0.0	0.0	0.0	0.0	0.0	0.0	0.0	0.0	0.0	0.0	0.0	0.0	0.0	
Chromosome	4034662	A	C	0.003	0.09	0.006	0.005	0.0	0.006	0.0	0.008	0.009	0.0	0.0	0.0	0.0	0.0	0.0	0.005	0.007	0.008	0.0	0.0	0.0	0.017	0.008	0.0	0.009	0.013	0.0	0.013	0.0	0.0	0.0	0.0	0.008	0.0	0.0	0.0	0.008	0.011	0.004	0.014	0.0	0.014	0.0	0.0	0.0	0.0	0.069	0.0	0.01	0.0	0.0	0.007	0.0	0.0	0.0	0.0	0.01	0.0	0.0	0.0	0.0	0.0	0.0	0.0	0.01	0.003	0.003	0.003	0.011	
Chromosome	4034806	C	G	0.0	0.175	0.0	0.0	0.0	0.0	0.0	0.0	0.0	0.0	0.0	0.0	0.0	0.0	0.0	0.0	0.0	0.0	0.0	0.0	0.0	0.0	0.0	0.0	0.0	0.0	0.0	0.0	0.0	0.0	0.0	0.0	0.0	0.0	0.0	0.0	0.0	0.0	0.0	0.0	0.0	0.004	0.0	0.0	0.0	0.0	0.0	0.002	0.0	0.008	0.0	0.0	0.0	0.0	0.0	0.0	0.0	0.0	0.0	0.002	0.0	0.0	0.0	0.0	0.0	0.0	0.0	0.0	0.0	
Chromosome	4143094	G	A	0.0	0.24	0.004	0.0	0.0	0.0	0.207	0.0	0.0	0.0	0.0	0.0	0.0	0.0	0.0	0.0	0.0	0.011	0.0	0.0	0.0	0.0	0.0	0.0	0.0	0.0	0.0	0.0	0.0	0.0	0.0	0.0	0.0	0.168	0.764	0.0	0.003	0.0	0.0	0.0	0.0	0.0	0.0	0.0	0.0	0.0	0.0	0.0	0.0	0.0	0.0	0.0	0.0	0.0	0.0	0.0	0.0	0.0	0.0	0.0	0.0	0.0	0.586	0.182	0.438	0.0	0.0	0.0	0.164	
Chromosome	4214321	G	T	0.529	0.489	0.467	0.508	0.486	0.48	0.498	0.488	0.52	0.555	0.518	0.434	0.504	0.535	0.506	0.488	0.49	0.508	0.522	0.461	0.44	0.5	0.562	0.546	0.516	0.506	0.475	0.489	0.518	0.512	0.491	0.538	0.498	0.535	0.55	0.536	0.505	0.515	0.537	0.542	0.471	0.535	0.499	0.522	0.532	0.509	0.501	0.518	0.532	0.496	0.437	0.482	0.494	0.547	0.609	0.667	0.516	0.494	0.327	0.527	0.502	0.5	0.497	0.522	0.512	0.497	0.481	0.394	0.498	
Chromosome	4214326	C	A	0.527	0.477	0.477	0.511	0.498	0.482	0.503	0.477	0.512	0.551	0.514	0.448	0.506	0.551	0.508	0.494	0.501	0.496	0.524	0.472	0.443	0.506	0.555	0.525	0.537	0.51	0.476	0.49	0.5	0.517	0.491	0.534	0.5	0.535	0.554	0.536	0.506	0.524	0.531	0.543	0.486	0.537	0.498	0.516	0.526	0.513	0.503	0.516	0.544	0.495	0.458	0.492	0.5	0.562	0.611	0.663	0.526	0.493	0.332	0.53	0.503	0.497	0.501	0.527	0.52	0.503	0.483	0.401	0.495	
Chromosome	4214347	A	C	0.51	0.473	0.484	0.495	0.491	0.468	0.529	0.485	0.507	0.542	0.519	0.466	0.518	0.532	0.519	0.506	0.494	0.484	0.535	0.475	0.473	0.508	0.556	0.527	0.529	0.528	0.512	0.494	0.5	0.506	0.496	0.54	0.508	0.541	0.544	0.526	0.494	0.504	0.538	0.542	0.482	0.535	0.503	0.512	0.533	0.514	0.48	0.518	0.546	0.514	0.481	0.492	0.522	0.571	0.582	0.647	0.551	0.508	0.343	0.538	0.495	0.504	0.512	0.532	0.532	0.492	0.466	0.412	0.475	
Chromosome	4214560	C	A	0.452	0.458	0.465	0.518	0.466	0.463	0.491	0.468	0.49	0.489	0.515	0.533	0.441	0.444	0.525	0.503	0.477	0.478	0.474	0.465	0.544	0.5	0.53	0.506	0.48	0.485	0.401	0.533	0.478	0.449	0.475	0.494	0.517	0.505	0.538	0.511	0.494	0.476	0.515	0.485	0.48	0.481	0.502	0.45	0.481	0.478	0.497	0.486	0.431	0.453	0.479	0.42	0.509	0.49	0.472	0.509	0.462	0.494	0.408	0.494	0.506	0.43	0.524	0.498	0.496	0.442	0.432	0.326	0.498	
Chromosome	4214572	C	A	0.459	0.462	0.464	0.508	0.467	0.47	0.489	0.455	0.493	0.501	0.512	0.519	0.416	0.429	0.502	0.494	0.471	0.486	0.465	0.451	0.538	0.486	0.514	0.496	0.482	0.498	0.408	0.527	0.469	0.444	0.472	0.473	0.501	0.509	0.53	0.513	0.481	0.454	0.519	0.485	0.465	0.478	0.489	0.451	0.479	0.477	0.504	0.485	0.459	0.452	0.473	0.412	0.48	0.479	0.473	0.522	0.462	0.486	0.406	0.493	0.489	0.426	0.548	0.488	0.5	0.44	0.42	0.324	0.495	
Chromosome	4214624	G	T	0.448	0.434	0.435	0.469	0.439	0.407	0.451	0.392	0.476	0.485	0.462	0.487	0.407	0.436	0.455	0.444	0.45	0.447	0.459	0.447	0.524	0.416	0.5	0.464	0.442	0.441	0.378	0.51	0.412	0.391	0.45	0.471	0.45	0.476	0.503	0.453	0.439	0.427	0.477	0.418	0.416	0.428	0.461	0.421	0.448	0.435	0.464	0.448	0.438	0.421	0.397	0.385	0.465	0.463	0.462	0.491	0.472	0.401	0.378	0.451	0.436	0.409	0.507	0.467	0.444	0.409	0.377	0.333	0.511	
Chromosome	4214739	G	GT	0.34	0.332	0.338	0.351	0.336	0.327	0.362	0.324	0.36	0.327	0.316	0.395	0.304	0.332	0.352	0.324	0.364	0.304	0.32	0.368	0.472	0.392	0.342	0.38	0.312	0.339	0.353	0.34	0.358	0.313	0.303	0.316	0.331	0.287	0.317	0.332	0.332	0.321	0.353	0.327	0.388	0.339	0.358	0.305	0.333	0.32	0.334	0.355	0.331	0.371	0.301	0.321	0.371	0.352	0.367	0.535	0.391	0.331	0.26	0.338	0.314	0.329	0.357	0.306	0.309	0.303	0.304	0.266	0.329	
Chromosome	4214852	A	AG	0.06	0.065	0.056	0.076	0.083	0.022	0.047	0.026	0.058	0.067	0.049	0.074	0.043	0.078	0.072	0.05	0.058	0.023	0.048	0.069	0.07	0.099	0.049	0.107	0.048	0.074	0.046	0.047	0.057	0.059	0.07	0.045	0.05	0.037	0.051	0.087	0.069	0.061	0.07	0.066	0.067	0.066	0.062	0.073	0.066	0.044	0.084	0.064	0.024	0.074	0.088	0.054	0.039	0.069	0.048	0.065	0.06	0.058	0.082	0.057	0.058	0.053	0.097	0.015	0.066	0.073	0.054	0.058	0.045	
Chromosome	4214853	C	CAATGATCAATACCTGTGGAT	0.0	0.0	0.0	0.013	0.003	0.011	0.006	0.0	0.008	0.009	0.0	0.0	0.0	0.0	0.008	0.0	0.004	0.0	0.0	0.0	0.0	0.0	0.006	0.0	0.0	0.006	0.0	0.0	0.004	0.0	0.008	0.003	0.0	0.0	0.034	0.0	0.0	0.003	0.004	0.0	0.004	0.0	0.0	0.0	0.003	0.0	0.0	0.004	0.0	0.0	0.0	0.0	0.007	0.006	0.008	0.0	0.004	0.006	0.06	0.0	0.0	0.0	0.067	0.0	0.004	0.0	0.0	0.0	0.019	
Chromosome	4676705	T	G	0.075	0.205	0.109	0.151	0.138	0.0	0.124	0.277	0.162	0.132	0.14	0.039	0.244	0.272	0.285	0.092	0.163	0.137	0.157	0.163	0.119	0.176	0.208	0.197	0.215	0.242	0.197	0.156	0.123	0.141	0.112	0.112	0.138	0.159	0.0	0.189	0.069	0.097	0.064	0.118	0.188	0.203	0.087	0.094	0.093	0.112	0.085	0.097	0.21	0.171	0.255	0.26	0.242	0.227	0.189	0.238	0.173	0.136	0.0	0.078	0.095	0.071	0.0	0.15	0.115	0.058	0.061	0.055	0.0	
Chromosome	4709847	G	GC	0.017	0.189	0.005	0.022	0.019	0.017	0.011	0.19	0.015	0.018	0.005	0.125	0.014	0.0	0.0	0.005	0.014	0.01	0.242	0.188	0.0	0.276	0.932	0.022	0.0	0.014	0.008	0.005	0.119	0.014	0.012	0.036	0.01	0.008	0.0	0.023	0.007	0.011	0.23	0.234	0.157	0.0	0.007	0.0	0.007	0.018	0.004	0.002	0.0	0.006	0.008	0.007	0.007	0.02	0.018	0.0	0.007	0.009	0.006	0.011	0.02	0.008	0.006	0.014	0.021	0.027	0.012	0.08	0.018	
Chromosome	4724246	A	C	0.306	0.272	0.223	0.244	0.235	0.0	0.29	0.277	0.281	0.251	0.312	0.171	0.299	0.304	0.243	0.243	0.289	0.344	0.258	0.284	0.262	0.278	0.311	0.315	0.245	0.342	0.275	0.318	0.268	0.261	0.269	0.232	0.23	0.267	0.0	0.327	0.31	0.277	0.203	0.22	0.297	0.348	0.235	0.269	0.275	0.294	0.358	0.288	0.386	0.398	0.367	0.33	0.206	0.389	0.23	0.233	0.248	0.219	0.0	0.281	0.263	0.26	0.006	0.157	0.354	0.275	0.296	0.192	0.0	
Chromosome	4908698	G	GAACCGTCCTGGATCTGGTGGAGAC	0.0	0.045	0.0	0.0	0.0	0.0	0.0	0.0	0.0	0.0	0.0	0.0	0.0	0.0	0.0	0.0	0.0	0.0	0.0	0.0	0.0	0.0	0.0	0.0	0.0	0.0	0.0	0.0	0.0	0.0	0.0	0.0	0.0	0.0	0.0	0.0	0.0	0.0	0.0	0.0	0.0	0.0	0.0	0.0	0.0	0.0	0.0	0.0	0.0	0.0	0.0	0.0	0.0	0.0	0.0	0.0	0.0	0.0	0.0	0.0	0.0	0.0	0.0	0.0	0.0	0.0	0.0	0.0	0.0	
Chromosome	5046383	A	C	0.092	0.163	0.094	0.087	0.061	0.0	0.14	0.164	0.081	0.071	0.071	0.059	0.16	0.163	0.205	0.077	0.09	0.09	0.144	0.12	0.086	0.141	0.125	0.158	0.164	0.178	0.194	0.104	0.11	0.061	0.087	0.093	0.083	0.118	0.0	0.148	0.049	0.058	0.063	0.145	0.112	0.134	0.068	0.06	0.06	0.057	0.059	0.062	0.188	0.23	0.178	0.22	0.217	0.233	0.186	0.27	0.162	0.127	0.006	0.085	0.062	0.072	0.006	0.105	0.129	0.062	0.083	0.073	0.0	
Chromosome	5079752	A	G	0.0	0.221	0.0	0.0	0.005	0.0	0.0	0.0	0.0	0.0	0.0	0.0	0.0	0.0	0.0	0.0	0.0	0.0	0.0	0.0	0.0	0.0	0.0	0.0	0.0	0.0	0.0	0.0	0.0	0.0	0.0	0.0	0.0	0.0	0.0	0.0	0.0	0.0	0.0	0.0	0.0	0.0	0.0	0.0	0.0	0.0	0.0	0.0	0.0	0.0	0.0	0.0	0.0	0.0	0.0	0.0	0.0	0.0	0.0	0.0	0.0	0.0	0.0	0.0	0.0	0.0	0.0	0.0	0.0	
Chromosome	5115098	T	G	0.203	0.23	0.117	0.157	0.136	0.0	0.202	0.17	0.113	0.104	0.193	0.112	0.185	0.181	0.17	0.122	0.181	0.177	0.203	0.152	0.12	0.172	0.24	0.193	0.168	0.195	0.252	0.196	0.08	0.124	0.114	0.093	0.149	0.18	0.0	0.162	0.155	0.165	0.104	0.105	0.139	0.166	0.184	0.194	0.162	0.141	0.142	0.205	0.204	0.177	0.174	0.184	0.222	0.152	0.177	0.15	0.094	0.092	0.0	0.207	0.193	0.156	0.0	0.074	0.164	0.141	0.178	0.228	0.0	
Chromosome	5461789	T	G	0.108	0.33	0.225	0.197	0.174	0.0	0.357	0.352	0.179	0.278	0.232	0.107	0.359	0.451	0.46	0.412	0.349	0.333	0.346	0.5	0.404	0.315	0.39	0.494	0.459	0.457	0.602	0.455	0.442	0.239	0.237	0.217	0.231	0.409	0.008	0.326	0.174	0.22	0.145	0.316	0.327	0.353	0.17	0.168	0.167	0.181	0.164	0.215	0.327	0.487	0.46	0.532	0.438	0.44	0.413	0.6	0.472	0.342	0.011	0.163	0.144	0.082	0.006	0.263	0.33	0.118	0.137	0.175	0.01	
Chromosome	5499679	C	A	0.0	0.201	0.0	0.0	0.0	0.0	0.0	0.0	0.004	0.0	0.003	0.0	0.0	0.0	0.0	0.0	0.0	0.0	0.0	0.0	0.0	0.0	0.0	0.0	0.0	0.0	0.0	0.004	0.0	0.0	0.0	0.0	0.0	0.0	0.006	0.0	0.0	0.0	0.0	0.0	0.0	0.004	0.0	0.0	0.0	0.0	0.0	0.0	0.0	0.0	0.0	0.0	0.0	0.0	0.008	0.0	0.0	0.0	0.0	0.0	0.0	0.003	0.0	0.0	0.0	0.0	0.0	0.0	0.0	
Chromosome	5693406	T	G	0.162	0.25	0.143	0.16	0.117	0.0	0.274	0.366	0.142	0.131	0.201	0.044	0.177	0.348	0.288	0.23	0.181	0.171	0.255	0.204	0.343	0.196	0.286	0.353	0.279	0.213	0.363	0.268	0.273	0.18	0.182	0.141	0.149	0.218	0.0	0.174	0.12	0.115	0.081	0.186	0.262	0.214	0.119	0.154	0.11	0.164	0.167	0.141	0.206	0.369	0.397	0.244	0.485	0.293	0.259	0.4	0.247	0.303	0.0	0.162	0.132	0.16	0.0	0.065	0.238	0.18	0.12	0.134	0.0	
Chromosome	5939331	T	G	0.153	0.197	0.166	0.168	0.132	0.0	0.209	0.255	0.132	0.121	0.19	0.062	0.29	0.182	0.317	0.126	0.208	0.176	0.195	0.123	0.042	0.214	0.3	0.291	0.227	0.261	0.259	0.22	0.148	0.133	0.12	0.116	0.168	0.195	0.007	0.239	0.155	0.195	0.073	0.089	0.139	0.177	0.148	0.178	0.174	0.158	0.17	0.189	0.233	0.267	0.262	0.258	0.286	0.273	0.257	0.125	0.138	0.11	0.013	0.146	0.164	0.131	0.0	0.083	0.215	0.136	0.176	0.134	0.0	
Chromosome	6034663	T	TG	0.0	0.153	0.0	0.0	0.0	0.0	0.0	0.0	0.003	0.0	0.0	0.0	0.007	0.0	0.0	0.004	0.0	0.0	0.0	0.0	0.0	0.0	0.0	0.0	0.007	0.0	0.0	0.004	0.0	0.0	0.0	0.0	0.0	0.0	0.0	0.0	0.0	0.0	0.0	0.0	0.004	0.0	0.006	0.0	0.0	0.0	0.0	0.0	0.0	0.0	0.0	0.0	0.0	0.0	0.0	0.0	0.0	0.0	0.0	0.0	0.0	0.0	0.0	0.0	0.0	0.0	0.003	0.0	0.0	
Chromosome	6135889	T	G	0.068	0.162	0.118	0.12	0.104	0.0	0.145	0.183	0.136	0.144	0.178	0.045	0.228	0.201	0.267	0.148	0.14	0.163	0.132	0.127	0.141	0.179	0.236	0.245	0.292	0.219	0.175	0.139	0.158	0.108	0.13	0.168	0.131	0.147	0.016	0.134	0.068	0.057	0.079	0.151	0.15	0.174	0.062	0.082	0.079	0.098	0.069	0.092	0.274	0.24	0.203	0.239	0.27	0.2	0.227	0.194	0.173	0.166	0.006	0.066	0.11	0.081	0.0	0.105	0.157	0.095	0.071	0.067	0.007	
Chromosome	6274567	A	G	0.0	0.627	0.0	0.0	0.0	0.0	0.0	0.0	0.0	0.0	0.0	0.004	0.0	0.0	0.0	0.0	0.249	0.0	0.283	0.0	0.0	0.0	0.0	0.0	0.0	0.0	0.006	0.0	0.0	0.0	0.0	0.0	0.0	0.0	0.0	0.004	0.0	0.0	0.0	0.0	0.0	0.0	0.0	0.0	0.0	0.0	0.0	0.0	0.0	0.0	0.0	0.0	0.0	0.0	0.0	0.0	0.0	0.0	0.0	0.0	0.002	0.0	0.0	0.0	0.0	0.0	0.0	0.0	0.047	
Chromosome	6399090	A	C	0.0	0.192	0.0	0.0	0.0	0.0	0.0	0.007	0.0	0.0	0.0	0.0	0.0	0.0	0.0	0.0	0.005	0.0	0.0	0.0	0.0	0.01	0.0	0.0	0.0	0.007	0.0	0.004	0.0	0.0	0.0	0.0	0.0	0.0	0.01	0.0	0.0	0.0	0.0	0.0	0.0	0.0	0.0	0.004	0.003	0.0	0.0	0.002	0.0	0.0	0.0	0.0	0.0	0.0	0.0	0.0	0.0	0.0	0.004	0.0	0.0	0.0	0.0	0.0	0.0	0.0	0.002	0.0	0.006	
Chromosome	6458276	T	G	0.134	0.131	0.119	0.164	0.163	0.0	0.146	0.179	0.127	0.101	0.114	0.135	0.17	0.152	0.155	0.139	0.152	0.154	0.131	0.152	0.081	0.123	0.133	0.088	0.157	0.154	0.132	0.136	0.123	0.148	0.145	0.118	0.147	0.176	0.005	0.155	0.113	0.143	0.093	0.174	0.168	0.144	0.155	0.125	0.07	0.11	0.117	0.096	0.135	0.134	0.165	0.195	0.145	0.197	0.138	0.026	0.106	0.125	0.0	0.105	0.119	0.112	0.0	0.107	0.149	0.103	0.122	0.066	0.0	
Chromosome	6495873	A	C	0.0	0.196	0.0	0.0	0.003	0.004	0.0	0.0	0.0	0.0	0.003	0.007	0.0	0.0	0.0	0.0	0.0	0.0	0.0	0.003	0.0	0.0	0.005	0.0	0.0	0.012	0.0	0.0	0.0	0.0	0.003	0.0	0.0	0.0	0.0	0.0	0.003	0.003	0.0	0.0	0.0	0.0	0.0	0.004	0.0	0.0	0.0	0.0	0.0	0.0	0.0	0.0	0.0	0.0	0.0	0.0	0.0	0.0	0.0	0.0	0.0	0.002	0.005	0.0	0.0	0.002	0.0	0.002	0.027	
Chromosome	6618596	T	G	0.013	0.122	0.0	0.004	0.004	0.0	0.047	0.006	0.006	0.011	0.006	0.005	0.0	0.006	0.006	0.012	0.045	0.074	0.06	0.007	0.0	0.0	0.018	0.022	0.0	0.007	0.018	0.014	0.004	0.0	0.0	0.007	0.0	0.114	0.0	0.0	0.006	0.0	0.0	0.005	0.004	0.009	0.0	0.002	0.013	0.0	0.0	0.005	0.0	0.011	0.006	0.005	0.021	0.0	0.007	0.0	0.009	0.003	0.0	0.005	0.005	0.0	0.0	0.006	0.01	0.003	0.004	0.003	0.0	
Chromosome	6631480	A	C	0.006	0.11	0.005	0.0	0.0	0.0	0.014	0.014	0.0	0.0	0.004	0.0	0.0	0.0	0.0	0.0	0.031	0.0	0.015	0.0	0.0	0.0	0.0	0.023	0.013	0.0	0.0	0.004	0.004	0.0	0.0	0.0	0.004	0.017	0.0	0.006	0.004	0.003	0.0	0.0	0.005	0.0	0.003	0.0	0.0	0.0	0.0	0.004	0.007	0.0	0.013	0.0	0.018	0.0	0.007	0.0	0.011	0.003	0.0	0.0	0.0	0.0	0.0	0.014	0.01	0.0	0.003	0.0	0.0	
Chromosome	6687524	T	G	0.332	0.447	0.288	0.226	0.232	0.0	0.368	0.578	0.204	0.318	0.328	0.115	0.434	0.459	0.475	0.46	0.342	0.451	0.34	0.425	0.429	0.333	0.458	0.512	0.505	0.57	0.53	0.45	0.446	0.277	0.215	0.257	0.276	0.432	0.0	0.394	0.27	0.319	0.195	0.291	0.372	0.348	0.285	0.314	0.265	0.299	0.311	0.257	0.525	0.611	0.5	0.592	0.5	0.471	0.426	0.429	0.311	0.333	0.004	0.296	0.303	0.247	0.012	0.245	0.444	0.289	0.293	0.267	0.005	
Chromosome	6687528	A	C	0.244	0.326	0.224	0.173	0.167	0.0	0.269	0.322	0.207	0.15	0.229	0.107	0.313	0.357	0.407	0.284	0.231	0.246	0.307	0.265	0.238	0.328	0.408	0.36	0.439	0.354	0.333	0.258	0.284	0.185	0.181	0.192	0.207	0.293	0.0	0.336	0.172	0.197	0.104	0.195	0.262	0.354	0.192	0.214	0.197	0.215	0.216	0.228	0.308	0.34	0.513	0.419	0.408	0.281	0.349	0.174	0.209	0.259	0.005	0.255	0.226	0.241	0.0	0.173	0.223	0.171	0.215	0.24	0.0	
Chromosome	6737505	A	C	0.0	0.222	0.0	0.005	0.0	0.0	0.0	0.007	0.0	0.0	0.004	0.0	0.013	0.008	0.007	0.004	0.004	0.005	0.0	0.0	0.007	0.0	0.0	0.0	0.0	0.007	0.0	0.008	0.005	0.0	0.004	0.0	0.0	0.0	0.0	0.006	0.0	0.0	0.0	0.0	0.0	0.0	0.003	0.0	0.003	0.0	0.0	0.002	0.0	0.0	0.0	0.006	0.006	0.0	0.0	0.0	0.0	0.0	0.0	0.003	0.003	0.003	0.0	0.0	0.005	0.0	0.003	0.0	0.0	
Chromosome	6746992	T	G	0.0	0.158	0.004	0.0	0.0	0.004	0.0	0.0	0.0	0.0	0.0	0.006	0.0	0.0	0.0	0.0	0.01	0.0	0.006	0.0	0.0	0.0	0.007	0.0	0.0	0.0	0.0	0.0	0.0	0.0	0.0	0.0	0.004	0.0	0.0	0.0	0.0	0.0	0.0	0.0	0.0	0.0	0.0	0.0	0.0	0.0	0.0	0.0	0.0	0.0	0.006	0.0	0.0	0.0	0.0	0.0	0.0	0.0	0.0	0.0	0.0	0.003	0.0	0.0	0.0	0.0	0.0	0.003	0.0	
Chromosome	6780010	T	G	0.039	0.111	0.037	0.054	0.057	0.005	0.077	0.058	0.065	0.042	0.057	0.058	0.04	0.07	0.107	0.086	0.078	0.037	0.06	0.1	0.081	0.081	0.062	0.069	0.104	0.079	0.083	0.097	0.05	0.083	0.072	0.067	0.079	0.077	0.0	0.071	0.05	0.061	0.027	0.07	0.062	0.066	0.054	0.044	0.063	0.063	0.044	0.1	0.063	0.056	0.11	0.074	0.076	0.059	0.102	0.067	0.055	0.078	0.005	0.057	0.045	0.046	0.005	0.071	0.056	0.054	0.07	0.034	0.0	
Chromosome	6897279	C	A	0.0	0.162	0.0	0.0	0.0	0.314	0.0	0.006	0.003	0.0	0.0	0.0	0.008	0.0	0.0	0.0	0.0	0.0	0.0	0.0	0.0	0.0	0.0	0.0	0.0	0.0	0.007	0.0	0.0	0.003	0.0	0.0	0.0	0.0	0.0	0.0	0.0	0.003	0.0	0.0	0.0	0.0	0.0	0.0	0.0	0.0	0.0	0.0	0.0	0.0	0.0	0.0	0.0	0.0	0.0	0.0	0.0	0.0	0.0	0.0	0.0	0.0	0.0	0.0	0.0	0.0	0.0	0.0	0.074	
Chromosome	6923330	T	G	0.29	0.392	0.333	0.374	0.324	0.0	0.372	0.376	0.36	0.294	0.352	0.253	0.352	0.347	0.411	0.365	0.397	0.421	0.319	0.472	0.587	0.472	0.467	0.396	0.397	0.383	0.427	0.39	0.423	0.307	0.372	0.351	0.382	0.322	0.0	0.42	0.258	0.264	0.271	0.46	0.412	0.466	0.31	0.292	0.261	0.261	0.294	0.261	0.339	0.411	0.474	0.417	0.493	0.471	0.507	0.588	0.413	0.437	0.0	0.261	0.3	0.279	0.006	0.265	0.283	0.236	0.273	0.232	0.014	
Chromosome	6923335	A	C	0.23	0.328	0.218	0.259	0.206	0.0	0.267	0.26	0.252	0.207	0.223	0.167	0.234	0.256	0.336	0.232	0.278	0.272	0.238	0.286	0.424	0.346	0.358	0.269	0.266	0.289	0.295	0.29	0.264	0.244	0.278	0.245	0.262	0.236	0.01	0.306	0.218	0.217	0.208	0.327	0.244	0.268	0.226	0.219	0.207	0.23	0.25	0.221	0.193	0.284	0.285	0.279	0.267	0.254	0.292	0.273	0.329	0.279	0.01	0.233	0.221	0.207	0.0	0.144	0.213	0.18	0.201	0.24	0.007	
