chromosome	pos	ref	mut	APAW	F3	CLFA	CLFB	CLFC	F1	F2	MockF	RIFA	RIFB	RIFC	Ana1	BedA	BedB	BedC	BedD	CipA	CipB	CipC	CombA2	CombA3	CombA	CombAu1	CombAu3	CombAu5	CombB	CombC	CycloA	CycloB	CycloC	EMBA	EMBB	EMBC	H1	H2	H3	INH1	INH2	INHA	LzdA	LzdB	LzdC	M91	M92	M9B	MMCA	MMCB	MMCC	MockA	MockB	MockC	MockD	MockE	MockG	MockH	MockI	MockJ	MockK	MockL	NANOA	NANOB	NANOC	S1	S2	S3	UV1	UV2	UV3	WT_Msm
Chromosome	64992	T	G	0.148	0.283	0.174	0.157	0.208	0.028	0.22	0.373	0.23	0.221	0.22	0.15	0.294	0.305	0.25	0.251	0.171	0.238	0.23	0.27	0.26	0.276	0.337	0.376	0.369	0.325	0.306	0.257	0.188	0.17	0.184	0.168	0.178	0.287	0.022	0.29	0.136	0.128	0.12	0.298	0.246	0.302	0.176	0.125	0.14	0.193	0.177	0.154	0.349	0.34	0.421	0.366	0.394	0.364	0.368	0.222	0.261	0.27	0.006	0.189	0.15	0.113	0.015	0.195	0.228	0.121	0.148	0.162	0.067	
Chromosome	65001	A	C	0.148	0.25	0.211	0.201	0.171	0.0	0.255	0.336	0.242	0.174	0.21	0.099	0.358	0.298	0.298	0.303	0.251	0.247	0.336	0.294	0.235	0.371	0.396	0.439	0.471	0.317	0.361	0.23	0.254	0.219	0.232	0.221	0.235	0.265	0.007	0.304	0.163	0.164	0.131	0.226	0.254	0.251	0.248	0.182	0.174	0.208	0.158	0.185	0.345	0.429	0.337	0.325	0.398	0.387	0.371	0.324	0.272	0.256	0.0	0.119	0.196	0.172	0.0	0.172	0.219	0.17	0.17	0.152	0.0	
Chromosome	78467	G	A	0.0	0.224	0.0	0.0	0.0	0.0	0.0	0.0	0.0	0.0	0.0	0.0	0.0	0.0	0.0	0.0	0.0	0.0	0.0	0.0	0.0	0.0	0.0	0.0	0.0	0.0	0.0	0.0	0.0	0.0	0.004	0.0	0.0	0.0	0.0	0.0	0.0	0.0	0.0	0.0	0.0	0.0	0.0	0.0	0.0	0.0	0.0	0.0	0.0	0.0	0.0	0.0	0.0	0.0	0.0	0.0	0.0	0.0	0.0	0.0	0.0	0.0	0.004	0.0	0.0	0.0	0.0	0.0	0.0	
Chromosome	424972	A	G	0.0	0.19	0.0	0.0	0.0	0.0	0.24	0.0	0.0	0.0	0.003	0.0	0.0	0.0	0.0	0.0	0.0	0.0	0.0	0.0	0.0	0.0	0.0	0.0	0.0	0.0	0.0	0.0	0.0	0.0	0.0	0.0	0.0	0.201	0.808	0.0	0.003	0.0	0.0	0.0	0.004	0.0	0.0	0.0	0.0	0.0	0.0	0.0	0.0	0.0	0.0	0.0	0.0	0.0	0.0	0.0	0.0	0.0	0.0	0.0	0.0	0.0	0.662	0.166	0.443	0.0	0.002	0.0	0.22	
Chromosome	579280	T	G	0.0	0.124	0.004	0.004	0.0	0.009	0.087	0.007	0.0	0.004	0.0	0.0	0.0	0.0	0.0	0.0	0.043	0.051	0.143	0.01	0.0	0.0	0.0	0.0	0.0	0.0	0.0	0.0	0.0	0.003	0.004	0.007	0.02	0.087	0.011	0.0	0.0	0.003	0.0	0.0	0.0	0.0	0.003	0.014	0.003	0.002	0.034	0.0	0.0	0.0	0.0	0.0	0.01	0.0	0.0	0.0	0.0	0.0	0.0	0.0	0.0	0.0	0.004	0.004	0.02	0.0	0.0	0.0	0.0	
Chromosome	706123	T	G	0.145	0.181	0.158	0.104	0.112	0.0	0.209	0.225	0.11	0.167	0.186	0.094	0.195	0.196	0.2	0.155	0.187	0.222	0.226	0.173	0.132	0.2	0.212	0.221	0.237	0.163	0.243	0.209	0.172	0.167	0.155	0.149	0.15	0.209	0.006	0.205	0.167	0.092	0.128	0.159	0.108	0.251	0.16	0.141	0.143	0.106	0.158	0.138	0.219	0.212	0.236	0.263	0.204	0.25	0.253	0.205	0.168	0.171	0.005	0.139	0.15	0.164	0.005	0.114	0.151	0.162	0.134	0.171	0.007	
Chromosome	884880	T	A	0.0	0.169	0.0	0.0	0.0	0.0	0.0	0.0	0.0	0.0	0.003	0.0	0.0	0.0	0.0	0.0	0.0	0.0	0.0	0.009	0.0	0.0	0.0	0.0	0.008	0.0	0.0	0.0	0.0	0.0	0.0	0.0	0.004	0.0	0.0	0.0	0.0	0.003	0.0	0.0	0.004	0.0	0.007	0.0	0.0	0.003	0.0	0.0	0.008	0.0	0.0	0.0	0.0	0.0	0.0	0.0	0.0	0.0	0.0	0.003	0.0	0.0	0.0	0.0	0.0	0.0	0.0	0.0	0.0	
Chromosome	1152126	T	C	0.0	0.239	0.0	0.0	0.0	0.0	0.0	0.0	0.0	0.0	0.0	0.0	0.0	0.0	0.0	0.0	0.0	0.0	0.0	0.0	0.0	0.0	0.0	0.0	0.0	0.0	0.0	0.0	0.0	0.0	0.0	0.0	0.0	0.0	0.0	0.0	0.0	0.0	0.0	0.0	0.0	0.0	0.0	0.0	0.0	0.0	0.0	0.0	0.0	0.0	0.0	0.0	0.0	0.0	0.0	0.0	0.0	0.0	0.0	0.0	0.003	0.0	0.0	0.0	0.0	0.0	0.0	0.0	0.0	
Chromosome	1324951	CCTGGATGG	C	0.022	0.113	0.008	0.004	0.004	0.009	0.005	0.007	0.0	0.005	0.017	0.0	0.007	0.009	0.0	0.005	0.004	0.0	0.0	0.0	0.0	0.021	0.006	0.014	0.008	0.0	0.008	0.004	0.014	0.01	0.012	0.008	0.014	0.018	0.014	0.01	0.007	0.01	0.009	0.0	0.004	0.012	0.006	0.008	0.006	0.003	0.01	0.148	0.0	0.007	0.0	0.0	0.006	0.026	0.0	0.019	0.0	0.011	0.009	0.01	0.01	0.013	0.005	0.007	0.13	0.009	0.002	0.006	0.0	
Chromosome	1341535	T	TGGCTCTTCGCACTTGACGGTGTAGAGA	0.0	0.0	0.0	0.0	0.0	0.0	0.0	0.0	0.0	0.0	0.0	0.0	0.0	0.0	0.0	0.0	0.0	0.0	0.0	0.0	0.0	0.0	0.0	0.0	0.0	0.0	0.0	0.0	0.0	0.0	0.0	0.0	0.0	0.0	0.0	0.0	0.0	0.0	0.0	0.0	0.0	0.0	0.0	0.0	0.0	0.0	0.0	0.0	0.0	0.0	0.0	0.0	0.0	0.0	0.0	0.0	0.0	0.0	0.0	0.0	0.0	0.0	0.0	0.0	0.0	0.0	0.0	0.0	0.0	
Chromosome	1341539	C	T	0.265	0.286	0.198	0.197	0.256	0.245	0.239	0.393	0.227	0.297	0.226	0.286	0.222	0.132	0.114	0.164	0.241	0.046	0.096	0.426	0.413	0.229	0.239	0.231	0.269	0.231	0.273	0.23	0.162	0.33	0.274	0.301	0.25	0.333	0.091	0.235	0.329	0.26	0.25	0.281	0.143	0.238	0.241	0.237	0.194	0.309	0.226	0.261	0.286	0.314	0.278	0.129	0.179	0.132	0.323	0.308	0.5	0.196	0.205	0.324	0.21	0.25	0.17	0.364	0.18	0.301	0.277	0.344	0.109	
Chromosome	1370320	A	C	0.114	0.192	0.034	0.088	0.038	0.0	0.11	0.113	0.047	0.028	0.101	0.037	0.219	0.163	0.168	0.05	0.152	0.139	0.204	0.046	0.065	0.125	0.112	0.159	0.161	0.174	0.137	0.214	0.035	0.064	0.055	0.079	0.046	0.122	0.006	0.151	0.113	0.08	0.046	0.082	0.036	0.195	0.098	0.066	0.091	0.077	0.09	0.105	0.194	0.158	0.091	0.137	0.136	0.144	0.164	0.032	0.028	0.077	0.0	0.06	0.099	0.091	0.006	0.047	0.166	0.09	0.099	0.066	0.0	
Chromosome	1385245	A	C	0.089	0.172	0.184	0.178	0.179	0.006	0.14	0.135	0.197	0.17	0.174	0.083	0.153	0.126	0.137	0.108	0.179	0.161	0.137	0.172	0.167	0.203	0.158	0.089	0.115	0.1	0.134	0.105	0.096	0.155	0.121	0.189	0.165	0.144	0.012	0.157	0.103	0.121	0.082	0.158	0.167	0.164	0.091	0.126	0.105	0.125	0.124	0.099	0.154	0.137	0.14	0.131	0.114	0.198	0.075	0.186	0.132	0.158	0.0	0.117	0.139	0.103	0.0	0.124	0.121	0.1	0.09	0.115	0.007	
Chromosome	1630318	T	G	0.209	0.3	0.251	0.242	0.241	0.0	0.324	0.273	0.2	0.262	0.312	0.14	0.274	0.24	0.223	0.211	0.241	0.323	0.346	0.216	0.269	0.308	0.204	0.24	0.24	0.225	0.236	0.273	0.188	0.238	0.24	0.211	0.205	0.303	0.0	0.232	0.227	0.171	0.165	0.206	0.276	0.304	0.231	0.168	0.17	0.21	0.206	0.191	0.236	0.276	0.297	0.299	0.265	0.263	0.289	0.233	0.225	0.262	0.006	0.196	0.212	0.18	0.006	0.236	0.331	0.207	0.179	0.201	0.0	
Chromosome	1777808	T	G	0.136	0.225	0.197	0.152	0.117	0.0	0.273	0.355	0.166	0.14	0.204	0.099	0.308	0.231	0.302	0.225	0.17	0.172	0.188	0.255	0.298	0.209	0.274	0.294	0.347	0.333	0.294	0.256	0.269	0.151	0.161	0.188	0.14	0.242	0.0	0.231	0.151	0.125	0.154	0.254	0.219	0.216	0.156	0.201	0.117	0.143	0.2	0.164	0.257	0.379	0.277	0.347	0.309	0.407	0.326	0.425	0.321	0.291	0.014	0.162	0.16	0.126	0.0	0.195	0.275	0.128	0.145	0.141	0.0	
Chromosome	1777813	T	G	0.226	0.299	0.226	0.243	0.179	0.004	0.286	0.391	0.237	0.182	0.32	0.168	0.269	0.253	0.331	0.182	0.259	0.266	0.28	0.185	0.263	0.25	0.276	0.271	0.349	0.337	0.257	0.249	0.19	0.225	0.237	0.221	0.19	0.278	0.0	0.328	0.269	0.273	0.161	0.161	0.168	0.281	0.23	0.259	0.193	0.223	0.335	0.237	0.299	0.314	0.305	0.335	0.327	0.387	0.38	0.273	0.235	0.207	0.0	0.232	0.204	0.2	0.005	0.206	0.35	0.224	0.23	0.221	0.006	
Chromosome	1904979	A	G	0.0	0.186	0.0	0.0	0.0	0.0	0.0	0.0	0.0	0.0	0.0	0.0	0.0	0.0	0.0	0.0	0.0	0.005	0.0	0.0	0.0	0.0	0.0	0.0	0.0	0.006	0.0	0.0	0.0	0.0	0.0	0.0	0.0	0.0	0.0	0.0	0.0	0.0	0.0	0.0	0.0	0.0	0.0	0.0	0.0	0.0	0.0	0.0	0.0	0.0	0.0	0.0	0.0	0.0	0.0	0.0	0.0	0.0	0.0	0.0	0.0	0.0	0.0	0.0	0.0	0.0	0.0	0.0	0.0	
Chromosome	2154684	A	C	0.121	0.217	0.17	0.116	0.126	0.0	0.181	0.219	0.13	0.135	0.153	0.091	0.229	0.244	0.25	0.191	0.211	0.185	0.166	0.193	0.22	0.242	0.335	0.162	0.229	0.196	0.227	0.176	0.184	0.141	0.155	0.101	0.142	0.134	0.013	0.182	0.084	0.077	0.086	0.211	0.224	0.244	0.088	0.105	0.099	0.111	0.089	0.112	0.217	0.227	0.209	0.192	0.223	0.286	0.241	0.346	0.211	0.153	0.0	0.116	0.13	0.093	0.0	0.093	0.173	0.123	0.096	0.109	0.0	
Chromosome	2195144	T	G	0.142	0.254	0.162	0.072	0.084	0.0	0.202	0.208	0.15	0.156	0.186	0.092	0.217	0.177	0.189	0.099	0.226	0.268	0.225	0.129	0.1	0.244	0.254	0.201	0.19	0.203	0.194	0.234	0.093	0.124	0.058	0.129	0.163	0.218	0.006	0.251	0.164	0.174	0.063	0.107	0.083	0.205	0.161	0.17	0.181	0.164	0.145	0.177	0.233	0.247	0.229	0.25	0.221	0.22	0.191	0.147	0.07	0.083	0.0	0.171	0.199	0.159	0.006	0.068	0.187	0.196	0.16	0.124	0.0	
Chromosome	2224338	G	GGCGTGACGAGGTCAGATGCCGACC	0.512	0.442	0.508	0.377	0.481	0.364	0.571	0.5	0.479	0.5	0.687	0.4	0.529	0.452	0.526	0.458	0.51	0.468	0.391	0.48	0.556	0.667	0.582	0.439	0.484	0.55	0.614	0.562	0.453	0.455	0.581	0.577	0.597	0.538	0.204	0.56	0.517	0.567	0.456	0.634	0.483	0.611	0.543	0.571	0.532	0.488	0.536	0.495	0.519	0.613	0.545	0.533	0.591	0.474	0.744	0.562	0.538	0.5	0.354	0.504	0.531	0.582	0.417	0.537	0.571	0.553	0.574	0.447	0.333	
Chromosome	2229493	A	C	0.079	0.147	0.084	0.108	0.138	0.0	0.181	0.087	0.089	0.107	0.092	0.068	0.138	0.169	0.092	0.09	0.131	0.115	0.157	0.165	0.079	0.234	0.19	0.183	0.123	0.122	0.154	0.181	0.107	0.102	0.127	0.119	0.101	0.15	0.006	0.197	0.073	0.063	0.066	0.108	0.135	0.13	0.087	0.103	0.079	0.108	0.071	0.059	0.164	0.104	0.179	0.166	0.164	0.115	0.178	0.143	0.131	0.14	0.006	0.089	0.107	0.077	0.0	0.116	0.104	0.089	0.079	0.047	0.008	
Chromosome	2579189	A	C	0.173	0.263	0.219	0.219	0.213	0.006	0.273	0.281	0.154	0.254	0.234	0.134	0.268	0.276	0.242	0.322	0.271	0.222	0.31	0.261	0.246	0.282	0.237	0.297	0.183	0.206	0.319	0.253	0.25	0.187	0.23	0.232	0.224	0.274	0.0	0.395	0.248	0.226	0.202	0.275	0.243	0.239	0.21	0.225	0.223	0.277	0.259	0.226	0.283	0.34	0.287	0.219	0.263	0.333	0.308	0.238	0.256	0.256	0.0	0.225	0.219	0.226	0.0	0.226	0.303	0.26	0.238	0.244	0.013	
Chromosome	2579192	T	G	0.107	0.159	0.126	0.119	0.105	0.006	0.187	0.163	0.096	0.164	0.174	0.06	0.159	0.18	0.16	0.157	0.187	0.17	0.28	0.096	0.071	0.119	0.179	0.172	0.108	0.134	0.197	0.16	0.117	0.09	0.132	0.11	0.222	0.172	0.006	0.26	0.141	0.143	0.079	0.125	0.112	0.129	0.099	0.097	0.119	0.135	0.165	0.156	0.158	0.17	0.15	0.136	0.15	0.194	0.164	0.087	0.135	0.125	0.006	0.134	0.111	0.089	0.005	0.093	0.161	0.111	0.142	0.084	0.0	
Chromosome	2794622	A	C	0.105	0.135	0.088	0.08	0.105	0.006	0.188	0.209	0.126	0.114	0.117	0.072	0.139	0.187	0.188	0.168	0.172	0.177	0.178	0.192	0.193	0.205	0.198	0.168	0.164	0.145	0.173	0.197	0.249	0.132	0.128	0.111	0.126	0.164	0.0	0.156	0.089	0.105	0.088	0.131	0.144	0.177	0.102	0.077	0.077	0.057	0.105	0.106	0.162	0.188	0.185	0.234	0.217	0.219	0.172	0.319	0.214	0.16	0.0	0.08	0.072	0.092	0.012	0.123	0.155	0.072	0.086	0.084	0.014	
Chromosome	2946508	A	C	0.246	0.318	0.125	0.082	0.143	0.007	0.327	0.168	0.159	0.182	0.219	0.101	0.217	0.231	0.185	0.093	0.214	0.243	0.283	0.089	0.048	0.182	0.213	0.25	0.216	0.198	0.211	0.218	0.103	0.136	0.094	0.074	0.169	0.269	0.007	0.321	0.226	0.268	0.122	0.069	0.05	0.24	0.201	0.204	0.213	0.197	0.281	0.231	0.284	0.258	0.273	0.293	0.171	0.185	0.333	0.056	0.071	0.058	0.0	0.227	0.227	0.227	0.013	0.123	0.293	0.23	0.269	0.168	0.01	
Chromosome	2954124	T	G	0.0	0.159	0.0	0.005	0.005	0.011	0.0	0.008	0.004	0.0	0.0	0.0	0.0	0.0	0.0	0.006	0.0	0.007	0.0	0.0	0.009	0.0	0.0	0.0	0.0	0.017	0.008	0.006	0.0	0.0	0.005	0.004	0.005	0.006	0.006	0.0	0.004	0.008	0.0	0.0	0.0	0.01	0.0	0.003	0.0	0.0	0.0	0.005	0.0	0.008	0.011	0.008	0.009	0.0	0.023	0.0	0.009	0.0	0.019	0.002	0.003	0.007	0.0	0.0	0.013	0.0	0.003	0.003	0.021	
Chromosome	2954126	GTT	G	0.0	0.151	0.0	0.0	0.018	0.0	0.007	0.0	0.004	0.011	0.008	0.0	0.0	0.0	0.0	0.006	0.0	0.0	0.0	0.007	0.0	0.0	0.007	0.0	0.009	0.0	0.033	0.006	0.0	0.008	0.015	0.0	0.0	0.0	0.019	0.008	0.004	0.004	0.004	0.0	0.0	0.01	0.01	0.003	0.007	0.007	0.004	0.005	0.01	0.0	0.0	0.0	0.0	0.0	0.0	0.0	0.0	0.0	0.006	0.002	0.006	0.003	0.0	0.005	0.006	0.007	0.0	0.009	0.007	
Chromosome	3123419	A	C	0.066	0.15	0.111	0.086	0.057	0.0	0.143	0.133	0.095	0.087	0.071	0.038	0.163	0.164	0.202	0.122	0.132	0.169	0.154	0.139	0.181	0.183	0.142	0.163	0.156	0.182	0.123	0.145	0.134	0.113	0.084	0.097	0.073	0.112	0.0	0.125	0.053	0.05	0.058	0.206	0.163	0.132	0.048	0.065	0.077	0.051	0.041	0.065	0.117	0.118	0.252	0.191	0.187	0.16	0.174	0.208	0.126	0.105	0.008	0.075	0.07	0.049	0.0	0.117	0.195	0.055	0.044	0.049	0.009	
Chromosome	3123426	T	G	0.146	0.24	0.243	0.218	0.161	0.006	0.287	0.33	0.226	0.19	0.214	0.126	0.244	0.243	0.258	0.263	0.228	0.21	0.237	0.27	0.245	0.343	0.197	0.273	0.209	0.254	0.204	0.286	0.241	0.283	0.173	0.237	0.205	0.205	0.0	0.195	0.135	0.095	0.131	0.256	0.257	0.206	0.154	0.163	0.142	0.155	0.113	0.163	0.248	0.169	0.377	0.25	0.245	0.227	0.246	0.348	0.246	0.188	0.0	0.189	0.178	0.115	0.007	0.176	0.237	0.123	0.119	0.135	0.0	
Chromosome	3348553	T	A	0.0	0.133	0.0	0.0	0.0	0.0	0.0	0.0	0.0	0.0	0.0	0.0	0.0	0.009	0.0	0.0	0.0	0.0	0.0	0.0	0.0	0.01	0.0	0.0	0.0	0.0	0.0	0.0	0.0	0.004	0.0	0.0	0.005	0.0	0.0	0.0	0.0	0.0	0.004	0.0	0.0	0.0	0.0	0.0	0.0	0.0	0.0	0.0	0.012	0.0	0.0	0.0	0.0	0.0	0.009	0.0	0.0	0.0	0.0	0.0	0.0	0.003	0.0	0.0	0.006	0.0	0.0	0.0	0.0	
Chromosome	3414731	T	G	0.004	0.269	0.004	0.0	0.0	0.006	0.006	0.0	0.0	0.01	0.0	0.0	0.0	0.009	0.0	0.0	0.0	0.0	0.0	0.005	0.0	0.0	0.007	0.015	0.009	0.007	0.0	0.0	0.006	0.0	0.0	0.0	0.0	0.0	0.0	0.0	0.0	0.0	0.0	0.005	0.0	0.0	0.0	0.0	0.0	0.008	0.0	0.0	0.0	0.01	0.0	0.009	0.0	0.0	0.0	0.0	0.007	0.005	0.006	0.0	0.0	0.003	0.006	0.004	0.006	0.0	0.003	0.003	0.0	
Chromosome	3777630	T	G	0.182	0.251	0.225	0.299	0.214	0.0	0.301	0.355	0.161	0.252	0.196	0.163	0.227	0.304	0.34	0.231	0.305	0.299	0.26	0.366	0.344	0.338	0.275	0.308	0.26	0.316	0.314	0.263	0.302	0.192	0.223	0.204	0.2	0.22	0.007	0.331	0.164	0.176	0.149	0.194	0.224	0.254	0.145	0.216	0.158	0.182	0.133	0.184	0.213	0.27	0.277	0.305	0.24	0.257	0.267	0.411	0.275	0.349	0.0	0.175	0.212	0.227	0.0	0.255	0.244	0.217	0.176	0.188	0.0	
Chromosome	3794876	T	G	0.025	0.116	0.099	0.059	0.066	0.0	0.128	0.094	0.091	0.045	0.124	0.028	0.164	0.062	0.159	0.115	0.12	0.125	0.128	0.126	0.154	0.159	0.222	0.111	0.158	0.114	0.124	0.127	0.126	0.077	0.063	0.081	0.067	0.115	0.007	0.094	0.02	0.048	0.062	0.103	0.088	0.091	0.062	0.053	0.043	0.078	0.04	0.049	0.189	0.19	0.156	0.166	0.188	0.209	0.16	0.222	0.098	0.142	0.0	0.059	0.051	0.026	0.007	0.065	0.115	0.06	0.057	0.033	0.0	
Chromosome	3849278	G	A	0.0	0.134	0.0	0.0	0.0	0.0	0.0	0.0	0.0	0.0	0.0	0.0	0.0	0.0	0.0	0.0	0.0	0.0	0.0	0.0	0.0	0.0	0.0	0.0	0.0	0.0	0.0	0.0	0.0	0.0	0.0	0.0	0.0	0.0	0.0	0.0	0.0	0.0	0.0	0.0	0.0	0.0	0.0	0.0	0.0	0.0	0.0	0.002	0.0	0.0	0.0	0.0	0.0	0.0	0.0	0.0	0.0	0.0	0.0	0.0	0.0	0.0	0.0	0.0	0.0	0.0	0.0	0.0	0.0	
Chromosome	3891483	C	T	0.0	0.216	0.0	0.0	0.0	0.0	0.0	0.0	0.0	0.0	0.0	0.0	0.0	0.0	0.0	0.0	0.0	0.0	0.0	0.0	0.0	0.0	0.0	0.0	0.0	0.0	0.0	0.0	0.0	0.0	0.0	0.0	0.0	0.0	0.0	0.0	0.0	0.0	0.0	0.0	0.0	0.0	0.0	0.0	0.0	0.0	0.0	0.0	0.0	0.0	0.0	0.0	0.0	0.0	0.0	0.0	0.0	0.0	0.0	0.0	0.0	0.0	0.0	0.0	0.0	0.0	0.0	0.0	0.0	
Chromosome	4103079	A	C	0.0	0.171	0.0	0.0	0.0	0.152	0.0	0.0	0.0	0.005	0.0	0.0	0.008	0.0	0.007	0.0	0.007	0.0	0.0	0.0	0.0	0.0	0.0	0.0	0.0	0.0	0.0	0.0	0.0	0.0	0.0	0.004	0.0	0.0	0.006	0.0	0.0	0.0	0.0	0.0	0.0	0.0	0.0	0.002	0.0	0.004	0.0	0.007	0.0	0.0	0.0	0.0	0.008	0.008	0.0	0.0	0.0	0.0	0.0	0.0	0.0	0.0	0.0	0.005	0.0	0.0	0.006	0.006	0.019	
Chromosome	4143094	G	A	0.0	0.207	0.004	0.0	0.0	0.0	0.24	0.0	0.0	0.0	0.0	0.0	0.0	0.0	0.0	0.0	0.0	0.011	0.0	0.0	0.0	0.0	0.0	0.0	0.0	0.0	0.0	0.0	0.0	0.0	0.0	0.0	0.0	0.168	0.764	0.0	0.003	0.0	0.0	0.0	0.0	0.0	0.0	0.0	0.0	0.0	0.0	0.0	0.0	0.0	0.0	0.0	0.0	0.0	0.0	0.0	0.0	0.0	0.0	0.0	0.0	0.0	0.586	0.182	0.438	0.0	0.0	0.0	0.164	
Chromosome	4214321	G	T	0.529	0.498	0.467	0.508	0.486	0.48	0.489	0.488	0.52	0.555	0.518	0.434	0.504	0.535	0.506	0.488	0.49	0.508	0.522	0.461	0.44	0.5	0.562	0.546	0.516	0.506	0.475	0.489	0.518	0.512	0.491	0.538	0.498	0.535	0.55	0.536	0.505	0.515	0.537	0.542	0.471	0.535	0.499	0.522	0.532	0.509	0.501	0.518	0.532	0.496	0.437	0.482	0.494	0.547	0.609	0.667	0.516	0.494	0.327	0.527	0.502	0.5	0.497	0.522	0.512	0.497	0.481	0.394	0.498	
Chromosome	4214326	C	A	0.527	0.503	0.477	0.511	0.498	0.482	0.477	0.477	0.512	0.551	0.514	0.448	0.506	0.551	0.508	0.494	0.501	0.496	0.524	0.472	0.443	0.506	0.555	0.525	0.537	0.51	0.476	0.49	0.5	0.517	0.491	0.534	0.5	0.535	0.554	0.536	0.506	0.524	0.531	0.543	0.486	0.537	0.498	0.516	0.526	0.513	0.503	0.516	0.544	0.495	0.458	0.492	0.5	0.562	0.611	0.663	0.526	0.493	0.332	0.53	0.503	0.497	0.501	0.527	0.52	0.503	0.483	0.401	0.495	
Chromosome	4214347	A	C	0.51	0.529	0.484	0.495	0.491	0.468	0.473	0.485	0.507	0.542	0.519	0.466	0.518	0.532	0.519	0.506	0.494	0.484	0.535	0.475	0.473	0.508	0.556	0.527	0.529	0.528	0.512	0.494	0.5	0.506	0.496	0.54	0.508	0.541	0.544	0.526	0.494	0.504	0.538	0.542	0.482	0.535	0.503	0.512	0.533	0.514	0.48	0.518	0.546	0.514	0.481	0.492	0.522	0.571	0.582	0.647	0.551	0.508	0.343	0.538	0.495	0.504	0.512	0.532	0.532	0.492	0.466	0.412	0.475	
Chromosome	4214560	C	A	0.452	0.491	0.465	0.518	0.466	0.463	0.458	0.468	0.49	0.489	0.515	0.533	0.441	0.444	0.525	0.503	0.477	0.478	0.474	0.465	0.544	0.5	0.53	0.506	0.48	0.485	0.401	0.533	0.478	0.449	0.475	0.494	0.517	0.505	0.538	0.511	0.494	0.476	0.515	0.485	0.48	0.481	0.502	0.45	0.481	0.478	0.497	0.486	0.431	0.453	0.479	0.42	0.509	0.49	0.472	0.509	0.462	0.494	0.408	0.494	0.506	0.43	0.524	0.498	0.496	0.442	0.432	0.326	0.498	
Chromosome	4214572	C	A	0.459	0.489	0.464	0.508	0.467	0.47	0.462	0.455	0.493	0.501	0.512	0.519	0.416	0.429	0.502	0.494	0.471	0.486	0.465	0.451	0.538	0.486	0.514	0.496	0.482	0.498	0.408	0.527	0.469	0.444	0.472	0.473	0.501	0.509	0.53	0.513	0.481	0.454	0.519	0.485	0.465	0.478	0.489	0.451	0.479	0.477	0.504	0.485	0.459	0.452	0.473	0.412	0.48	0.479	0.473	0.522	0.462	0.486	0.406	0.493	0.489	0.426	0.548	0.488	0.5	0.44	0.42	0.324	0.495	
Chromosome	4214624	G	T	0.448	0.451	0.435	0.469	0.439	0.407	0.434	0.392	0.476	0.485	0.462	0.487	0.407	0.436	0.455	0.444	0.45	0.447	0.459	0.447	0.524	0.416	0.5	0.464	0.442	0.441	0.378	0.51	0.412	0.391	0.45	0.471	0.45	0.476	0.503	0.453	0.439	0.427	0.477	0.418	0.416	0.428	0.461	0.421	0.448	0.435	0.464	0.448	0.438	0.421	0.397	0.385	0.465	0.463	0.462	0.491	0.472	0.401	0.378	0.451	0.436	0.409	0.507	0.467	0.444	0.409	0.377	0.333	0.511	
Chromosome	4214739	G	GT	0.34	0.362	0.338	0.351	0.336	0.327	0.332	0.324	0.36	0.327	0.316	0.395	0.304	0.332	0.352	0.324	0.364	0.304	0.32	0.368	0.472	0.392	0.342	0.38	0.312	0.339	0.353	0.34	0.358	0.313	0.303	0.316	0.331	0.287	0.317	0.332	0.332	0.321	0.353	0.327	0.388	0.339	0.358	0.305	0.333	0.32	0.334	0.355	0.331	0.371	0.301	0.321	0.371	0.352	0.367	0.535	0.391	0.331	0.26	0.338	0.314	0.329	0.357	0.306	0.309	0.303	0.304	0.266	0.329	
Chromosome	4214852	A	AGCAATGATCAATACCTGTGGATGAG	0.06	0.047	0.056	0.076	0.083	0.022	0.065	0.026	0.058	0.067	0.049	0.074	0.043	0.078	0.072	0.05	0.058	0.023	0.048	0.069	0.07	0.099	0.049	0.107	0.048	0.074	0.046	0.047	0.057	0.059	0.07	0.045	0.05	0.037	0.051	0.087	0.069	0.061	0.07	0.066	0.067	0.066	0.062	0.073	0.066	0.044	0.084	0.064	0.024	0.074	0.088	0.054	0.039	0.069	0.048	0.065	0.06	0.058	0.082	0.057	0.058	0.053	0.097	0.015	0.066	0.073	0.054	0.058	0.045	
Chromosome	4305867	T	G	0.11	0.188	0.059	0.1	0.075	0.006	0.155	0.17	0.115	0.091	0.132	0.039	0.192	0.198	0.168	0.134	0.163	0.163	0.09	0.113	0.139	0.22	0.164	0.161	0.175	0.176	0.223	0.236	0.134	0.094	0.114	0.114	0.069	0.125	0.015	0.153	0.082	0.097	0.074	0.157	0.178	0.157	0.076	0.092	0.08	0.19	0.087	0.101	0.159	0.205	0.221	0.198	0.237	0.239	0.218	0.154	0.169	0.12	0.0	0.088	0.109	0.087	0.0	0.122	0.193	0.064	0.082	0.06	0.0	
Chromosome	4724246	A	C	0.306	0.29	0.223	0.244	0.235	0.0	0.272	0.277	0.281	0.251	0.312	0.171	0.299	0.304	0.243	0.243	0.289	0.344	0.258	0.284	0.262	0.278	0.311	0.315	0.245	0.342	0.275	0.318	0.268	0.261	0.269	0.232	0.23	0.267	0.0	0.327	0.31	0.277	0.203	0.22	0.297	0.348	0.235	0.269	0.275	0.294	0.358	0.288	0.386	0.398	0.367	0.33	0.206	0.389	0.23	0.233	0.248	0.219	0.0	0.281	0.263	0.26	0.006	0.157	0.354	0.275	0.296	0.192	0.0	
Chromosome	4818734	C	T	0.0	0.204	0.0	0.0	0.0	0.0	0.0	0.0	0.0	0.0	0.0	0.0	0.0	0.0	0.0	0.0	0.0	0.0	0.0	0.0	0.0	0.0	0.0	0.0	0.0	0.0	0.0	0.0	0.0	0.0	0.0	0.0	0.0	0.0	0.0	0.0	0.0	0.0	0.0	0.0	0.0	0.0	0.0	0.0	0.0	0.0	0.0	0.0	0.0	0.0	0.0	0.0	0.0	0.0	0.0	0.0	0.0	0.0	0.0	0.0	0.0	0.002	0.0	0.0	0.0	0.0	0.0	0.0	0.0	
Chromosome	4987057	T	G	0.165	0.243	0.1	0.103	0.063	0.0	0.216	0.218	0.111	0.093	0.196	0.098	0.217	0.228	0.198	0.064	0.256	0.282	0.191	0.047	0.057	0.247	0.228	0.183	0.182	0.224	0.222	0.272	0.071	0.087	0.108	0.083	0.121	0.228	0.0	0.19	0.15	0.162	0.086	0.05	0.045	0.253	0.169	0.207	0.158	0.186	0.164	0.155	0.202	0.196	0.233	0.184	0.189	0.197	0.214	0.077	0.121	0.037	0.0	0.151	0.177	0.185	0.005	0.091	0.188	0.185	0.152	0.198	0.0	
Chromosome	5010982	G	A	0.0	0.247	0.0	0.0	0.0	0.0	0.0	0.0	0.0	0.0	0.0	0.0	0.0	0.0	0.0	0.0	0.0	0.0	0.0	0.0	0.0	0.0	0.0	0.0	0.0	0.006	0.0	0.0	0.0	0.0	0.0	0.0	0.0	0.0	0.0	0.0	0.0	0.0	0.0	0.0	0.0	0.0	0.0	0.0	0.0	0.0	0.0	0.0	0.0	0.0	0.0	0.0	0.0	0.0	0.0	0.0	0.0	0.0	0.0	0.0	0.0	0.0	0.0	0.0	0.0	0.0	0.0	0.0	0.0	
Chromosome	5512267	A	C	0.136	0.201	0.122	0.205	0.17	0.0	0.181	0.264	0.192	0.169	0.136	0.136	0.148	0.275	0.185	0.193	0.247	0.181	0.204	0.194	0.214	0.205	0.27	0.237	0.228	0.226	0.227	0.195	0.233	0.173	0.184	0.201	0.177	0.176	0.006	0.208	0.138	0.15	0.116	0.181	0.239	0.144	0.131	0.143	0.133	0.116	0.126	0.154	0.179	0.237	0.242	0.247	0.222	0.202	0.262	0.289	0.301	0.2	0.005	0.129	0.12	0.087	0.005	0.164	0.26	0.123	0.111	0.126	0.0	
Chromosome	5758976	T	G	0.068	0.156	0.068	0.065	0.069	0.011	0.121	0.144	0.041	0.075	0.101	0.024	0.109	0.095	0.153	0.105	0.105	0.125	0.098	0.114	0.111	0.148	0.102	0.129	0.119	0.163	0.115	0.094	0.098	0.048	0.066	0.071	0.056	0.102	0.006	0.134	0.045	0.062	0.038	0.077	0.083	0.105	0.077	0.036	0.061	0.056	0.057	0.078	0.135	0.06	0.143	0.12	0.167	0.111	0.161	0.097	0.099	0.091	0.0	0.057	0.054	0.049	0.0	0.069	0.077	0.054	0.07	0.05	0.015	
Chromosome	6077105	C	CG	0.0	0.419	0.0	0.0	0.0	0.0	0.0	0.0	0.0	0.0	0.0	0.0	0.0	0.0	0.0	0.004	0.0	0.0	0.0	0.0	0.0	0.0	0.0	0.0	0.0	0.0	0.0	0.0	0.004	0.0	0.0	0.0	0.0	0.0	0.0	0.0	0.0	0.0	0.0	0.0	0.0	0.0	0.0	0.002	0.0	0.0	0.0	0.002	0.0	0.0	0.0	0.0	0.0	0.0	0.0	0.0	0.0	0.0	0.93	0.0	0.0	0.0	0.0	0.0	0.0	0.0	0.0	0.0	0.035	
Chromosome	6409919	A	C	0.053	0.129	0.108	0.093	0.105	0.005	0.091	0.093	0.104	0.094	0.049	0.047	0.099	0.095	0.095	0.104	0.146	0.064	0.099	0.085	0.09	0.09	0.066	0.053	0.075	0.076	0.073	0.064	0.099	0.126	0.103	0.061	0.075	0.117	0.006	0.082	0.022	0.069	0.07	0.079	0.089	0.035	0.057	0.07	0.074	0.079	0.079	0.075	0.064	0.094	0.097	0.101	0.103	0.101	0.146	0.0	0.055	0.043	0.005	0.046	0.057	0.057	0.0	0.072	0.09	0.034	0.065	0.062	0.0	
Chromosome	6689190	A	G	0.0	0.201	0.0	0.0	0.0	0.0	0.0	0.0	0.0	0.0	0.0	0.007	0.0	0.0	0.0	0.0	0.0	0.0	0.0	0.0	0.0	0.0	0.0	0.0	0.0	0.0	0.0	0.004	0.0	0.0	0.0	0.0	0.0	0.0	0.0	0.0	0.0	0.0	0.0	0.0	0.0	0.0	0.0	0.0	0.0	0.0	0.0	0.0	0.0	0.0	0.0	0.0	0.0	0.0	0.0	0.0	0.0	0.0	0.0	0.0	0.0	0.0	0.0	0.0	0.0	0.0	0.0	0.0	0.0	
Chromosome	6913446	T	G	0.158	0.189	0.122	0.108	0.139	0.005	0.154	0.175	0.145	0.158	0.154	0.117	0.162	0.122	0.196	0.15	0.167	0.142	0.164	0.112	0.121	0.151	0.16	0.159	0.201	0.175	0.225	0.139	0.122	0.154	0.139	0.151	0.138	0.178	0.005	0.209	0.186	0.143	0.159	0.161	0.16	0.191	0.175	0.162	0.237	0.128	0.146	0.146	0.113	0.233	0.25	0.175	0.205	0.207	0.275	0.016	0.125	0.145	0.0	0.175	0.186	0.198	0.0	0.089	0.201	0.235	0.183	0.19	0.005	
Chromosome	6923330	T	G	0.29	0.372	0.333	0.374	0.324	0.0	0.392	0.376	0.36	0.294	0.352	0.253	0.352	0.347	0.411	0.365	0.397	0.421	0.319	0.472	0.587	0.472	0.467	0.396	0.397	0.383	0.427	0.39	0.423	0.307	0.372	0.351	0.382	0.322	0.0	0.42	0.258	0.264	0.271	0.46	0.412	0.466	0.31	0.292	0.261	0.261	0.294	0.261	0.339	0.411	0.474	0.417	0.493	0.471	0.507	0.588	0.413	0.437	0.0	0.261	0.3	0.279	0.006	0.265	0.283	0.236	0.273	0.232	0.014	
