chromosome	pos	ref	mut	APAW	H1	INH1	H2	H3	INH2	INHA	MockH	Ana1	BedA	BedB	BedC	BedD	CipA	CipB	CipC	CLFA	CLFB	CLFC	CombA2	CombA3	CombA	CombAu1	CombAu3	CombAu5	CombB	CombC	CycloA	CycloB	CycloC	EMBA	EMBB	EMBC	F1	F2	F3	LzdA	LzdB	LzdC	M91	M92	M9B	MMCA	MMCB	MMCC	MockA	MockB	MockC	MockD	MockE	MockF	MockG	MockI	MockJ	MockK	MockL	NANOA	NANOB	NANOC	RIFA	RIFB	RIFC	S1	S2	S3	UV1	UV2	UV3	WT_Msm
Chromosome	35052	T	A	0.163	0.219	0.218	0.0	0.192	0.185	0.139	0.299	0.091	0.242	0.257	0.277	0.177	0.232	0.177	0.209	0.115	0.113	0.073	0.151	0.184	0.247	0.289	0.267	0.205	0.29	0.208	0.368	0.175	0.083	0.108	0.181	0.104	0.0	0.26	0.183	0.147	0.169	0.329	0.221	0.211	0.163	0.185	0.197	0.212	0.289	0.279	0.258	0.315	0.289	0.326	0.392	0.25	0.2	0.169	0.0	0.206	0.186	0.142	0.125	0.073	0.244	0.0	0.12	0.241	0.153	0.224	0.168	0.0	
Chromosome	65001	A	C	0.148	0.265	0.163	0.007	0.304	0.164	0.131	0.371	0.099	0.358	0.298	0.298	0.303	0.251	0.247	0.336	0.211	0.201	0.171	0.294	0.235	0.371	0.396	0.439	0.471	0.317	0.361	0.23	0.254	0.219	0.232	0.221	0.235	0.0	0.255	0.25	0.226	0.254	0.251	0.248	0.182	0.174	0.208	0.158	0.185	0.345	0.429	0.337	0.325	0.398	0.336	0.387	0.324	0.272	0.256	0.0	0.119	0.196	0.172	0.242	0.174	0.21	0.0	0.172	0.219	0.17	0.17	0.152	0.0	
Chromosome	249685	T	G	0.142	0.235	0.121	0.0	0.19	0.144	0.089	0.435	0.141	0.373	0.327	0.294	0.225	0.256	0.203	0.226	0.188	0.19	0.165	0.264	0.302	0.259	0.252	0.416	0.333	0.319	0.35	0.219	0.204	0.211	0.199	0.234	0.165	0.0	0.23	0.227	0.276	0.245	0.207	0.155	0.146	0.125	0.139	0.123	0.12	0.357	0.331	0.375	0.236	0.362	0.324	0.324	0.344	0.255	0.217	0.0	0.137	0.141	0.121	0.219	0.157	0.229	0.029	0.196	0.23	0.175	0.132	0.127	0.0	
Chromosome	296892	G	C	0.0	0.208	0.0	0.0	0.0	0.0	0.0	0.0	0.005	0.0	0.0	0.0	0.0	0.0	0.0	0.0	0.0	0.0	0.0	0.0	0.0	0.0	0.013	0.0	0.0	0.0	0.0	0.0	0.0	0.0	0.0	0.0	0.0	0.0	0.0	0.0	0.0	0.0	0.0	0.003	0.0	0.0	0.0	0.0	0.002	0.0	0.0	0.0	0.0	0.0	0.0	0.0	0.0	0.0	0.0	0.0	0.0	0.0	0.0	0.0	0.0	0.0	0.0	0.0	0.0	0.0	0.0	0.0	0.0	
Chromosome	298468	T	G	0.0	0.248	0.0	0.005	0.0	0.0	0.0	0.008	0.0	0.0	0.0	0.0	0.0	0.0	0.0	0.0	0.0	0.0	0.0	0.0	0.0	0.0	0.013	0.0	0.0	0.006	0.0	0.0	0.008	0.0	0.005	0.0	0.0	0.0	0.0	0.0	0.0	0.0	0.0	0.0	0.0	0.0	0.0	0.0	0.0	0.0	0.0	0.0	0.006	0.0	0.0	0.0	0.0	0.0	0.0	0.0	0.0	0.0	0.0	0.0	0.0	0.003	0.0	0.005	0.005	0.0	0.005	0.0	0.0	
Chromosome	330214	C	T	0.0	0.145	0.0	0.0	0.0	0.0	0.0	0.0	0.0	0.0	0.0	0.0	0.0	0.004	0.0	0.0	0.0	0.0	0.0	0.0	0.0	0.0	0.0	0.0	0.0	0.0	0.0	0.0	0.0	0.0	0.0	0.0	0.0	0.0	0.0	0.0	0.0	0.0	0.0	0.0	0.0	0.0	0.0	0.0	0.0	0.0	0.0	0.0	0.0	0.0	0.0	0.0	0.0	0.0	0.0	0.0	0.0	0.0	0.0	0.0	0.0	0.0	0.0	0.0	0.0	0.0	0.0	0.0	0.0	
Chromosome	418447	A	C	0.081	0.127	0.062	0.005	0.064	0.058	0.052	0.082	0.048	0.094	0.096	0.048	0.054	0.118	0.079	0.054	0.13	0.085	0.101	0.092	0.093	0.11	0.099	0.052	0.057	0.091	0.08	0.108	0.088	0.098	0.073	0.083	0.089	0.0	0.044	0.062	0.098	0.111	0.074	0.076	0.069	0.057	0.052	0.076	0.06	0.086	0.073	0.107	0.09	0.042	0.087	0.129	0.052	0.084	0.104	0.01	0.072	0.059	0.082	0.081	0.089	0.077	0.0	0.095	0.059	0.069	0.069	0.065	0.0	
Chromosome	424972	A	G	0.0	0.201	0.003	0.808	0.0	0.0	0.0	0.0	0.0	0.0	0.0	0.0	0.0	0.0	0.0	0.0	0.0	0.0	0.0	0.0	0.0	0.0	0.0	0.0	0.0	0.0	0.0	0.0	0.0	0.0	0.0	0.0	0.0	0.0	0.24	0.19	0.0	0.004	0.0	0.0	0.0	0.0	0.0	0.0	0.0	0.0	0.0	0.0	0.0	0.0	0.0	0.0	0.0	0.0	0.0	0.0	0.0	0.0	0.0	0.0	0.0	0.003	0.662	0.166	0.443	0.0	0.002	0.0	0.22	
Chromosome	479882	T	G	0.079	0.124	0.033	0.006	0.014	0.034	0.025	0.0	0.024	0.027	0.016	0.052	0.026	0.108	0.13	0.153	0.029	0.0	0.008	0.05	0.0	0.061	0.041	0.031	0.021	0.034	0.018	0.063	0.021	0.047	0.06	0.029	0.01	0.0	0.143	0.08	0.009	0.013	0.053	0.01	0.046	0.017	0.023	0.033	0.024	0.02	0.022	0.033	0.03	0.028	0.075	0.044	0.0	0.011	0.029	0.005	0.016	0.003	0.045	0.061	0.046	0.12	0.006	0.089	0.051	0.025	0.023	0.012	0.0	
Chromosome	608993	A	C	0.055	0.078	0.041	0.0	0.052	0.038	0.057	0.054	0.068	0.063	0.078	0.04	0.046	0.049	0.059	0.068	0.072	0.069	0.053	0.085	0.144	0.075	0.09	0.051	0.114	0.054	0.047	0.058	0.069	0.077	0.053	0.111	0.05	0.005	0.083	0.075	0.054	0.061	0.063	0.055	0.057	0.043	0.067	0.032	0.053	0.072	0.08	0.046	0.105	0.06	0.089	0.089	0.033	0.062	0.062	0.0	0.035	0.031	0.039	0.066	0.059	0.071	0.0	0.039	0.04	0.032	0.031	0.05	0.0	
Chromosome	706123	T	G	0.145	0.209	0.167	0.006	0.205	0.092	0.128	0.253	0.094	0.195	0.196	0.2	0.155	0.187	0.222	0.226	0.158	0.104	0.112	0.173	0.132	0.2	0.212	0.221	0.237	0.163	0.243	0.209	0.172	0.167	0.155	0.149	0.15	0.0	0.209	0.181	0.159	0.108	0.251	0.16	0.141	0.143	0.106	0.158	0.138	0.219	0.212	0.236	0.263	0.204	0.225	0.25	0.205	0.168	0.171	0.005	0.139	0.15	0.164	0.11	0.167	0.186	0.005	0.114	0.151	0.162	0.134	0.171	0.007	
Chromosome	756602	T	C	0.0	0.282	0.0	0.0	0.0	0.0	0.0	0.0	0.0	0.0	0.0	0.0	0.0	0.0	0.0	0.0	0.0	0.0	0.0	0.0	0.0	0.0	0.0	0.0	0.0	0.0	0.0	0.0	0.0	0.0	0.0	0.0	0.0	0.0	0.0	0.0	0.0	0.0	0.0	0.0	0.0	0.0	0.0	0.0	0.0	0.0	0.0	0.0	0.0	0.0	0.0	0.0	0.0	0.0	0.0	0.0	0.0	0.0	0.003	0.0	0.0	0.0	0.0	0.0	0.006	0.0	0.0	0.0	0.0	
Chromosome	781261	A	C	0.151	0.237	0.122	0.013	0.212	0.161	0.089	0.25	0.034	0.294	0.265	0.252	0.09	0.164	0.228	0.181	0.147	0.089	0.116	0.066	0.074	0.273	0.24	0.229	0.288	0.25	0.352	0.25	0.093	0.113	0.117	0.082	0.146	0.0	0.198	0.188	0.109	0.072	0.171	0.15	0.186	0.12	0.147	0.147	0.145	0.324	0.273	0.209	0.303	0.31	0.207	0.313	0.176	0.096	0.059	0.0	0.194	0.227	0.123	0.118	0.103	0.176	0.0	0.099	0.174	0.14	0.163	0.145	0.0	
Chromosome	802066	C	A	0.0	0.169	0.0	0.0	0.0	0.0	0.0	0.0	0.0	0.0	0.0	0.0	0.0	0.0	0.0	0.0	0.0	0.0	0.0	0.0	0.0	0.0	0.0	0.0	0.0	0.0	0.0	0.004	0.0	0.0	0.0	0.0	0.0	0.0	0.0	0.0	0.0	0.0	0.0	0.0	0.0	0.003	0.003	0.0	0.0	0.0	0.0	0.0	0.0	0.0	0.0	0.005	0.0	0.0	0.0	0.0	0.0	0.0	0.0	0.0	0.0	0.0	0.0	0.0	0.0	0.0	0.0	0.003	0.0	
Chromosome	1574114	T	G	0.158	0.213	0.135	0.012	0.128	0.095	0.16	0.293	0.177	0.245	0.262	0.197	0.219	0.177	0.218	0.18	0.146	0.167	0.224	0.26	0.312	0.263	0.298	0.318	0.274	0.299	0.268	0.211	0.16	0.177	0.204	0.179	0.144	0.005	0.135	0.168	0.214	0.232	0.183	0.194	0.142	0.113	0.154	0.128	0.178	0.29	0.281	0.365	0.298	0.309	0.315	0.302	0.125	0.192	0.237	0.011	0.142	0.13	0.149	0.171	0.201	0.155	0.006	0.156	0.213	0.132	0.118	0.134	0.007	
Chromosome	1593059	T	G	0.003	0.138	0.003	0.0	0.0	0.0	0.0	0.009	0.0	0.006	0.0	0.0	0.0	0.003	0.0	0.0	0.0	0.0	0.007	0.0	0.0	0.0	0.0	0.006	0.0	0.0	0.006	0.004	0.0	0.0	0.0	0.0	0.004	0.0	0.005	0.005	0.0	0.004	0.005	0.0	0.005	0.0	0.0	0.0	0.0	0.0	0.0	0.007	0.005	0.0	0.0	0.0	0.0	0.009	0.0	0.0	0.002	0.0	0.0	0.0	0.0	0.0	0.0	0.0	0.005	0.01	0.0	0.0	0.008	
Chromosome	1613672	A	C	0.095	0.158	0.082	0.006	0.066	0.09	0.082	0.162	0.071	0.098	0.192	0.103	0.103	0.1	0.098	0.085	0.098	0.099	0.077	0.108	0.143	0.168	0.137	0.147	0.175	0.156	0.088	0.126	0.085	0.127	0.115	0.11	0.085	0.0	0.119	0.07	0.106	0.112	0.162	0.044	0.063	0.072	0.099	0.055	0.066	0.153	0.142	0.176	0.191	0.16	0.117	0.145	0.05	0.055	0.108	0.0	0.071	0.073	0.101	0.102	0.101	0.128	0.0	0.053	0.093	0.079	0.092	0.09	0.007	
Chromosome	1650147	A	AG	0.003	0.17	0.0	0.006	0.0	0.006	0.007	0.0	0.007	0.007	0.0	0.006	0.0	0.0	0.0	0.009	0.0	0.0	0.0	0.004	0.0	0.009	0.007	0.006	0.0	0.0	0.0	0.0	0.0	0.0	0.004	0.052	0.0	0.0	0.0	0.0	0.005	0.294	0.0	0.0	0.009	0.003	0.0	0.0	0.0	0.009	0.0	0.0	0.0	0.007	0.008	0.0	0.0	0.007	0.0	0.0	0.005	0.0	0.0	0.003	0.01	0.004	0.0	0.0	0.009	0.003	0.005	0.006	0.0	
Chromosome	2032181	C	T	0.0	0.125	0.0	0.0	0.0	0.0	0.0	0.0	0.0	0.0	0.0	0.0	0.0	0.0	0.006	0.0	0.0	0.0	0.0	0.0	0.0	0.0	0.0	0.0	0.0	0.0	0.0	0.0	0.0	0.0	0.0	0.0	0.0	0.0	0.0	0.0	0.0	0.0	0.0	0.0	0.005	0.0	0.0	0.0	0.0	0.0	0.0	0.0	0.0	0.0	0.0	0.0	0.0	0.0	0.0	0.0	0.0	0.0	0.0	0.0	0.0	0.0	0.0	0.0	0.0	0.0	0.003	0.0	0.013	
Chromosome	2117040	G	C	0.194	0.203	0.19	0.005	0.208	0.152	0.092	0.275	0.053	0.194	0.212	0.276	0.044	0.156	0.116	0.208	0.065	0.031	0.067	0.039	0.019	0.231	0.267	0.261	0.256	0.26	0.22	0.209	0.065	0.085	0.026	0.052	0.095	0.0	0.174	0.195	0.083	0.035	0.174	0.162	0.208	0.164	0.182	0.134	0.16	0.169	0.279	0.34	0.28	0.25	0.2	0.297	0.103	0.051	0.05	0.0	0.216	0.212	0.197	0.039	0.038	0.175	0.01	0.03	0.209	0.229	0.165	0.219	0.0	
Chromosome	2195100	T	G	0.089	0.225	0.112	0.0	0.156	0.094	0.09	0.16	0.085	0.124	0.186	0.12	0.178	0.192	0.205	0.162	0.186	0.129	0.143	0.174	0.151	0.198	0.141	0.22	0.198	0.168	0.155	0.199	0.129	0.151	0.145	0.137	0.179	0.0	0.156	0.119	0.15	0.143	0.184	0.114	0.142	0.121	0.142	0.103	0.093	0.132	0.184	0.188	0.225	0.17	0.144	0.201	0.14	0.164	0.128	0.0	0.119	0.12	0.141	0.158	0.131	0.204	0.005	0.149	0.074	0.109	0.116	0.088	0.007	
Chromosome	2224338	G	GGCGTGACGAGGTCAGATGCCGACC	0.512	0.538	0.517	0.204	0.56	0.567	0.456	0.744	0.4	0.529	0.452	0.526	0.458	0.51	0.468	0.391	0.508	0.377	0.481	0.48	0.556	0.667	0.582	0.439	0.484	0.55	0.614	0.562	0.453	0.455	0.581	0.577	0.597	0.364	0.571	0.442	0.634	0.483	0.611	0.543	0.571	0.532	0.488	0.536	0.495	0.519	0.613	0.545	0.533	0.591	0.5	0.474	0.562	0.538	0.5	0.354	0.504	0.531	0.582	0.479	0.5	0.687	0.417	0.537	0.571	0.553	0.574	0.447	0.333	
Chromosome	2285856	T	G	0.023	0.07	0.022	0.0	0.045	0.021	0.02	0.074	0.012	0.053	0.018	0.056	0.038	0.042	0.054	0.043	0.026	0.005	0.028	0.019	0.041	0.074	0.041	0.043	0.033	0.046	0.078	0.068	0.005	0.033	0.028	0.021	0.026	0.006	0.04	0.042	0.022	0.043	0.062	0.03	0.028	0.034	0.04	0.034	0.025	0.036	0.101	0.069	0.041	0.059	0.077	0.096	0.069	0.034	0.032	0.0	0.02	0.012	0.025	0.026	0.029	0.026	0.0	0.023	0.046	0.023	0.021	0.019	0.0	
Chromosome	2482395	A	C	0.092	0.202	0.07	0.006	0.136	0.075	0.083	0.158	0.034	0.14	0.169	0.169	0.062	0.146	0.145	0.151	0.124	0.074	0.101	0.131	0.108	0.13	0.159	0.191	0.107	0.201	0.222	0.117	0.065	0.116	0.101	0.127	0.091	0.01	0.163	0.098	0.052	0.094	0.121	0.101	0.087	0.058	0.096	0.073	0.106	0.15	0.169	0.148	0.164	0.186	0.193	0.206	0.206	0.115	0.088	0.0	0.106	0.1	0.074	0.1	0.066	0.08	0.01	0.064	0.155	0.09	0.087	0.065	0.0	
Chromosome	2567182	T	G	0.125	0.206	0.126	0.0	0.205	0.103	0.135	0.221	0.049	0.2	0.186	0.246	0.165	0.223	0.146	0.173	0.123	0.143	0.145	0.168	0.204	0.195	0.212	0.225	0.295	0.16	0.176	0.183	0.2	0.188	0.116	0.115	0.117	0.0	0.217	0.19	0.186	0.197	0.16	0.101	0.133	0.137	0.134	0.081	0.112	0.234	0.225	0.238	0.242	0.2	0.216	0.177	0.074	0.152	0.159	0.012	0.14	0.162	0.148	0.158	0.129	0.143	0.0	0.107	0.187	0.114	0.109	0.11	0.007	
Chromosome	2579189	A	C	0.173	0.274	0.248	0.0	0.395	0.226	0.202	0.308	0.134	0.268	0.276	0.242	0.322	0.271	0.222	0.31	0.219	0.219	0.213	0.261	0.246	0.282	0.237	0.297	0.183	0.206	0.319	0.253	0.25	0.187	0.23	0.232	0.224	0.006	0.273	0.263	0.275	0.243	0.239	0.21	0.225	0.223	0.277	0.259	0.226	0.283	0.34	0.287	0.219	0.263	0.281	0.333	0.238	0.256	0.256	0.0	0.225	0.219	0.226	0.154	0.254	0.234	0.0	0.226	0.303	0.26	0.238	0.244	0.013	
Chromosome	2640819	T	G	0.235	0.303	0.372	0.011	0.271	0.325	0.214	0.301	0.227	0.283	0.244	0.227	0.274	0.343	0.349	0.35	0.331	0.336	0.341	0.333	0.364	0.32	0.308	0.258	0.227	0.27	0.287	0.254	0.248	0.363	0.42	0.327	0.287	0.006	0.368	0.265	0.435	0.297	0.263	0.3	0.317	0.366	0.329	0.308	0.336	0.236	0.198	0.264	0.27	0.321	0.299	0.304	0.438	0.338	0.354	0.0	0.292	0.326	0.319	0.283	0.294	0.358	0.0	0.322	0.316	0.374	0.308	0.367	0.008	
Chromosome	2798424	A	C	0.102	0.216	0.111	0.0	0.19	0.124	0.057	0.269	0.044	0.15	0.145	0.225	0.234	0.195	0.182	0.181	0.159	0.146	0.149	0.211	0.256	0.192	0.213	0.25	0.232	0.263	0.227	0.273	0.179	0.182	0.12	0.15	0.178	0.0	0.181	0.206	0.129	0.237	0.23	0.121	0.131	0.124	0.119	0.089	0.129	0.292	0.258	0.257	0.276	0.262	0.262	0.275	0.295	0.24	0.189	0.006	0.143	0.116	0.085	0.113	0.171	0.16	0.006	0.113	0.17	0.142	0.13	0.058	0.009	
Chromosome	2807649	A	G	0.0	0.244	0.0	0.0	0.0	0.0	0.0	0.0	0.0	0.0	0.0	0.0	0.0	0.0	0.0	0.0	0.0	0.0	0.0	0.0	0.0	0.0	0.0	0.0	0.0	0.0	0.0	0.0	0.0	0.0	0.0	0.0	0.0	0.0	0.0	0.0	0.0	0.0	0.0	0.0	0.0	0.0	0.0	0.0	0.003	0.0	0.0	0.0	0.0	0.0	0.0	0.0	0.0	0.0	0.0	0.0	0.0	0.0	0.0	0.0	0.0	0.0	0.0	0.0	0.0	0.0	0.0	0.0	0.0	
Chromosome	2829829	A	C	0.21	0.25	0.207	0.0	0.172	0.15	0.111	0.236	0.146	0.311	0.26	0.289	0.171	0.236	0.25	0.255	0.191	0.15	0.155	0.169	0.113	0.255	0.297	0.315	0.216	0.336	0.289	0.263	0.122	0.134	0.217	0.16	0.115	0.0	0.209	0.261	0.169	0.133	0.214	0.185	0.164	0.196	0.181	0.239	0.218	0.25	0.25	0.28	0.292	0.209	0.286	0.276	0.214	0.167	0.142	0.013	0.207	0.194	0.176	0.156	0.185	0.213	0.005	0.156	0.207	0.192	0.196	0.16	0.0	
Chromosome	3015770	T	G	0.072	0.116	0.034	0.0	0.136	0.056	0.045	0.111	0.0	0.184	0.168	0.151	0.087	0.109	0.135	0.078	0.051	0.086	0.042	0.092	0.086	0.171	0.192	0.122	0.135	0.167	0.125	0.062	0.057	0.058	0.032	0.024	0.032	0.012	0.109	0.083	0.074	0.059	0.135	0.081	0.088	0.086	0.059	0.076	0.063	0.155	0.117	0.168	0.133	0.171	0.107	0.212	0.14	0.027	0.093	0.0	0.099	0.078	0.06	0.064	0.034	0.084	0.0	0.079	0.095	0.047	0.068	0.072	0.0	
Chromosome	3030967	A	C	0.347	0.483	0.307	0.007	0.438	0.314	0.456	0.6	0.255	0.5	0.368	0.451	0.587	0.396	0.345	0.489	0.437	0.421	0.388	0.566	0.676	0.512	0.409	0.514	0.563	0.43	0.37	0.488	0.567	0.506	0.368	0.451	0.35	0.0	0.375	0.446	0.586	0.61	0.54	0.34	0.377	0.383	0.337	0.331	0.378	0.623	0.525	0.565	0.522	0.614	0.5	0.455	0.634	0.724	0.594	0.0	0.359	0.361	0.402	0.407	0.389	0.368	0.0	0.456	0.394	0.286	0.403	0.299	0.0	
Chromosome	3183609	T	G	0.022	0.129	0.017	0.007	0.009	0.009	0.006	0.0	0.0	0.0	0.0	0.0	0.007	0.074	0.024	0.024	0.004	0.0	0.006	0.005	0.0	0.009	0.0	0.006	0.014	0.0	0.0	0.022	0.0	0.004	0.004	0.0	0.0	0.009	0.048	0.01	0.005	0.004	0.019	0.0	0.011	0.003	0.004	0.0	0.002	0.0	0.0	0.0	0.007	0.006	0.057	0.01	0.05	0.041	0.0	0.0	0.0	0.002	0.005	0.004	0.0	0.022	0.0	0.01	0.0	0.0	0.004	0.0	0.012	
Chromosome	3580019	G	GC	0.915	0.136	0.901	0.006	0.0	0.9	0.918	0.904	0.92	0.702	0.925	0.856	0.921	0.199	0.016	0.006	0.921	0.94	0.892	0.759	0.877	0.89	0.905	0.899	0.866	0.9	0.746	0.62	0.928	0.931	0.949	0.942	0.888	0.027	0.006	0.013	0.899	0.93	0.893	0.762	0.911	0.893	0.934	0.914	0.925	0.871	0.866	0.881	0.88	0.883	0.927	0.931	0.914	0.945	0.903	0.0	0.903	0.878	0.896	0.912	0.942	0.909	0.17	0.0	0.007	0.901	0.728	0.886	0.096	
Chromosome	3777637	A	C	0.147	0.275	0.196	0.0	0.264	0.201	0.169	0.24	0.108	0.253	0.286	0.32	0.217	0.283	0.261	0.265	0.153	0.228	0.209	0.331	0.224	0.237	0.292	0.281	0.223	0.308	0.21	0.256	0.254	0.293	0.188	0.189	0.138	0.0	0.31	0.262	0.219	0.211	0.23	0.161	0.185	0.179	0.146	0.205	0.184	0.233	0.378	0.218	0.275	0.316	0.418	0.315	0.51	0.287	0.219	0.0	0.188	0.154	0.143	0.242	0.248	0.215	0.007	0.218	0.222	0.151	0.174	0.155	0.006	
Chromosome	3973377	T	G	0.097	0.119	0.083	0.0	0.135	0.096	0.096	0.15	0.083	0.11	0.071	0.084	0.129	0.116	0.13	0.105	0.134	0.154	0.101	0.064	0.089	0.096	0.135	0.107	0.105	0.087	0.087	0.138	0.119	0.165	0.145	0.113	0.143	0.0	0.109	0.085	0.141	0.109	0.071	0.081	0.058	0.09	0.083	0.102	0.105	0.113	0.115	0.106	0.108	0.108	0.061	0.106	0.259	0.104	0.082	0.0	0.103	0.104	0.04	0.15	0.135	0.133	0.0	0.073	0.164	0.104	0.05	0.084	0.0	
Chromosome	4000350	A	C	0.102	0.149	0.11	0.0	0.144	0.067	0.044	0.167	0.031	0.152	0.1	0.148	0.144	0.126	0.145	0.085	0.084	0.055	0.092	0.083	0.038	0.128	0.185	0.192	0.171	0.127	0.176	0.1	0.071	0.089	0.1	0.097	0.078	0.005	0.152	0.15	0.087	0.098	0.154	0.108	0.104	0.108	0.076	0.08	0.102	0.176	0.167	0.148	0.157	0.116	0.168	0.189	0.095	0.083	0.103	0.006	0.106	0.106	0.091	0.079	0.104	0.114	0.0	0.089	0.156	0.121	0.112	0.084	0.0	
Chromosome	4102808	C	T	0.0	0.212	0.0	0.0	0.0	0.0	0.005	0.0	0.0	0.0	0.0	0.0	0.0	0.0	0.004	0.0	0.0	0.0	0.0	0.0	0.0	0.0	0.0	0.0	0.0	0.0	0.0	0.0	0.0	0.0	0.0	0.0	0.0	0.0	0.0	0.0	0.0	0.0	0.0	0.0	0.0	0.0	0.0	0.004	0.0	0.0	0.0	0.0	0.0	0.0	0.0	0.0	0.0	0.0	0.0	0.0	0.0	0.003	0.0	0.0	0.0	0.0	0.0	0.0	0.0	0.0	0.003	0.0	0.0	
Chromosome	4143094	G	A	0.0	0.168	0.003	0.764	0.0	0.0	0.0	0.0	0.0	0.0	0.0	0.0	0.0	0.0	0.011	0.0	0.004	0.0	0.0	0.0	0.0	0.0	0.0	0.0	0.0	0.0	0.0	0.0	0.0	0.0	0.0	0.0	0.0	0.0	0.24	0.207	0.0	0.0	0.0	0.0	0.0	0.0	0.0	0.0	0.0	0.0	0.0	0.0	0.0	0.0	0.0	0.0	0.0	0.0	0.0	0.0	0.0	0.0	0.0	0.0	0.0	0.0	0.586	0.182	0.438	0.0	0.0	0.0	0.164	
Chromosome	4214321	G	T	0.529	0.535	0.505	0.55	0.536	0.515	0.537	0.609	0.434	0.504	0.535	0.506	0.488	0.49	0.508	0.522	0.467	0.508	0.486	0.461	0.44	0.5	0.562	0.546	0.516	0.506	0.475	0.489	0.518	0.512	0.491	0.538	0.498	0.48	0.489	0.498	0.542	0.471	0.535	0.499	0.522	0.532	0.509	0.501	0.518	0.532	0.496	0.437	0.482	0.494	0.488	0.547	0.667	0.516	0.494	0.327	0.527	0.502	0.5	0.52	0.555	0.518	0.497	0.522	0.512	0.497	0.481	0.394	0.498	
Chromosome	4214326	C	A	0.527	0.535	0.506	0.554	0.536	0.524	0.531	0.611	0.448	0.506	0.551	0.508	0.494	0.501	0.496	0.524	0.477	0.511	0.498	0.472	0.443	0.506	0.555	0.525	0.537	0.51	0.476	0.49	0.5	0.517	0.491	0.534	0.5	0.482	0.477	0.503	0.543	0.486	0.537	0.498	0.516	0.526	0.513	0.503	0.516	0.544	0.495	0.458	0.492	0.5	0.477	0.562	0.663	0.526	0.493	0.332	0.53	0.503	0.497	0.512	0.551	0.514	0.501	0.527	0.52	0.503	0.483	0.401	0.495	
Chromosome	4214347	A	C	0.51	0.541	0.494	0.544	0.526	0.504	0.538	0.582	0.466	0.518	0.532	0.519	0.506	0.494	0.484	0.535	0.484	0.495	0.491	0.475	0.473	0.508	0.556	0.527	0.529	0.528	0.512	0.494	0.5	0.506	0.496	0.54	0.508	0.468	0.473	0.529	0.542	0.482	0.535	0.503	0.512	0.533	0.514	0.48	0.518	0.546	0.514	0.481	0.492	0.522	0.485	0.571	0.647	0.551	0.508	0.343	0.538	0.495	0.504	0.507	0.542	0.519	0.512	0.532	0.532	0.492	0.466	0.412	0.475	
Chromosome	4214560	C	A	0.452	0.505	0.494	0.538	0.511	0.476	0.515	0.472	0.533	0.441	0.444	0.525	0.503	0.477	0.478	0.474	0.465	0.518	0.466	0.465	0.544	0.5	0.53	0.506	0.48	0.485	0.401	0.533	0.478	0.449	0.475	0.494	0.517	0.463	0.458	0.491	0.485	0.48	0.481	0.502	0.45	0.481	0.478	0.497	0.486	0.431	0.453	0.479	0.42	0.509	0.468	0.49	0.509	0.462	0.494	0.408	0.494	0.506	0.43	0.49	0.489	0.515	0.524	0.498	0.496	0.442	0.432	0.326	0.498	
Chromosome	4214572	C	A	0.459	0.509	0.481	0.53	0.513	0.454	0.519	0.473	0.519	0.416	0.429	0.502	0.494	0.471	0.486	0.465	0.464	0.508	0.467	0.451	0.538	0.486	0.514	0.496	0.482	0.498	0.408	0.527	0.469	0.444	0.472	0.473	0.501	0.47	0.462	0.489	0.485	0.465	0.478	0.489	0.451	0.479	0.477	0.504	0.485	0.459	0.452	0.473	0.412	0.48	0.455	0.479	0.522	0.462	0.486	0.406	0.493	0.489	0.426	0.493	0.501	0.512	0.548	0.488	0.5	0.44	0.42	0.324	0.495	
Chromosome	4214624	G	T	0.448	0.476	0.439	0.503	0.453	0.427	0.477	0.462	0.487	0.407	0.436	0.455	0.444	0.45	0.447	0.459	0.435	0.469	0.439	0.447	0.524	0.416	0.5	0.464	0.442	0.441	0.378	0.51	0.412	0.391	0.45	0.471	0.45	0.407	0.434	0.451	0.418	0.416	0.428	0.461	0.421	0.448	0.435	0.464	0.448	0.438	0.421	0.397	0.385	0.465	0.392	0.463	0.491	0.472	0.401	0.378	0.451	0.436	0.409	0.476	0.485	0.462	0.507	0.467	0.444	0.409	0.377	0.333	0.511	
Chromosome	4214739	G	GT	0.34	0.287	0.332	0.317	0.332	0.321	0.353	0.367	0.395	0.304	0.332	0.352	0.324	0.364	0.304	0.32	0.338	0.351	0.336	0.368	0.472	0.392	0.342	0.38	0.312	0.339	0.353	0.34	0.358	0.313	0.303	0.316	0.331	0.327	0.332	0.362	0.327	0.388	0.339	0.358	0.305	0.333	0.32	0.334	0.355	0.331	0.371	0.301	0.321	0.371	0.324	0.352	0.535	0.391	0.331	0.26	0.338	0.314	0.329	0.36	0.327	0.316	0.357	0.306	0.309	0.303	0.304	0.266	0.329	
Chromosome	4338910	T	A	0.141	0.169	0.156	0.0	0.142	0.137	0.061	0.095	0.083	0.098	0.137	0.127	0.036	0.118	0.174	0.131	0.068	0.05	0.043	0.024	0.044	0.14	0.159	0.099	0.115	0.052	0.165	0.118	0.045	0.072	0.051	0.046	0.059	0.0	0.118	0.133	0.04	0.037	0.167	0.14	0.165	0.118	0.134	0.164	0.172	0.117	0.086	0.086	0.156	0.067	0.133	0.08	0.111	0.04	0.022	0.0	0.174	0.103	0.142	0.056	0.059	0.152	0.0	0.035	0.088	0.113	0.169	0.122	0.0	
Chromosome	4399469	G	A	0.0	0.253	0.0	0.0	0.0	0.0	0.0	0.0	0.006	0.0	0.0	0.0	0.0	0.0	0.011	0.0	0.0	0.0	0.0	0.0	0.0	0.0	0.0	0.0	0.0	0.0	0.0	0.0	0.0	0.0	0.0	0.0	0.0	0.0	0.0	0.0	0.0	0.0	0.0	0.0	0.0	0.0	0.0	0.0	0.0	0.0	0.0	0.0	0.0	0.0	0.0	0.0	0.0	0.0	0.0	0.0	0.0	0.0	0.0	0.0	0.0	0.0	0.0	0.0	0.0	0.0	0.0	0.0	0.0	
Chromosome	4496485	T	G	0.003	0.112	0.003	0.0	0.0	0.003	0.004	0.0	0.0	0.0	0.015	0.0	0.004	0.055	0.0	0.078	0.0	0.0	0.004	0.0	0.0	0.0	0.006	0.0	0.0	0.0	0.006	0.0	0.0	0.0	0.0	0.004	0.0	0.0	0.006	0.0	0.0	0.0	0.0	0.0	0.0	0.0	0.0	0.0	0.0	0.0	0.0	0.008	0.006	0.0	0.0	0.007	0.0	0.0	0.0	0.0	0.0	0.003	0.0	0.0	0.004	0.007	0.0	0.0	0.0	0.003	0.003	0.0	0.0	
Chromosome	4553058	A	T	0.0	0.313	0.0	0.0	0.0	0.0	0.0	0.0	0.0	0.0	0.0	0.0	0.0	0.0	0.0	0.0	0.0	0.0	0.0	0.0	0.0	0.0	0.0	0.0	0.0	0.0	0.0	0.0	0.0	0.0	0.0	0.0	0.0	0.0	0.0	0.0	0.0	0.0	0.0	0.0	0.002	0.0	0.0	0.0	0.004	0.0	0.0	0.0	0.0	0.0	0.0	0.0	0.0	0.0	0.0	0.0	0.0	0.003	0.0	0.0	0.0	0.0	0.0	0.0	0.0	0.003	0.002	0.003	0.0	
Chromosome	4738593	T	G	0.097	0.22	0.114	0.006	0.173	0.129	0.088	0.239	0.031	0.179	0.202	0.241	0.214	0.183	0.142	0.2	0.133	0.139	0.101	0.289	0.269	0.154	0.148	0.238	0.213	0.319	0.172	0.299	0.22	0.115	0.132	0.082	0.122	0.0	0.173	0.165	0.172	0.237	0.268	0.098	0.114	0.091	0.112	0.096	0.109	0.207	0.203	0.242	0.261	0.25	0.243	0.269	0.227	0.254	0.228	0.0	0.11	0.104	0.095	0.101	0.14	0.197	0.0	0.122	0.183	0.11	0.133	0.072	0.0	
Chromosome	4839669	G	T	0.0	0.221	0.0	0.0	0.0	0.0	0.0	0.007	0.0	0.0	0.009	0.007	0.0	0.0	0.013	0.005	0.0	0.0	0.0	0.0	0.0	0.0	0.0	0.007	0.0	0.0	0.0	0.004	0.0	0.0	0.0	0.0	0.0	0.0	0.0	0.005	0.0	0.0	0.0	0.0	0.0	0.003	0.0	0.0	0.002	0.0	0.0	0.0	0.0	0.014	0.0	0.0	0.0	0.0	0.0	0.0	0.0	0.003	0.0	0.004	0.0	0.003	0.0	0.0	0.0	0.0	0.0	0.0	0.0	
Chromosome	4900768	G	A	0.0	0.219	0.0	0.005	0.0	0.0	0.0	0.0	0.0	0.0	0.0	0.0	0.0	0.0	0.0	0.0	0.0	0.0	0.0	0.0	0.0	0.0	0.0	0.0	0.0	0.0	0.0	0.004	0.005	0.0	0.0	0.0	0.0	0.0	0.0	0.0	0.0	0.0	0.0	0.0	0.0	0.0	0.0	0.0	0.0	0.0	0.006	0.0	0.0	0.0	0.0	0.0	0.0	0.0	0.004	0.0	0.0	0.0	0.0	0.0	0.0	0.0	0.0	0.0	0.0	0.003	0.0	0.0	0.0	
Chromosome	4987024	A	C	0.1	0.133	0.069	0.0	0.113	0.064	0.065	0.262	0.072	0.16	0.167	0.115	0.208	0.107	0.093	0.142	0.058	0.081	0.074	0.128	0.148	0.221	0.16	0.151	0.195	0.129	0.154	0.144	0.171	0.067	0.078	0.069	0.056	0.0	0.115	0.076	0.181	0.166	0.155	0.098	0.064	0.068	0.07	0.039	0.068	0.162	0.142	0.168	0.206	0.138	0.103	0.214	0.125	0.138	0.135	0.0	0.053	0.062	0.051	0.078	0.063	0.106	0.0	0.085	0.136	0.053	0.058	0.052	0.007	
Chromosome	5115075	T	G	0.082	0.201	0.094	0.0	0.118	0.131	0.06	0.196	0.053	0.227	0.16	0.148	0.143	0.117	0.136	0.164	0.113	0.093	0.122	0.188	0.2	0.132	0.172	0.203	0.206	0.12	0.255	0.183	0.126	0.101	0.085	0.064	0.119	0.006	0.134	0.12	0.11	0.163	0.215	0.091	0.098	0.108	0.1	0.108	0.095	0.165	0.214	0.175	0.172	0.168	0.186	0.181	0.237	0.145	0.155	0.005	0.105	0.119	0.073	0.123	0.111	0.144	0.0	0.108	0.112	0.11	0.104	0.137	0.007	
Chromosome	5130937	T	G	0.169	0.248	0.199	0.0	0.271	0.189	0.094	0.215	0.115	0.267	0.211	0.31	0.163	0.263	0.168	0.215	0.185	0.127	0.164	0.132	0.172	0.32	0.226	0.245	0.306	0.336	0.298	0.204	0.097	0.136	0.137	0.136	0.153	0.0	0.279	0.272	0.151	0.153	0.219	0.207	0.208	0.158	0.187	0.196	0.17	0.238	0.264	0.19	0.258	0.224	0.281	0.371	0.194	0.142	0.171	0.0	0.18	0.19	0.194	0.119	0.182	0.248	0.013	0.094	0.224	0.174	0.18	0.172	0.0	
Chromosome	5334170	GC	G	0.006	0.161	0.006	0.767	0.01	0.014	0.223	0.0	0.0	0.0	0.013	0.013	0.012	0.017	0.006	0.009	0.021	0.004	0.007	0.008	0.01	0.014	0.021	0.014	0.007	0.006	0.012	0.0	0.0	0.004	0.016	0.014	0.004	0.005	0.018	0.008	0.022	0.022	0.01	0.013	0.008	0.011	0.007	0.0	0.01	0.007	0.0	0.0	0.0	0.0	0.0	0.005	0.047	0.007	0.008	0.016	0.004	0.003	0.008	0.025	0.0	0.008	0.0	0.018	0.022	0.0	0.005	0.011	0.0	
Chromosome	5359307	A	C	0.12	0.258	0.131	0.0	0.231	0.147	0.071	0.34	0.051	0.295	0.265	0.266	0.089	0.15	0.182	0.175	0.149	0.141	0.12	0.105	0.148	0.242	0.268	0.265	0.267	0.25	0.301	0.241	0.127	0.13	0.121	0.099	0.113	0.005	0.205	0.227	0.127	0.142	0.215	0.163	0.119	0.131	0.145	0.132	0.149	0.25	0.301	0.293	0.333	0.247	0.211	0.302	0.093	0.115	0.121	0.0	0.134	0.144	0.091	0.115	0.132	0.16	0.005	0.142	0.197	0.144	0.123	0.108	0.0	
Chromosome	5411383	C	T	0.0	0.211	0.0	0.0	0.0	0.0	0.0	0.0	0.0	0.0	0.0	0.0	0.0	0.0	0.007	0.0	0.004	0.0	0.004	0.0	0.0	0.0	0.0	0.0	0.0	0.0	0.0	0.005	0.0	0.0	0.0	0.0	0.0	0.0	0.0	0.0	0.0	0.0	0.0	0.0	0.0	0.0	0.0	0.0	0.0	0.0	0.0	0.0	0.0	0.0	0.0	0.0	0.0	0.0	0.004	0.0	0.0	0.0	0.0	0.004	0.0	0.0	0.0	0.0	0.0	0.0	0.0	0.0	0.0	
Chromosome	5445862	T	G	0.0	0.229	0.003	0.005	0.0	0.003	0.0	0.0	0.0	0.007	0.0	0.0	0.0	0.0	0.0	0.0	0.0	0.0	0.0	0.0	0.0	0.0	0.0	0.0	0.0	0.006	0.0	0.0	0.0	0.0	0.0	0.0	0.0	0.005	0.0	0.0	0.0	0.0	0.0	0.0	0.0	0.003	0.0	0.0	0.0	0.0	0.007	0.0	0.0	0.0	0.0	0.0	0.0	0.0	0.0	0.005	0.0	0.0	0.0	0.0	0.0	0.0	0.0	0.0	0.0	0.0	0.003	0.0	0.0	
Chromosome	5461789	T	G	0.108	0.409	0.174	0.008	0.326	0.22	0.145	0.413	0.107	0.359	0.451	0.46	0.412	0.349	0.333	0.346	0.225	0.197	0.174	0.5	0.404	0.315	0.39	0.494	0.459	0.457	0.602	0.455	0.442	0.239	0.237	0.217	0.231	0.0	0.33	0.357	0.316	0.327	0.353	0.17	0.168	0.167	0.181	0.164	0.215	0.327	0.487	0.46	0.532	0.438	0.352	0.44	0.6	0.472	0.342	0.011	0.163	0.144	0.082	0.179	0.278	0.232	0.006	0.263	0.33	0.118	0.137	0.175	0.01	
Chromosome	5461806	A	C	0.089	0.194	0.089	0.0	0.144	0.106	0.09	0.262	0.037	0.242	0.213	0.242	0.126	0.229	0.184	0.15	0.091	0.176	0.115	0.15	0.105	0.194	0.305	0.162	0.238	0.222	0.333	0.274	0.125	0.113	0.092	0.076	0.119	0.0	0.214	0.2	0.15	0.119	0.294	0.141	0.115	0.079	0.166	0.069	0.11	0.153	0.209	0.186	0.229	0.152	0.151	0.205	0.179	0.153	0.179	0.0	0.118	0.075	0.092	0.101	0.144	0.144	0.0	0.057	0.103	0.09	0.101	0.098	0.01	
Chromosome	5512267	A	C	0.136	0.176	0.138	0.006	0.208	0.15	0.116	0.262	0.136	0.148	0.275	0.185	0.193	0.247	0.181	0.204	0.122	0.205	0.17	0.194	0.214	0.205	0.27	0.237	0.228	0.226	0.227	0.195	0.233	0.173	0.184	0.201	0.177	0.0	0.181	0.201	0.181	0.239	0.144	0.131	0.143	0.133	0.116	0.126	0.154	0.179	0.237	0.242	0.247	0.222	0.264	0.202	0.289	0.301	0.2	0.005	0.129	0.12	0.087	0.192	0.169	0.136	0.005	0.164	0.26	0.123	0.111	0.126	0.0	
Chromosome	5671905	A	C	0.092	0.127	0.089	0.025	0.084	0.083	0.062	0.079	0.093	0.105	0.073	0.064	0.13	0.13	0.146	0.088	0.096	0.103	0.093	0.105	0.196	0.092	0.131	0.102	0.058	0.113	0.112	0.151	0.152	0.104	0.123	0.13	0.085	0.013	0.091	0.092	0.144	0.11	0.123	0.064	0.078	0.101	0.075	0.099	0.108	0.118	0.094	0.066	0.14	0.085	0.11	0.071	0.211	0.169	0.15	0.023	0.084	0.082	0.08	0.089	0.133	0.092	0.01	0.083	0.16	0.087	0.057	0.085	0.024	
Chromosome	5683903	T	C	0.0	0.161	0.0	0.0	0.0	0.0	0.0	0.0	0.0	0.0	0.0	0.0	0.0	0.0	0.0	0.0	0.0	0.0	0.0	0.0	0.0	0.0	0.0	0.0	0.0	0.0	0.0	0.0	0.0	0.0	0.0	0.0	0.0	0.0	0.0	0.0	0.0	0.0	0.0	0.0	0.0	0.0	0.0	0.0	0.0	0.0	0.0	0.0	0.0	0.0	0.0	0.0	0.0	0.0	0.0	0.0	0.0	0.0	0.0	0.0	0.0	0.0	0.0	0.0	0.0	0.0	0.0	0.0	0.0	
Chromosome	5730224	A	C	0.045	0.089	0.021	0.0	0.066	0.031	0.015	0.078	0.006	0.092	0.093	0.053	0.042	0.053	0.108	0.072	0.041	0.05	0.043	0.021	0.041	0.077	0.129	0.098	0.042	0.16	0.091	0.085	0.049	0.038	0.026	0.056	0.035	0.0	0.087	0.022	0.046	0.048	0.063	0.03	0.036	0.034	0.026	0.04	0.022	0.102	0.131	0.087	0.085	0.101	0.05	0.08	0.048	0.037	0.055	0.0	0.04	0.022	0.034	0.032	0.031	0.038	0.0	0.054	0.075	0.017	0.028	0.019	0.0	
Chromosome	5757785	T	G	0.091	0.155	0.084	0.0	0.074	0.114	0.091	0.069	0.063	0.086	0.145	0.075	0.098	0.066	0.103	0.077	0.103	0.11	0.125	0.109	0.101	0.148	0.083	0.089	0.102	0.099	0.053	0.163	0.103	0.113	0.124	0.152	0.116	0.0	0.104	0.121	0.123	0.127	0.071	0.092	0.095	0.09	0.115	0.072	0.114	0.073	0.106	0.126	0.117	0.058	0.105	0.101	0.148	0.145	0.114	0.0	0.1	0.088	0.08	0.151	0.114	0.089	0.0	0.16	0.085	0.105	0.074	0.074	0.0	
Chromosome	5803262	A	C	0.0	0.096	0.0	0.0	0.0	0.0	0.003	0.006	0.0	0.0	0.0	0.0	0.0	0.015	0.0	0.034	0.004	0.0	0.0	0.0	0.0	0.009	0.0	0.007	0.007	0.0	0.0	0.0	0.0	0.0	0.0	0.004	0.0	0.0	0.009	0.0	0.011	0.0	0.0	0.003	0.002	0.0	0.006	0.0	0.002	0.0	0.0	0.007	0.0	0.0	0.007	0.0	0.0	0.005	0.0	0.0	0.0	0.0	0.0	0.0	0.0	0.003	0.005	0.0	0.0	0.0	0.0	0.0	0.006	
Chromosome	5884206	A	C	0.112	0.157	0.08	0.008	0.123	0.127	0.066	0.095	0.089	0.187	0.179	0.103	0.062	0.113	0.131	0.128	0.073	0.1	0.101	0.074	0.094	0.141	0.089	0.087	0.087	0.124	0.035	0.141	0.097	0.071	0.073	0.061	0.074	0.0	0.152	0.1	0.12	0.065	0.09	0.107	0.106	0.062	0.053	0.078	0.083	0.155	0.147	0.188	0.181	0.105	0.092	0.102	0.111	0.081	0.071	0.0	0.091	0.066	0.079	0.053	0.094	0.067	0.0	0.14	0.126	0.114	0.119	0.096	0.0	
Chromosome	5897510	T	G	0.078	0.128	0.085	0.0	0.167	0.1	0.071	0.098	0.09	0.138	0.074	0.095	0.086	0.132	0.09	0.123	0.094	0.078	0.112	0.057	0.174	0.109	0.125	0.075	0.055	0.073	0.091	0.083	0.132	0.115	0.119	0.126	0.112	0.005	0.114	0.081	0.136	0.108	0.087	0.069	0.121	0.092	0.072	0.059	0.094	0.11	0.063	0.053	0.085	0.105	0.097	0.081	0.063	0.078	0.091	0.0	0.118	0.117	0.123	0.107	0.07	0.068	0.005	0.124	0.14	0.081	0.124	0.119	0.0	
Chromosome	5939331	T	G	0.153	0.195	0.155	0.007	0.239	0.195	0.073	0.257	0.062	0.29	0.182	0.317	0.126	0.208	0.176	0.195	0.166	0.168	0.132	0.123	0.042	0.214	0.3	0.291	0.227	0.261	0.259	0.22	0.148	0.133	0.12	0.116	0.168	0.0	0.197	0.209	0.089	0.139	0.177	0.148	0.178	0.174	0.158	0.17	0.189	0.233	0.267	0.262	0.258	0.286	0.255	0.273	0.125	0.138	0.11	0.013	0.146	0.164	0.131	0.132	0.121	0.19	0.0	0.083	0.215	0.136	0.176	0.134	0.0	
Chromosome	6135889	T	G	0.068	0.147	0.068	0.016	0.134	0.057	0.079	0.227	0.045	0.228	0.201	0.267	0.148	0.14	0.163	0.132	0.118	0.12	0.104	0.127	0.141	0.179	0.236	0.245	0.292	0.219	0.175	0.139	0.158	0.108	0.13	0.168	0.131	0.0	0.162	0.145	0.151	0.15	0.174	0.062	0.082	0.079	0.098	0.069	0.092	0.274	0.24	0.203	0.239	0.27	0.183	0.2	0.194	0.173	0.166	0.006	0.066	0.11	0.081	0.136	0.144	0.178	0.0	0.105	0.157	0.095	0.071	0.067	0.007	
Chromosome	6336519	G	C	0.131	0.144	0.072	0.0	0.101	0.175	0.181	0.108	0.085	0.108	0.132	0.12	0.184	0.091	0.101	0.14	0.102	0.137	0.183	0.1	0.057	0.107	0.194	0.087	0.085	0.145	0.111	0.151	0.182	0.11	0.137	0.163	0.106	0.005	0.126	0.097	0.053	0.075	0.13	0.163	0.192	0.128	0.114	0.177	0.13	0.062	0.082	0.136	0.098	0.12	0.106	0.138	0.167	0.269	0.042	0.0	0.156	0.116	0.138	0.117	0.138	0.139	0.0	0.083	0.152	0.143	0.117	0.122	0.0	
Chromosome	6336520	T	G	0.244	0.347	0.246	0.013	0.339	0.307	0.324	0.269	0.276	0.378	0.288	0.297	0.35	0.317	0.281	0.321	0.312	0.4	0.35	0.315	0.571	0.4	0.316	0.278	0.293	0.39	0.352	0.407	0.392	0.328	0.381	0.292	0.258	0.005	0.323	0.296	0.34	0.286	0.416	0.335	0.325	0.268	0.246	0.397	0.282	0.415	0.356	0.308	0.3	0.413	0.348	0.358	0.643	0.367	0.391	0.005	0.317	0.296	0.269	0.343	0.368	0.331	0.017	0.256	0.409	0.288	0.281	0.346	0.0	
Chromosome	6458276	T	G	0.134	0.176	0.113	0.005	0.155	0.143	0.093	0.138	0.135	0.17	0.152	0.155	0.139	0.152	0.154	0.131	0.119	0.164	0.163	0.152	0.081	0.123	0.133	0.088	0.157	0.154	0.132	0.136	0.123	0.148	0.145	0.118	0.147	0.0	0.131	0.146	0.174	0.168	0.144	0.155	0.125	0.07	0.11	0.117	0.096	0.135	0.134	0.165	0.195	0.145	0.179	0.197	0.026	0.106	0.125	0.0	0.105	0.119	0.112	0.127	0.101	0.114	0.0	0.107	0.149	0.103	0.122	0.066	0.0	
Chromosome	6618596	T	G	0.013	0.114	0.006	0.0	0.0	0.0	0.0	0.007	0.005	0.0	0.006	0.006	0.012	0.045	0.074	0.06	0.0	0.004	0.004	0.007	0.0	0.0	0.018	0.022	0.0	0.007	0.018	0.014	0.004	0.0	0.0	0.007	0.0	0.0	0.122	0.047	0.005	0.004	0.009	0.0	0.002	0.013	0.0	0.0	0.005	0.0	0.011	0.006	0.005	0.021	0.006	0.0	0.0	0.009	0.003	0.0	0.005	0.005	0.0	0.006	0.011	0.006	0.0	0.006	0.01	0.003	0.004	0.003	0.0	
Chromosome	6687524	T	G	0.332	0.432	0.27	0.0	0.394	0.319	0.195	0.426	0.115	0.434	0.459	0.475	0.46	0.342	0.451	0.34	0.288	0.226	0.232	0.425	0.429	0.333	0.458	0.512	0.505	0.57	0.53	0.45	0.446	0.277	0.215	0.257	0.276	0.0	0.447	0.368	0.291	0.372	0.348	0.285	0.314	0.265	0.299	0.311	0.257	0.525	0.611	0.5	0.592	0.5	0.578	0.471	0.429	0.311	0.333	0.004	0.296	0.303	0.247	0.204	0.318	0.328	0.012	0.245	0.444	0.289	0.293	0.267	0.005	
Chromosome	6687723	A	C	0.063	0.106	0.043	0.005	0.121	0.048	0.077	0.048	0.088	0.034	0.093	0.043	0.087	0.108	0.102	0.08	0.082	0.135	0.066	0.093	0.111	0.078	0.104	0.039	0.074	0.113	0.063	0.079	0.07	0.11	0.094	0.105	0.094	0.0	0.084	0.063	0.122	0.137	0.08	0.095	0.053	0.056	0.098	0.068	0.066	0.086	0.107	0.068	0.058	0.089	0.083	0.084	0.115	0.08	0.053	0.004	0.071	0.1	0.055	0.092	0.055	0.072	0.0	0.074	0.088	0.074	0.061	0.059	0.0	
Chromosome	6769671	T	G	0.032	0.165	0.065	0.005	0.155	0.088	0.04	0.146	0.03	0.115	0.155	0.149	0.081	0.122	0.178	0.139	0.067	0.094	0.059	0.081	0.098	0.155	0.182	0.127	0.195	0.133	0.127	0.153	0.073	0.076	0.067	0.065	0.088	0.0	0.139	0.128	0.054	0.124	0.145	0.065	0.078	0.06	0.068	0.043	0.065	0.187	0.128	0.224	0.22	0.216	0.134	0.159	0.091	0.098	0.098	0.0	0.076	0.078	0.056	0.09	0.077	0.15	0.0	0.078	0.123	0.081	0.084	0.073	0.006	
Chromosome	6778441	A	C	0.072	0.166	0.074	0.036	0.148	0.079	0.127	0.12	0.064	0.17	0.122	0.098	0.177	0.132	0.102	0.163	0.111	0.124	0.126	0.22	0.217	0.119	0.15	0.083	0.116	0.172	0.184	0.153	0.181	0.118	0.092	0.146	0.135	0.025	0.127	0.202	0.19	0.176	0.164	0.103	0.098	0.116	0.103	0.14	0.056	0.171	0.165	0.174	0.166	0.199	0.168	0.17	0.239	0.201	0.173	0.033	0.098	0.09	0.098	0.129	0.126	0.143	0.035	0.122	0.172	0.075	0.076	0.121	0.014	
Chromosome	6923330	T	G	0.29	0.322	0.258	0.0	0.42	0.264	0.271	0.507	0.253	0.352	0.347	0.411	0.365	0.397	0.421	0.319	0.333	0.374	0.324	0.472	0.587	0.472	0.467	0.396	0.397	0.383	0.427	0.39	0.423	0.307	0.372	0.351	0.382	0.0	0.392	0.372	0.46	0.412	0.466	0.31	0.292	0.261	0.261	0.294	0.261	0.339	0.411	0.474	0.417	0.493	0.376	0.471	0.588	0.413	0.437	0.0	0.261	0.3	0.279	0.36	0.294	0.352	0.006	0.265	0.283	0.236	0.273	0.232	0.014	
