chromosome	pos	ref	mut	APAW	H2	INH2	H1	H3	INH1	INHA	MockH	Ana1	BedA	BedB	BedC	BedD	CipA	CipB	CipC	CLFA	CLFB	CLFC	CombA2	CombA3	CombA	CombAu1	CombAu3	CombAu5	CombB	CombC	CycloA	CycloB	CycloC	EMBA	EMBB	EMBC	F1	F2	F3	LzdA	LzdB	LzdC	M91	M92	M9B	MMCA	MMCB	MMCC	MockA	MockB	MockC	MockD	MockE	MockF	MockG	MockI	MockJ	MockK	MockL	NANOA	NANOB	NANOC	RIFA	RIFB	RIFC	S1	S2	S3	UV1	UV2	UV3	WT_Msm
Chromosome	352568	C	CCTG	0.0	0.2	0.0	0.0	0.0	0.0	0.0	0.0	0.0	0.0	0.0	0.0	0.0	0.0	0.0	0.0	0.0	0.0	0.0	0.0	0.0	0.0	0.0	0.0	0.0	0.0	0.0	0.0	0.0	0.0	0.0	0.0	0.0	0.0	0.0	0.0	0.0	0.0	0.0	0.0	0.0	0.0	0.0	0.0	0.002	0.0	0.0	0.0	0.0	0.0	0.0	0.0	0.0	0.0	0.0	0.0	0.0	0.0	0.0	0.0	0.0	0.0	0.0	0.0	0.0	0.0	0.0	0.0	0.0	
Chromosome	424972	A	G	0.0	0.808	0.0	0.201	0.0	0.003	0.0	0.0	0.0	0.0	0.0	0.0	0.0	0.0	0.0	0.0	0.0	0.0	0.0	0.0	0.0	0.0	0.0	0.0	0.0	0.0	0.0	0.0	0.0	0.0	0.0	0.0	0.0	0.0	0.24	0.19	0.0	0.004	0.0	0.0	0.0	0.0	0.0	0.0	0.0	0.0	0.0	0.0	0.0	0.0	0.0	0.0	0.0	0.0	0.0	0.0	0.0	0.0	0.0	0.0	0.0	0.003	0.662	0.166	0.443	0.0	0.002	0.0	0.22	
Chromosome	521698	A	G	0.0	0.145	0.0	0.0	0.0	0.0	0.0	0.0	0.0	0.007	0.0	0.0	0.0	0.0	0.0	0.0	0.0	0.0	0.0	0.0	0.0	0.0	0.007	0.007	0.0	0.0	0.006	0.0	0.0	0.0	0.0	0.0	0.0	0.09	0.0	0.0	0.0	0.0	0.0	0.003	0.002	0.0	0.0	0.0	0.002	0.0	0.0	0.0	0.0	0.0	0.0	0.0	0.0	0.0	0.0	0.106	0.0	0.006	0.0	0.0	0.0	0.0	0.094	0.0	0.0	0.0	0.0	0.0	0.091	
Chromosome	840650	A	C	0.008	0.095	0.006	0.012	0.016	0.01	0.007	0.0	0.014	0.022	0.012	0.007	0.007	0.004	0.006	0.0	0.0	0.014	0.008	0.004	0.011	0.03	0.006	0.006	0.02	0.012	0.0	0.008	0.013	0.007	0.026	0.018	0.024	0.087	0.018	0.014	0.013	0.004	0.011	0.01	0.007	0.03	0.006	0.01	0.01	0.0	0.019	0.0	0.02	0.013	0.0	0.0	0.0	0.013	0.003	0.089	0.012	0.01	0.002	0.009	0.0	0.015	0.086	0.0	0.009	0.013	0.011	0.008	0.066	
Chromosome	980381	ATCCACT	A	0.018	0.0	0.009	0.0	0.005	0.012	0.004	0.0	0.007	0.0	0.0	0.013	0.012	0.0	0.023	0.02	0.0	0.023	0.009	0.005	0.009	0.009	0.006	0.013	0.008	0.0	0.014	0.009	0.005	0.028	0.0	0.01	0.005	0.006	0.014	0.005	0.0	0.01	0.014	0.019	0.004	0.02	0.007	0.003	0.007	0.0	0.0	0.0	0.0	0.0	0.013	0.017	0.0	0.006	0.008	0.01	0.02	0.02	0.012	0.005	0.015	0.0	0.014	0.012	0.005	0.009	0.019	0.008	0.007	
Chromosome	980392	A	G	0.0	0.141	0.0	0.0	0.0	0.0	0.0	0.0	0.0	0.0	0.0	0.0	0.0	0.0	0.0	0.0	0.0	0.0	0.0	0.0	0.0	0.0	0.0	0.0	0.0	0.0	0.0	0.0	0.0	0.0	0.0	0.0	0.0	0.089	0.0	0.0	0.0	0.0	0.0	0.0	0.0	0.0	0.0	0.0	0.002	0.0	0.0	0.0	0.0	0.0	0.0	0.006	0.0	0.0	0.0	0.08	0.0	0.0	0.0	0.0	0.0	0.0	0.062	0.0	0.0	0.0	0.0	0.0	0.045	
Chromosome	1341535	T	TGGCTCTTCGCACTTGACGGTGTAGAGA	0.0	0.0	0.0	0.0	0.0	0.0	0.0	0.0	0.0	0.0	0.0	0.0	0.0	0.0	0.0	0.0	0.0	0.0	0.0	0.0	0.0	0.0	0.0	0.0	0.0	0.0	0.0	0.0	0.0	0.0	0.0	0.0	0.0	0.0	0.0	0.0	0.0	0.0	0.0	0.0	0.0	0.0	0.0	0.0	0.0	0.0	0.0	0.0	0.0	0.0	0.0	0.0	0.0	0.0	0.0	0.0	0.0	0.0	0.0	0.0	0.0	0.0	0.0	0.0	0.0	0.0	0.0	0.0	0.0	
Chromosome	1488877	G	A	0.0	0.148	0.0	0.0	0.0	0.0	0.0	0.0	0.0	0.0	0.0	0.0	0.0	0.0	0.0	0.0	0.0	0.0	0.0	0.0	0.0	0.0	0.0	0.0	0.0	0.0	0.0	0.0	0.0	0.0	0.0	0.0	0.0	0.0	0.0	0.0	0.0	0.0	0.0	0.0	0.0	0.0	0.0	0.0	0.0	0.0	0.0	0.0	0.0	0.0	0.0	0.0	0.0	0.0	0.0	0.0	0.0	0.0	0.0	0.0	0.0	0.0	0.0	0.0	0.0	0.0	0.0	0.0	0.0	
Chromosome	1609016	T	G	0.085	0.269	0.123	0.107	0.14	0.089	0.099	0.115	0.039	0.087	0.106	0.099	0.139	0.15	0.103	0.138	0.096	0.124	0.124	0.122	0.061	0.112	0.133	0.086	0.041	0.088	0.103	0.12	0.123	0.119	0.11	0.114	0.134	0.2	0.14	0.118	0.12	0.088	0.109	0.11	0.089	0.089	0.083	0.082	0.082	0.042	0.114	0.122	0.1	0.114	0.106	0.077	0.13	0.12	0.094	0.237	0.1	0.094	0.115	0.102	0.074	0.138	0.218	0.112	0.146	0.096	0.075	0.096	0.286	
Chromosome	2353086	A	C	0.015	0.116	0.003	0.006	0.0	0.003	0.004	0.0	0.007	0.024	0.0	0.014	0.017	0.005	0.005	0.0	0.017	0.005	0.008	0.005	0.009	0.013	0.018	0.0	0.009	0.0	0.007	0.018	0.0	0.008	0.004	0.008	0.004	0.062	0.012	0.0	0.011	0.0	0.0	0.006	0.009	0.006	0.007	0.004	0.002	0.0	0.0	0.022	0.0	0.01	0.015	0.013	0.0	0.0	0.0	0.071	0.002	0.0	0.0	0.0	0.005	0.0	0.057	0.01	0.014	0.003	0.008	0.006	0.094	
Chromosome	2535774	G	T	0.0	0.203	0.0	0.005	0.0	0.0	0.0	0.0	0.0	0.0	0.0	0.0	0.0	0.0	0.0	0.0	0.0	0.0	0.0	0.0	0.0	0.0	0.0	0.0	0.0	0.007	0.0	0.0	0.0	0.0	0.0	0.0	0.0	0.0	0.0	0.0	0.0	0.0	0.005	0.0	0.0	0.0	0.004	0.0	0.0	0.0	0.0	0.0	0.0	0.0	0.0	0.007	0.0	0.0	0.0	0.007	0.0	0.003	0.0	0.0	0.0	0.004	0.0	0.0	0.0	0.0	0.002	0.0	0.0	
Chromosome	2628564	T	G	0.0	0.124	0.0	0.0	0.0	0.0	0.0	0.0	0.0	0.0	0.007	0.0	0.0	0.0	0.0	0.0	0.0	0.0	0.0	0.0	0.007	0.0	0.0	0.0	0.0	0.0	0.0	0.0	0.0	0.0	0.0	0.0	0.0	0.145	0.0	0.0	0.0	0.0	0.0	0.003	0.0	0.0	0.0	0.0	0.0	0.0	0.0	0.0	0.0	0.0	0.0	0.0	0.0	0.0	0.0	0.197	0.0	0.0	0.0	0.0	0.0	0.004	0.162	0.0	0.0	0.0	0.0	0.0	0.244	
Chromosome	2628569	T	G	0.0	0.164	0.0	0.009	0.0	0.007	0.003	0.008	0.005	0.007	0.0	0.0	0.003	0.0	0.0	0.005	0.008	0.008	0.0	0.0	0.014	0.0	0.0	0.006	0.006	0.0	0.006	0.013	0.013	0.0	0.013	0.007	0.008	0.129	0.0	0.0	0.009	0.012	0.0	0.0	0.002	0.003	0.0	0.003	0.002	0.0	0.0	0.006	0.011	0.0	0.007	0.012	0.0	0.005	0.003	0.136	0.002	0.0	0.003	0.007	0.0	0.0	0.081	0.005	0.008	0.003	0.002	0.0	0.198	
Chromosome	2702838	G	T	0.003	0.169	0.0	0.0	0.0	0.0	0.004	0.0	0.0	0.0	0.0	0.0	0.0	0.0	0.0	0.0	0.0	0.0	0.0	0.0	0.0	0.0	0.0	0.0	0.0	0.0	0.0	0.0	0.0	0.0	0.0	0.0	0.0	0.0	0.0	0.0	0.0	0.0	0.0	0.0	0.0	0.0	0.0	0.0	0.0	0.0	0.0	0.0	0.007	0.0	0.0	0.0	0.0	0.0	0.0	0.006	0.0	0.0	0.002	0.0	0.0	0.0	0.0	0.0	0.006	0.003	0.0	0.0	0.0	
Chromosome	2747740	G	C	0.0	0.098	0.0	0.0	0.0	0.0	0.0	0.0	0.007	0.0	0.0	0.0	0.0	0.0	0.0	0.0	0.0	0.0	0.0	0.0	0.0	0.0	0.0	0.0	0.0	0.0	0.0	0.0	0.0	0.0	0.0	0.0	0.0	0.126	0.0	0.0	0.006	0.0	0.0	0.0	0.0	0.0	0.0	0.0	0.0	0.0	0.0	0.0	0.0	0.0	0.0	0.007	0.0	0.0	0.0	0.146	0.0	0.0	0.0	0.0	0.0	0.0	0.099	0.0	0.0	0.0	0.0	0.0	0.026	
Chromosome	2771440	T	G	0.0	0.194	0.0	0.0	0.0	0.0	0.0	0.0	0.0	0.0	0.0	0.0	0.0	0.0	0.0	0.0	0.0	0.0	0.0	0.0	0.0	0.0	0.0	0.0	0.0	0.0	0.0	0.0	0.0	0.0	0.005	0.0	0.0	0.015	0.0	0.0	0.0	0.0	0.0	0.0	0.0	0.0	0.0	0.0	0.0	0.0	0.007	0.0	0.0	0.0	0.0	0.0	0.0	0.0	0.0	0.0	0.0	0.0	0.0	0.0	0.0	0.0	0.0	0.0	0.0	0.0	0.0	0.003	0.0	
Chromosome	2946514	C	G	0.091	0.173	0.094	0.107	0.123	0.077	0.081	0.108	0.094	0.085	0.129	0.083	0.186	0.079	0.108	0.099	0.068	0.079	0.06	0.114	0.052	0.067	0.102	0.137	0.144	0.088	0.07	0.136	0.133	0.065	0.067	0.08	0.088	0.167	0.107	0.084	0.094	0.099	0.133	0.09	0.086	0.071	0.095	0.093	0.108	0.14	0.136	0.107	0.118	0.105	0.113	0.106	0.22	0.138	0.072	0.16	0.086	0.102	0.089	0.079	0.056	0.092	0.216	0.097	0.118	0.078	0.074	0.11	0.144	
Chromosome	3082199	C	T	0.0	0.216	0.0	0.0	0.0	0.0	0.0	0.0	0.0	0.0	0.0	0.0	0.0	0.0	0.0	0.0	0.0	0.0	0.0	0.0	0.0	0.0	0.0	0.0	0.0	0.0	0.0	0.0	0.0	0.0	0.0	0.0	0.0	0.0	0.0	0.0	0.0	0.0	0.0	0.0	0.0	0.0	0.0	0.0	0.0	0.0	0.0	0.0	0.0	0.007	0.0	0.0	0.0	0.0	0.0	0.0	0.0	0.0	0.0	0.0	0.0	0.0	0.0	0.0	0.0	0.0	0.0	0.0	0.0	
Chromosome	3203761	A	AC	0.0	0.154	0.0	0.0	0.0	0.0	0.0	0.0	0.0	0.0	0.0	0.0	0.0	0.0	0.0	0.0	0.0	0.0	0.0	0.0	0.0	0.0	0.0	0.0	0.0	0.0	0.0	0.0	0.0	0.0	0.0	0.0	0.0	0.0	0.0	0.0	0.0	0.0	0.0	0.0	0.0	0.0	0.0	0.0	0.0	0.0	0.0	0.0	0.0	0.0	0.0	0.0	0.0	0.0	0.0	0.0	0.0	0.0	0.0	0.0	0.0	0.0	0.0	0.0	0.0	0.0	0.0	0.0	0.0	
Chromosome	3352822	G	C	0.0	0.058	0.0	0.0	0.0	0.0	0.0	0.0	0.0	0.0	0.0	0.0	0.0	0.0	0.0	0.0	0.0	0.0	0.0	0.0	0.0	0.0	0.0	0.0	0.0	0.0	0.0	0.0	0.0	0.0	0.0	0.0	0.0	0.0	0.0	0.0	0.0	0.0	0.0	0.0	0.0	0.003	0.0	0.0	0.0	0.0	0.0	0.0	0.0	0.0	0.0	0.007	0.0	0.0	0.0	0.0	0.0	0.0	0.0	0.0	0.0	0.0	0.0	0.0	0.0	0.0	0.0	0.0	0.0	
Chromosome	3591205	A	C	0.009	0.09	0.026	0.0	0.007	0.004	0.008	0.027	0.0	0.017	0.009	0.0	0.005	0.005	0.016	0.0	0.005	0.005	0.013	0.005	0.017	0.0	0.0	0.006	0.007	0.0	0.007	0.005	0.0	0.004	0.005	0.014	0.005	0.043	0.02	0.0	0.012	0.0	0.014	0.004	0.012	0.003	0.019	0.004	0.002	0.0	0.016	0.0	0.008	0.0	0.024	0.0	0.0	0.0	0.0	0.086	0.005	0.008	0.007	0.017	0.006	0.009	0.068	0.006	0.007	0.014	0.002	0.003	0.071	
Chromosome	3662056	G	A	0.0	0.199	0.0	0.0	0.0	0.0	0.0	0.0	0.0	0.0	0.0	0.0	0.0	0.0	0.0	0.0	0.0	0.0	0.0	0.0	0.0	0.0	0.0	0.0	0.0	0.0	0.0	0.0	0.0	0.0	0.0	0.0	0.0	0.0	0.0	0.0	0.0	0.0	0.0	0.0	0.0	0.0	0.0	0.0	0.0	0.0	0.0	0.0	0.0	0.0	0.0	0.0	0.0	0.0	0.0	0.0	0.0	0.0	0.0	0.0	0.0	0.0	0.0	0.0	0.0	0.0	0.0	0.0	0.0	
Chromosome	4143094	G	A	0.0	0.764	0.0	0.168	0.0	0.003	0.0	0.0	0.0	0.0	0.0	0.0	0.0	0.0	0.011	0.0	0.004	0.0	0.0	0.0	0.0	0.0	0.0	0.0	0.0	0.0	0.0	0.0	0.0	0.0	0.0	0.0	0.0	0.0	0.24	0.207	0.0	0.0	0.0	0.0	0.0	0.0	0.0	0.0	0.0	0.0	0.0	0.0	0.0	0.0	0.0	0.0	0.0	0.0	0.0	0.0	0.0	0.0	0.0	0.0	0.0	0.0	0.586	0.182	0.438	0.0	0.0	0.0	0.164	
Chromosome	4214321	G	T	0.529	0.55	0.515	0.535	0.536	0.505	0.537	0.609	0.434	0.504	0.535	0.506	0.488	0.49	0.508	0.522	0.467	0.508	0.486	0.461	0.44	0.5	0.562	0.546	0.516	0.506	0.475	0.489	0.518	0.512	0.491	0.538	0.498	0.48	0.489	0.498	0.542	0.471	0.535	0.499	0.522	0.532	0.509	0.501	0.518	0.532	0.496	0.437	0.482	0.494	0.488	0.547	0.667	0.516	0.494	0.327	0.527	0.502	0.5	0.52	0.555	0.518	0.497	0.522	0.512	0.497	0.481	0.394	0.498	
Chromosome	4214326	C	A	0.527	0.554	0.524	0.535	0.536	0.506	0.531	0.611	0.448	0.506	0.551	0.508	0.494	0.501	0.496	0.524	0.477	0.511	0.498	0.472	0.443	0.506	0.555	0.525	0.537	0.51	0.476	0.49	0.5	0.517	0.491	0.534	0.5	0.482	0.477	0.503	0.543	0.486	0.537	0.498	0.516	0.526	0.513	0.503	0.516	0.544	0.495	0.458	0.492	0.5	0.477	0.562	0.663	0.526	0.493	0.332	0.53	0.503	0.497	0.512	0.551	0.514	0.501	0.527	0.52	0.503	0.483	0.401	0.495	
Chromosome	4214347	A	C	0.51	0.544	0.504	0.541	0.526	0.494	0.538	0.582	0.466	0.518	0.532	0.519	0.506	0.494	0.484	0.535	0.484	0.495	0.491	0.475	0.473	0.508	0.556	0.527	0.529	0.528	0.512	0.494	0.5	0.506	0.496	0.54	0.508	0.468	0.473	0.529	0.542	0.482	0.535	0.503	0.512	0.533	0.514	0.48	0.518	0.546	0.514	0.481	0.492	0.522	0.485	0.571	0.647	0.551	0.508	0.343	0.538	0.495	0.504	0.507	0.542	0.519	0.512	0.532	0.532	0.492	0.466	0.412	0.475	
Chromosome	4214560	C	A	0.452	0.538	0.476	0.505	0.511	0.494	0.515	0.472	0.533	0.441	0.444	0.525	0.503	0.477	0.478	0.474	0.465	0.518	0.466	0.465	0.544	0.5	0.53	0.506	0.48	0.485	0.401	0.533	0.478	0.449	0.475	0.494	0.517	0.463	0.458	0.491	0.485	0.48	0.481	0.502	0.45	0.481	0.478	0.497	0.486	0.431	0.453	0.479	0.42	0.509	0.468	0.49	0.509	0.462	0.494	0.408	0.494	0.506	0.43	0.49	0.489	0.515	0.524	0.498	0.496	0.442	0.432	0.326	0.498	
Chromosome	4214572	C	A	0.459	0.53	0.454	0.509	0.513	0.481	0.519	0.473	0.519	0.416	0.429	0.502	0.494	0.471	0.486	0.465	0.464	0.508	0.467	0.451	0.538	0.486	0.514	0.496	0.482	0.498	0.408	0.527	0.469	0.444	0.472	0.473	0.501	0.47	0.462	0.489	0.485	0.465	0.478	0.489	0.451	0.479	0.477	0.504	0.485	0.459	0.452	0.473	0.412	0.48	0.455	0.479	0.522	0.462	0.486	0.406	0.493	0.489	0.426	0.493	0.501	0.512	0.548	0.488	0.5	0.44	0.42	0.324	0.495	
Chromosome	4214624	G	T	0.448	0.503	0.427	0.476	0.453	0.439	0.477	0.462	0.487	0.407	0.436	0.455	0.444	0.45	0.447	0.459	0.435	0.469	0.439	0.447	0.524	0.416	0.5	0.464	0.442	0.441	0.378	0.51	0.412	0.391	0.45	0.471	0.45	0.407	0.434	0.451	0.418	0.416	0.428	0.461	0.421	0.448	0.435	0.464	0.448	0.438	0.421	0.397	0.385	0.465	0.392	0.463	0.491	0.472	0.401	0.378	0.451	0.436	0.409	0.476	0.485	0.462	0.507	0.467	0.444	0.409	0.377	0.333	0.511	
Chromosome	4214739	G	GT	0.34	0.317	0.321	0.287	0.332	0.332	0.353	0.367	0.395	0.304	0.332	0.352	0.324	0.364	0.304	0.32	0.338	0.351	0.336	0.368	0.472	0.392	0.342	0.38	0.312	0.339	0.353	0.34	0.358	0.313	0.303	0.316	0.331	0.327	0.332	0.362	0.327	0.388	0.339	0.358	0.305	0.333	0.32	0.334	0.355	0.331	0.371	0.301	0.321	0.371	0.324	0.352	0.535	0.391	0.331	0.26	0.338	0.314	0.329	0.36	0.327	0.316	0.357	0.306	0.309	0.303	0.304	0.266	0.329	
Chromosome	4214852	A	AG	0.06	0.051	0.061	0.037	0.087	0.069	0.07	0.048	0.074	0.043	0.078	0.072	0.05	0.058	0.023	0.048	0.056	0.076	0.083	0.069	0.07	0.099	0.049	0.107	0.048	0.074	0.046	0.047	0.057	0.059	0.07	0.045	0.05	0.022	0.065	0.047	0.066	0.067	0.066	0.062	0.073	0.066	0.044	0.084	0.064	0.024	0.074	0.088	0.054	0.039	0.026	0.069	0.065	0.06	0.058	0.082	0.057	0.058	0.053	0.058	0.067	0.049	0.097	0.015	0.066	0.073	0.054	0.058	0.045	
Chromosome	4214853	C	CAATGATCAATACCTGTG	0.0	0.034	0.003	0.0	0.0	0.0	0.004	0.008	0.0	0.0	0.0	0.008	0.0	0.004	0.0	0.0	0.0	0.013	0.003	0.0	0.0	0.0	0.006	0.0	0.0	0.006	0.0	0.0	0.004	0.0	0.008	0.003	0.0	0.011	0.0	0.006	0.0	0.004	0.0	0.0	0.0	0.003	0.0	0.0	0.004	0.0	0.0	0.0	0.0	0.007	0.0	0.006	0.0	0.004	0.006	0.06	0.0	0.0	0.0	0.008	0.009	0.0	0.067	0.0	0.004	0.0	0.0	0.0	0.019	
Chromosome	4603855	A	ACCCCCCCCC	0.0	0.0	0.0	0.0	0.0	0.0	0.0	0.0	0.0	0.0	0.0	0.0	0.0	0.0	0.0	0.0	0.0	0.0	0.0	0.0	0.0	0.0	0.0	0.0	0.0	0.0	0.0	0.0	0.0	0.0	0.0	0.0	0.0	0.0	0.0	0.0	0.0	0.0	0.0	0.003	0.0	0.0	0.0	0.0	0.0	0.0	0.0	0.0	0.0	0.0	0.0	0.0	0.0	0.0	0.0	0.0	0.0	0.0	0.0	0.0	0.0	0.0	0.0	0.0	0.0	0.0	0.0	0.0	0.0	
Chromosome	4603861	G	C	0.131	0.327	0.158	0.161	0.142	0.124	0.142	0.181	0.204	0.222	0.102	0.204	0.152	0.153	0.131	0.099	0.132	0.138	0.149	0.128	0.075	0.16	0.151	0.177	0.143	0.103	0.182	0.126	0.141	0.135	0.141	0.135	0.133	0.287	0.22	0.164	0.182	0.116	0.134	0.154	0.152	0.143	0.154	0.137	0.119	0.171	0.122	0.175	0.107	0.132	0.201	0.122	0.184	0.221	0.108	0.354	0.147	0.153	0.173	0.088	0.1	0.191	0.289	0.177	0.167	0.181	0.164	0.172	0.243	
Chromosome	4867391	T	G	0.0	0.208	0.0	0.0	0.0	0.0	0.0	0.0	0.0	0.0	0.0	0.0	0.0	0.0	0.0	0.0	0.0	0.0	0.0	0.0	0.0	0.0	0.0	0.0	0.0	0.007	0.0	0.0	0.0	0.0	0.0	0.0	0.0	0.0	0.0	0.0	0.0	0.0	0.0	0.0	0.0	0.0	0.0	0.0	0.0	0.0	0.0	0.0	0.0	0.0	0.0	0.0	0.0	0.005	0.0	0.0	0.0	0.0	0.0	0.0	0.0	0.0	0.0	0.0	0.0	0.0	0.0	0.003	0.0	
Chromosome	5024233	T	A	0.0	0.07	0.0	0.0	0.0	0.0	0.0	0.004	0.0	0.0	0.0	0.0	0.0	0.0	0.0	0.0	0.002	0.005	0.0	0.001	0.0	0.004	0.0	0.003	0.002	0.0	0.006	0.0	0.0	0.0	0.0	0.0	0.0	0.0	0.002	0.0	0.0	0.0	0.001	0.002	0.003	0.001	0.0	0.0	0.0	0.0	0.0	0.0	0.002	0.01	0.0	0.004	0.0	0.0	0.0	0.0	0.001	0.0	0.0	0.0	0.0	0.0	0.0	0.0	0.0	0.0	0.0	0.0	0.0	
Chromosome	5224946	A	ATGGGTGTTGAT	0.0	0.02	0.0	0.0	0.0	0.0	0.0	0.0	0.0	0.0	0.0	0.0	0.0	0.0	0.0	0.0	0.0	0.0	0.0	0.0	0.0	0.0	0.0	0.0	0.0	0.0	0.0	0.0	0.004	0.0	0.0	0.0	0.0	0.0	0.0	0.0	0.0	0.0	0.0	0.0	0.0	0.0	0.0	0.0	0.0	0.0	0.0	0.0	0.0	0.0	0.0	0.0	0.0	0.0	0.0	0.0	0.0	0.0	0.0	0.0	0.0	0.0	0.0	0.0	0.0	0.0	0.0	0.0	0.0	
Chromosome	5224948	A	G	0.003	0.0	0.0	0.0	0.0	0.0	0.0	0.0	0.0	0.0	0.0	0.0	0.0	0.0	0.0	0.0	0.0	0.0	0.0	0.0	0.0	0.0	0.012	0.0	0.0	0.0	0.0	0.0	0.0	0.0	0.0	0.0	0.0	0.0	0.0	0.0	0.0	0.004	0.0	0.0	0.0	0.0	0.0	0.0	0.0	0.0	0.0	0.0	0.0	0.0	0.0	0.0	0.0	0.0	0.0	0.0	0.002	0.0	0.0	0.0	0.0	0.0	0.0	0.0	0.0	0.0	0.0	0.0	0.0	
Chromosome	5261482	A	G	0.0	0.163	0.0	0.0	0.0	0.0	0.0	0.0	0.0	0.0	0.0	0.0	0.0	0.0	0.0	0.0	0.0	0.0	0.0	0.0	0.0	0.0	0.0	0.0	0.0	0.0	0.007	0.0	0.0	0.0	0.0	0.0	0.0	0.116	0.0	0.0	0.0	0.0	0.0	0.0	0.0	0.0	0.0	0.0	0.0	0.009	0.0	0.0	0.0	0.0	0.0	0.0	0.0	0.0	0.0	0.129	0.0	0.0	0.0	0.0	0.0	0.0	0.143	0.0	0.0	0.0	0.0	0.004	0.095	
Chromosome	5334170	GC	G	0.006	0.767	0.014	0.161	0.01	0.006	0.223	0.0	0.0	0.0	0.013	0.013	0.012	0.017	0.006	0.009	0.021	0.004	0.007	0.008	0.01	0.014	0.021	0.014	0.007	0.006	0.012	0.0	0.0	0.004	0.016	0.014	0.004	0.005	0.018	0.008	0.022	0.022	0.01	0.013	0.008	0.011	0.007	0.0	0.01	0.007	0.0	0.0	0.0	0.0	0.0	0.005	0.047	0.007	0.008	0.016	0.004	0.003	0.008	0.025	0.0	0.008	0.0	0.018	0.022	0.0	0.005	0.011	0.0	
Chromosome	5585548	T	C	0.0	0.197	0.0	0.0	0.0	0.0	0.0	0.0	0.0	0.0	0.0	0.0	0.0	0.0	0.0	0.0	0.0	0.0	0.0	0.0	0.0	0.0	0.0	0.0	0.008	0.0	0.0	0.004	0.0	0.0	0.0	0.0	0.0	0.0	0.0	0.0	0.0	0.0	0.0	0.0	0.002	0.0	0.0	0.0	0.0	0.0	0.0	0.0	0.0	0.0	0.0	0.0	0.0	0.0	0.0	0.005	0.0	0.0	0.0	0.0	0.0	0.0	0.006	0.0	0.0	0.0	0.0	0.0	0.0	
Chromosome	5671930	A	C	0.14	0.179	0.131	0.151	0.144	0.107	0.056	0.14	0.07	0.131	0.098	0.133	0.07	0.196	0.238	0.179	0.069	0.096	0.081	0.062	0.063	0.181	0.148	0.131	0.189	0.161	0.121	0.176	0.071	0.059	0.08	0.054	0.038	0.093	0.187	0.163	0.09	0.1	0.149	0.093	0.101	0.11	0.128	0.126	0.12	0.108	0.164	0.119	0.165	0.175	0.15	0.161	0.045	0.095	0.094	0.093	0.113	0.116	0.11	0.076	0.091	0.134	0.11	0.049	0.208	0.116	0.104	0.099	0.119	
Chromosome	5985838	TG	T	0.006	0.013	0.02	0.011	0.029	0.003	0.005	0.016	0.0	0.014	0.0	0.008	0.011	0.005	0.007	0.007	0.019	0.011	0.004	0.005	0.0	0.019	0.025	0.019	0.008	0.015	0.008	0.012	0.009	0.008	0.009	0.005	0.005	0.005	0.009	0.005	0.0	0.008	0.009	0.009	0.005	0.015	0.004	0.013	0.008	0.016	0.007	0.014	0.0	0.006	0.0	0.006	0.0	0.0	0.022	0.011	0.003	0.008	0.01	0.005	0.012	0.004	0.006	0.019	0.011	0.022	0.026	0.0	0.006	
Chromosome	5985841	A	ATG	0.0	0.0	0.0	0.0	0.0	0.0	0.0	0.0	0.0	0.0	0.0	0.0	0.0	0.0	0.0	0.0	0.0	0.0	0.0	0.0	0.0	0.0	0.0	0.0	0.0	0.0	0.0	0.0	0.0	0.0	0.0	0.0	0.0	0.0	0.0	0.0	0.0	0.0	0.0	0.0	0.0	0.0	0.0	0.0	0.0	0.0	0.0	0.0	0.0	0.0	0.0	0.0	0.0	0.0	0.0	0.0	0.0	0.0	0.0	0.0	0.0	0.0	0.0	0.0	0.0	0.0	0.0	0.0	0.0	
Chromosome	5985843	GAC	G	0.015	0.006	0.003	0.0	0.0	0.029	0.01	0.016	0.016	0.007	0.007	0.008	0.011	0.0	0.015	0.0	0.0	0.011	0.014	0.0	0.021	0.0	0.006	0.0	0.0	0.008	0.038	0.004	0.005	0.02	0.005	0.0	0.005	0.01	0.014	0.005	0.012	0.008	0.019	0.006	0.007	0.013	0.004	0.003	0.008	0.008	0.007	0.0	0.0	0.013	0.012	0.0	0.065	0.007	0.005	0.015	0.006	0.005	0.01	0.005	0.006	0.011	0.024	0.005	0.0	0.007	0.008	0.006	0.0	
Chromosome	6038569	A	G	0.0	0.312	0.0	0.0	0.0	0.0	0.0	0.0	0.0	0.0	0.0	0.006	0.0	0.0	0.0	0.0	0.004	0.0	0.0	0.0	0.0	0.0	0.0	0.0	0.0	0.0	0.0	0.0	0.0	0.0	0.0	0.0	0.0	0.0	0.0	0.0	0.0	0.0	0.0	0.0	0.0	0.0	0.0	0.0	0.0	0.0	0.0	0.0	0.0	0.0	0.0	0.0	0.0	0.0	0.0	0.0	0.0	0.0	0.0	0.0	0.0	0.0	0.0	0.0	0.0	0.0	0.0	0.0	0.0	
Chromosome	6042885	A	G	0.0	0.213	0.0	0.0	0.0	0.0	0.0	0.0	0.0	0.0	0.0	0.0	0.0	0.0	0.0	0.0	0.0	0.0	0.0	0.0	0.0	0.0	0.0	0.0	0.0	0.0	0.0	0.0	0.0	0.0	0.0	0.0	0.0	0.0	0.0	0.0	0.0	0.0	0.0	0.0	0.0	0.0	0.0	0.0	0.0	0.0	0.0	0.0	0.0	0.0	0.0	0.0	0.0	0.0	0.0	0.005	0.0	0.0	0.0	0.0	0.0	0.0	0.0	0.0	0.0	0.0	0.0	0.0	0.0	
Chromosome	6262527	T	G	0.013	0.106	0.007	0.007	0.0	0.003	0.0	0.022	0.007	0.006	0.0	0.007	0.003	0.0	0.006	0.005	0.009	0.009	0.011	0.005	0.0	0.008	0.006	0.005	0.008	0.012	0.023	0.0	0.0	0.004	0.004	0.004	0.0	0.035	0.008	0.01	0.005	0.008	0.0	0.003	0.004	0.0	0.003	0.003	0.002	0.006	0.0	0.0	0.0	0.0	0.016	0.0	0.0	0.0	0.011	0.051	0.002	0.002	0.0	0.0	0.005	0.004	0.071	0.0	0.005	0.006	0.008	0.008	0.081	
Chromosome	6650804	A	G	0.0	0.434	0.0	0.0	0.0	0.0	0.0	0.0	0.0	0.0	0.0	0.0	0.0	0.0	0.0	0.0	0.0	0.0	0.0	0.0	0.0	0.0	0.0	0.0	0.0	0.0	0.0	0.0	0.0	0.0	0.0	0.0	0.0	0.0	0.0	0.0	0.0	0.0	0.0	0.0	0.0	0.0	0.0	0.0	0.0	0.0	0.0	0.0	0.0	0.0	0.0	0.0	0.0	0.0	0.0	0.004	0.0	0.0	0.0	0.0	0.0	0.0	0.0	0.0	0.0	0.0	0.0	0.0	0.006	
Chromosome	6652111	T	A	0.0	0.437	0.0	0.003	0.0	0.0	0.0	0.0	0.0	0.0	0.0	0.0	0.0	0.0	0.0	0.0	0.0	0.0	0.0	0.0	0.0	0.0	0.005	0.0	0.0	0.0	0.0	0.0	0.0	0.003	0.0	0.0	0.0	0.0	0.0	0.0	0.0	0.0	0.0	0.0	0.0	0.003	0.0	0.0	0.0	0.0	0.0	0.0	0.0	0.0	0.0	0.0	0.0	0.0	0.0	0.0	0.0	0.002	0.0	0.0	0.0	0.0	0.0	0.0	0.0	0.002	0.0	0.0	0.0	
Chromosome	6652112	G	C	0.0	0.437	0.0	0.0	0.0	0.0	0.003	0.0	0.0	0.0	0.0	0.0	0.0	0.0	0.0	0.0	0.0	0.0	0.0	0.003	0.0	0.0	0.0	0.0	0.0	0.0	0.0	0.0	0.0	0.0	0.0	0.0	0.0	0.0	0.0	0.0	0.0	0.0	0.0	0.0	0.0	0.0	0.0	0.0	0.0	0.0	0.0	0.0	0.0	0.0	0.0	0.0	0.0	0.0	0.0	0.0	0.0	0.0	0.0	0.0	0.004	0.0	0.0	0.0	0.0	0.0	0.0	0.0	0.0	
Chromosome	6778445	A	C	0.117	0.218	0.135	0.227	0.211	0.145	0.188	0.148	0.106	0.236	0.159	0.199	0.245	0.182	0.18	0.221	0.224	0.193	0.236	0.3	0.27	0.214	0.214	0.144	0.16	0.269	0.287	0.244	0.26	0.239	0.215	0.223	0.219	0.146	0.205	0.268	0.273	0.271	0.198	0.169	0.141	0.178	0.162	0.211	0.164	0.23	0.25	0.295	0.179	0.209	0.182	0.215	0.369	0.254	0.265	0.182	0.191	0.181	0.17	0.234	0.23	0.232	0.211	0.19	0.263	0.159	0.145	0.203	0.226	
Chromosome	6778456	G	C	0.172	0.185	0.193	0.273	0.24	0.215	0.257	0.231	0.109	0.293	0.143	0.26	0.267	0.185	0.17	0.25	0.237	0.193	0.22	0.341	0.287	0.257	0.29	0.174	0.198	0.257	0.287	0.219	0.237	0.204	0.187	0.202	0.211	0.156	0.225	0.265	0.3	0.21	0.227	0.235	0.223	0.238	0.23	0.24	0.195	0.219	0.233	0.303	0.203	0.254	0.256	0.233	0.441	0.268	0.258	0.185	0.218	0.223	0.199	0.209	0.185	0.281	0.184	0.233	0.281	0.221	0.209	0.237	0.133	
Chromosome	6916957	A	AC	0.0	0.171	0.0	0.0	0.0	0.0	0.0	0.0	0.0	0.0	0.0	0.0	0.0	0.004	0.0	0.0	0.0	0.0	0.0	0.0	0.0	0.0	0.0	0.0	0.0	0.0	0.0	0.0	0.004	0.0	0.0	0.0	0.0	0.0	0.0	0.0	0.005	0.0	0.0	0.0	0.002	0.0	0.0	0.0	0.0	0.0	0.0	0.0	0.0	0.0	0.0	0.0	0.0	0.0	0.0	0.0	0.0	0.0	0.0	0.0	0.0	0.0	0.0	0.0	0.0	0.0	0.0	0.0	0.0	
Chromosome	6960579	G	C	0.0	0.214	0.0	0.0	0.0	0.0	0.0	0.0	0.0	0.0	0.0	0.0	0.0	0.0	0.0	0.0	0.0	0.0	0.0	0.0	0.0	0.0	0.0	0.0	0.0	0.0	0.007	0.004	0.0	0.0	0.0	0.0	0.0	0.004	0.0	0.0	0.0	0.0	0.0	0.0	0.0	0.0	0.0	0.0	0.0	0.0	0.007	0.0	0.0	0.0	0.0	0.0	0.0	0.0	0.0	0.005	0.0	0.0	0.0	0.0	0.0	0.0	0.0	0.0	0.0	0.0	0.0	0.0	0.0	
