chromosome	pos	ref	mut	APAW	H3	H1	H2	INH1	INH2	INHA	MockH	Ana1	BedA	BedB	BedC	BedD	CipA	CipB	CipC	CLFA	CLFB	CLFC	CombA2	CombA3	CombA	CombAu1	CombAu3	CombAu5	CombB	CombC	CycloA	CycloB	CycloC	EMBA	EMBB	EMBC	F1	F2	F3	LzdA	LzdB	LzdC	M91	M92	M9B	MMCA	MMCB	MMCC	MockA	MockB	MockC	MockD	MockE	MockF	MockG	MockI	MockJ	MockK	MockL	NANOA	NANOB	NANOC	RIFA	RIFB	RIFC	S1	S2	S3	UV1	UV2	UV3	WT_Msm
Chromosome	59069	T	G	0.0	0.13	0.0	0.005	0.0	0.0	0.0	0.0	0.0	0.0	0.0	0.0	0.0	0.0	0.0	0.0	0.0	0.0	0.0	0.0	0.0	0.0	0.0	0.0	0.0	0.0	0.0	0.0	0.004	0.0	0.0	0.004	0.003	0.005	0.0	0.0	0.0	0.0	0.0	0.0	0.002	0.0	0.0	0.0	0.0	0.0	0.0	0.0	0.0	0.0	0.0	0.006	0.0	0.0	0.003	0.017	0.0	0.0	0.0	0.0	0.005	0.0	0.0	0.005	0.0	0.0	0.0	0.0	0.012	
Chromosome	64992	T	G	0.148	0.29	0.287	0.022	0.136	0.128	0.12	0.368	0.15	0.294	0.305	0.25	0.251	0.171	0.238	0.23	0.174	0.157	0.208	0.27	0.26	0.276	0.337	0.376	0.369	0.325	0.306	0.257	0.188	0.17	0.184	0.168	0.178	0.028	0.22	0.283	0.298	0.246	0.302	0.176	0.125	0.14	0.193	0.177	0.154	0.349	0.34	0.421	0.366	0.394	0.373	0.364	0.222	0.261	0.27	0.006	0.189	0.15	0.113	0.23	0.221	0.22	0.015	0.195	0.228	0.121	0.148	0.162	0.067	
Chromosome	65001	A	C	0.148	0.304	0.265	0.007	0.163	0.164	0.131	0.371	0.099	0.358	0.298	0.298	0.303	0.251	0.247	0.336	0.211	0.201	0.171	0.294	0.235	0.371	0.396	0.439	0.471	0.317	0.361	0.23	0.254	0.219	0.232	0.221	0.235	0.0	0.255	0.25	0.226	0.254	0.251	0.248	0.182	0.174	0.208	0.158	0.185	0.345	0.429	0.337	0.325	0.398	0.336	0.387	0.324	0.272	0.256	0.0	0.119	0.196	0.172	0.242	0.174	0.21	0.0	0.172	0.219	0.17	0.17	0.152	0.0	
Chromosome	202859	T	G	0.083	0.184	0.147	0.006	0.104	0.087	0.097	0.281	0.051	0.274	0.259	0.214	0.199	0.119	0.11	0.157	0.151	0.094	0.058	0.216	0.256	0.359	0.195	0.268	0.15	0.217	0.226	0.162	0.214	0.104	0.1	0.095	0.139	0.0	0.177	0.09	0.212	0.208	0.194	0.071	0.081	0.095	0.11	0.102	0.108	0.26	0.241	0.241	0.266	0.281	0.199	0.275	0.2	0.196	0.23	0.005	0.089	0.13	0.089	0.103	0.143	0.131	0.0	0.16	0.145	0.089	0.077	0.063	0.013	
Chromosome	272420	GGTGGCCTGC	G	0.008	0.602	0.006	0.005	0.006	0.01	0.003	0.006	0.0	0.011	0.012	0.018	0.0	0.0	0.0	0.011	0.011	0.017	0.003	0.0	0.0	0.007	0.021	0.011	0.006	0.006	0.0	0.006	0.014	0.015	0.003	0.0	0.01	0.012	0.007	0.004	0.004	0.0	0.0	0.006	0.004	0.011	0.003	0.006	0.008	0.007	0.006	0.007	0.005	0.005	0.024	0.005	0.0	0.0	0.0	0.005	0.005	0.018	0.004	0.007	0.011	0.013	0.018	0.009	0.008	0.004	0.01	0.01	0.005	
Chromosome	706123	T	G	0.145	0.205	0.209	0.006	0.167	0.092	0.128	0.253	0.094	0.195	0.196	0.2	0.155	0.187	0.222	0.226	0.158	0.104	0.112	0.173	0.132	0.2	0.212	0.221	0.237	0.163	0.243	0.209	0.172	0.167	0.155	0.149	0.15	0.0	0.209	0.181	0.159	0.108	0.251	0.16	0.141	0.143	0.106	0.158	0.138	0.219	0.212	0.236	0.263	0.204	0.225	0.25	0.205	0.168	0.171	0.005	0.139	0.15	0.164	0.11	0.167	0.186	0.005	0.114	0.151	0.162	0.134	0.171	0.007	
Chromosome	708677	A	C	0.24	0.295	0.305	0.008	0.189	0.168	0.228	0.292	0.152	0.293	0.262	0.33	0.28	0.295	0.306	0.324	0.221	0.237	0.264	0.288	0.254	0.267	0.351	0.324	0.357	0.303	0.27	0.223	0.333	0.181	0.226	0.205	0.189	0.0	0.265	0.255	0.295	0.335	0.222	0.205	0.216	0.184	0.193	0.235	0.22	0.3	0.28	0.312	0.305	0.31	0.292	0.217	0.386	0.356	0.267	0.0	0.175	0.24	0.18	0.233	0.25	0.206	0.0	0.26	0.239	0.201	0.187	0.215	0.0	
Chromosome	826816	C	T	0.0	0.146	0.0	0.0	0.0	0.0	0.0	0.0	0.0	0.0	0.0	0.0	0.0	0.0	0.0	0.0	0.0	0.0	0.0	0.0	0.0	0.0	0.0	0.0	0.0	0.0	0.0	0.0	0.0	0.0	0.0	0.0	0.0	0.0	0.0	0.0	0.0	0.0	0.0	0.0	0.002	0.0	0.0	0.0	0.0	0.0	0.0	0.0	0.0	0.0	0.0	0.0	0.0	0.0	0.0	0.0	0.0	0.0	0.0	0.0	0.0	0.0	0.0	0.0	0.0	0.0	0.0	0.0	0.0	
Chromosome	927526	C	T	0.0	0.276	0.0	0.0	0.0	0.0	0.0	0.0	0.0	0.0	0.0	0.0	0.0	0.0	0.0	0.0	0.0	0.0	0.0	0.0	0.0	0.0	0.0	0.0	0.0	0.0	0.0	0.0	0.0	0.0	0.0	0.0	0.0	0.0	0.0	0.0	0.0	0.0	0.004	0.0	0.0	0.0	0.0	0.0	0.0	0.0	0.0	0.0	0.0	0.0	0.0	0.0	0.0	0.0	0.0	0.0	0.0	0.0	0.0	0.0	0.0	0.0	0.0	0.009	0.0	0.003	0.0	0.0	0.0	
Chromosome	1004906	G	A	0.0	0.32	0.0	0.0	0.003	0.0	0.0	0.0	0.0	0.0	0.0	0.0	0.0	0.0	0.0	0.0	0.0	0.0	0.0	0.0	0.0	0.0	0.0	0.0	0.0	0.0	0.0	0.0	0.0	0.0	0.0	0.0	0.0	0.0	0.0	0.0	0.0	0.0	0.0	0.0	0.0	0.0	0.0	0.003	0.0	0.0	0.0	0.0	0.0	0.0	0.0	0.0	0.0	0.0	0.0	0.0	0.0	0.0	0.0	0.0	0.0	0.0	0.0	0.0	0.0	0.0	0.0	0.0	0.0	
Chromosome	1047114	A	C	0.033	0.085	0.047	0.0	0.062	0.042	0.042	0.033	0.036	0.071	0.077	0.065	0.084	0.041	0.065	0.041	0.06	0.094	0.052	0.051	0.038	0.045	0.047	0.04	0.068	0.04	0.06	0.069	0.021	0.056	0.056	0.077	0.079	0.005	0.053	0.061	0.052	0.049	0.064	0.032	0.061	0.047	0.037	0.033	0.045	0.05	0.056	0.058	0.064	0.062	0.079	0.026	0.054	0.065	0.071	0.0	0.073	0.056	0.051	0.056	0.079	0.031	0.0	0.03	0.078	0.042	0.05	0.052	0.0	
Chromosome	1341535	T	TGGCTCTTCGCACTTGACGGTGTAGAGA	0.0	0.0	0.0	0.0	0.0	0.0	0.0	0.0	0.0	0.0	0.0	0.0	0.0	0.0	0.0	0.0	0.0	0.0	0.0	0.0	0.0	0.0	0.0	0.0	0.0	0.0	0.0	0.0	0.0	0.0	0.0	0.0	0.0	0.0	0.0	0.0	0.0	0.0	0.0	0.0	0.0	0.0	0.0	0.0	0.0	0.0	0.0	0.0	0.0	0.0	0.0	0.0	0.0	0.0	0.0	0.0	0.0	0.0	0.0	0.0	0.0	0.0	0.0	0.0	0.0	0.0	0.0	0.0	0.0	
Chromosome	1385245	A	C	0.089	0.157	0.144	0.012	0.103	0.121	0.082	0.075	0.083	0.153	0.126	0.137	0.108	0.179	0.161	0.137	0.184	0.178	0.179	0.172	0.167	0.203	0.158	0.089	0.115	0.1	0.134	0.105	0.096	0.155	0.121	0.189	0.165	0.006	0.14	0.172	0.158	0.167	0.164	0.091	0.126	0.105	0.125	0.124	0.099	0.154	0.137	0.14	0.131	0.114	0.135	0.198	0.186	0.132	0.158	0.0	0.117	0.139	0.103	0.197	0.17	0.174	0.0	0.124	0.121	0.1	0.09	0.115	0.007	
Chromosome	1479204	C	G	0.0	0.181	0.0	0.0	0.0	0.0	0.0	0.0	0.0	0.0	0.0	0.0	0.0	0.0	0.0	0.0	0.0	0.0	0.0	0.0	0.0	0.0	0.0	0.0	0.0	0.0	0.0	0.005	0.0	0.0	0.0	0.0	0.0	0.0	0.0	0.0	0.0	0.0	0.0	0.0	0.0	0.0	0.0	0.0	0.0	0.0	0.0	0.0	0.0	0.0	0.0	0.0	0.0	0.0	0.0	0.005	0.0	0.0	0.0	0.0	0.0	0.0	0.0	0.0	0.0	0.0	0.0	0.0	0.0	
Chromosome	1574114	T	G	0.158	0.128	0.213	0.012	0.135	0.095	0.16	0.293	0.177	0.245	0.262	0.197	0.219	0.177	0.218	0.18	0.146	0.167	0.224	0.26	0.312	0.263	0.298	0.318	0.274	0.299	0.268	0.211	0.16	0.177	0.204	0.179	0.144	0.005	0.135	0.168	0.214	0.232	0.183	0.194	0.142	0.113	0.154	0.128	0.178	0.29	0.281	0.365	0.298	0.309	0.315	0.302	0.125	0.192	0.237	0.011	0.142	0.13	0.149	0.171	0.201	0.155	0.006	0.156	0.213	0.132	0.118	0.134	0.007	
Chromosome	1719713	G	C	0.003	0.137	0.0	0.0	0.0	0.0	0.0	0.0	0.0	0.0	0.0	0.0	0.0	0.0	0.0	0.0	0.0	0.0	0.0	0.003	0.0	0.0	0.006	0.007	0.0	0.0	0.0	0.0	0.0	0.0	0.0	0.0	0.0	0.0	0.0	0.0	0.0	0.0	0.0	0.0	0.002	0.0	0.003	0.0	0.0	0.0	0.0	0.0	0.0	0.0	0.0	0.0	0.0	0.0	0.0	0.0	0.0	0.0	0.0	0.0	0.0	0.0	0.0	0.0	0.0	0.0	0.0	0.0	0.0	
Chromosome	1747181	A	C	0.204	0.317	0.29	0.006	0.219	0.168	0.162	0.269	0.076	0.266	0.2	0.246	0.254	0.23	0.309	0.291	0.167	0.192	0.154	0.206	0.258	0.296	0.224	0.262	0.277	0.248	0.254	0.276	0.237	0.211	0.13	0.184	0.13	0.005	0.203	0.212	0.226	0.286	0.262	0.198	0.172	0.223	0.224	0.267	0.184	0.301	0.268	0.342	0.298	0.302	0.312	0.215	0.256	0.182	0.26	0.0	0.209	0.226	0.179	0.16	0.197	0.231	0.006	0.2	0.25	0.16	0.188	0.158	0.007	
Chromosome	1763101	G	C	0.244	0.307	0.321	0.0	0.271	0.295	0.496	0.327	0.163	0.441	0.489	0.354	0.531	0.305	0.284	0.292	0.427	0.486	0.461	0.436	0.442	0.302	0.36	0.339	0.356	0.31	0.426	0.26	0.462	0.399	0.384	0.331	0.408	0.0	0.337	0.318	0.511	0.464	0.313	0.294	0.255	0.291	0.291	0.307	0.263	0.255	0.397	0.29	0.431	0.323	0.237	0.446	0.5	0.481	0.468	0.0	0.267	0.291	0.257	0.435	0.427	0.329	0.0	0.551	0.233	0.19	0.25	0.297	0.0	
Chromosome	1777813	T	G	0.226	0.328	0.278	0.0	0.269	0.273	0.161	0.38	0.168	0.269	0.253	0.331	0.182	0.259	0.266	0.28	0.226	0.243	0.179	0.185	0.263	0.25	0.276	0.271	0.349	0.337	0.257	0.249	0.19	0.225	0.237	0.221	0.19	0.004	0.286	0.299	0.161	0.168	0.281	0.23	0.259	0.193	0.223	0.335	0.237	0.299	0.314	0.305	0.335	0.327	0.391	0.387	0.273	0.235	0.207	0.0	0.232	0.204	0.2	0.237	0.182	0.32	0.005	0.206	0.35	0.224	0.23	0.221	0.006	
Chromosome	1899745	C	T	0.0	0.162	0.0	0.0	0.0	0.0	0.0	0.0	0.0	0.0	0.0	0.0	0.0	0.0	0.0	0.0	0.0	0.004	0.0	0.0	0.0	0.0	0.0	0.0	0.0	0.0	0.0	0.0	0.0	0.0	0.0	0.0	0.0	0.0	0.0	0.0	0.0	0.005	0.005	0.0	0.0	0.0	0.0	0.0	0.0	0.0	0.0	0.0	0.0	0.0	0.0	0.0	0.0	0.0	0.005	0.0	0.0	0.0	0.0	0.0	0.0	0.0	0.0	0.0	0.0	0.0	0.0	0.0	0.0	
Chromosome	2224338	G	GGCGTGACGAGGTCAGATGCCGACCAGA	0.512	0.56	0.538	0.204	0.517	0.567	0.456	0.744	0.4	0.529	0.452	0.526	0.458	0.51	0.468	0.391	0.508	0.377	0.481	0.48	0.556	0.667	0.582	0.439	0.484	0.55	0.614	0.562	0.453	0.455	0.581	0.577	0.597	0.364	0.571	0.442	0.634	0.483	0.611	0.543	0.571	0.532	0.488	0.536	0.495	0.519	0.613	0.545	0.533	0.591	0.5	0.474	0.562	0.538	0.5	0.354	0.504	0.531	0.582	0.479	0.5	0.687	0.417	0.537	0.571	0.553	0.574	0.447	0.333	
Chromosome	2263316	T	G	0.088	0.145	0.094	0.007	0.084	0.069	0.084	0.063	0.093	0.028	0.103	0.082	0.106	0.114	0.091	0.111	0.11	0.083	0.088	0.084	0.071	0.076	0.099	0.077	0.1	0.088	0.088	0.099	0.078	0.077	0.093	0.102	0.128	0.0	0.052	0.107	0.106	0.071	0.075	0.04	0.075	0.051	0.073	0.1	0.06	0.085	0.131	0.09	0.062	0.087	0.054	0.123	0.103	0.078	0.087	0.0	0.076	0.1	0.055	0.099	0.081	0.092	0.0	0.103	0.087	0.068	0.057	0.066	0.012	
Chromosome	2335345	A	T	0.155	0.178	0.183	0.0	0.18	0.198	0.068	0.194	0.104	0.152	0.211	0.155	0.067	0.185	0.172	0.155	0.073	0.042	0.091	0.062	0.101	0.155	0.164	0.202	0.129	0.174	0.154	0.211	0.104	0.079	0.085	0.078	0.053	0.0	0.188	0.18	0.071	0.056	0.182	0.193	0.171	0.202	0.165	0.176	0.175	0.205	0.127	0.14	0.182	0.135	0.19	0.202	0.088	0.062	0.067	0.009	0.166	0.213	0.216	0.067	0.064	0.167	0.0	0.091	0.182	0.202	0.197	0.177	0.0	
Chromosome	2480382	A	C	0.112	0.158	0.126	0.01	0.08	0.098	0.061	0.141	0.035	0.107	0.124	0.173	0.035	0.142	0.127	0.154	0.081	0.06	0.058	0.049	0.077	0.188	0.129	0.145	0.159	0.159	0.125	0.146	0.039	0.065	0.073	0.1	0.066	0.0	0.101	0.113	0.042	0.058	0.176	0.101	0.093	0.108	0.11	0.109	0.101	0.121	0.138	0.167	0.101	0.16	0.093	0.174	0.071	0.056	0.066	0.0	0.087	0.11	0.084	0.067	0.065	0.132	0.006	0.038	0.125	0.106	0.097	0.078	0.0	
Chromosome	2513969	C	T	0.0	0.171	0.0	0.0	0.0	0.0	0.0	0.0	0.0	0.0	0.0	0.0	0.0	0.005	0.006	0.0	0.0	0.004	0.0	0.0	0.0	0.0	0.007	0.0	0.0	0.0	0.0	0.0	0.0	0.0	0.0	0.0	0.0	0.0	0.0	0.0	0.0	0.0	0.0	0.0	0.0	0.0	0.0	0.0	0.0	0.0	0.0	0.0	0.0	0.0	0.0	0.0	0.0	0.0	0.0	0.0	0.0	0.0	0.0	0.0	0.0	0.0	0.0	0.0	0.0	0.0	0.0	0.0	0.0	
Chromosome	2579189	A	C	0.173	0.395	0.274	0.0	0.248	0.226	0.202	0.308	0.134	0.268	0.276	0.242	0.322	0.271	0.222	0.31	0.219	0.219	0.213	0.261	0.246	0.282	0.237	0.297	0.183	0.206	0.319	0.253	0.25	0.187	0.23	0.232	0.224	0.006	0.273	0.263	0.275	0.243	0.239	0.21	0.225	0.223	0.277	0.259	0.226	0.283	0.34	0.287	0.219	0.263	0.281	0.333	0.238	0.256	0.256	0.0	0.225	0.219	0.226	0.154	0.254	0.234	0.0	0.226	0.303	0.26	0.238	0.244	0.013	
Chromosome	2579192	T	G	0.107	0.26	0.172	0.006	0.141	0.143	0.079	0.164	0.06	0.159	0.18	0.16	0.157	0.187	0.17	0.28	0.126	0.119	0.105	0.096	0.071	0.119	0.179	0.172	0.108	0.134	0.197	0.16	0.117	0.09	0.132	0.11	0.222	0.006	0.187	0.159	0.125	0.112	0.129	0.099	0.097	0.119	0.135	0.165	0.156	0.158	0.17	0.15	0.136	0.15	0.163	0.194	0.087	0.135	0.125	0.006	0.134	0.111	0.089	0.096	0.164	0.174	0.005	0.093	0.161	0.111	0.142	0.084	0.0	
Chromosome	2600851	T	G	0.003	0.155	0.0	0.0	0.0	0.003	0.0	0.0	0.0	0.0	0.0	0.0	0.0	0.0	0.0	0.0	0.0	0.004	0.0	0.0	0.0	0.0	0.0	0.0	0.0	0.006	0.007	0.0	0.0	0.004	0.0	0.003	0.0	0.0	0.0	0.0	0.0	0.004	0.0	0.0	0.002	0.0	0.0	0.0	0.002	0.0	0.0	0.0	0.0	0.0	0.015	0.0	0.0	0.0	0.0	0.0	0.0	0.003	0.003	0.0	0.0	0.0	0.005	0.0	0.0	0.0	0.0	0.003	0.0	
Chromosome	2600864	G	C	0.003	0.193	0.0	0.0	0.0	0.0	0.0	0.008	0.0	0.0	0.0	0.0	0.0	0.0	0.0	0.0	0.0	0.0	0.0	0.0	0.0	0.0	0.0	0.0	0.0	0.005	0.007	0.006	0.0	0.0	0.0	0.0	0.0	0.0	0.0	0.0	0.0	0.004	0.0	0.0	0.002	0.0	0.0	0.0	0.0	0.0	0.0	0.0	0.0	0.0	0.008	0.0	0.0	0.0	0.0	0.0	0.0	0.0	0.003	0.0	0.0	0.0	0.0	0.0	0.0	0.0	0.0	0.0	0.0	
Chromosome	2600876	G	A	0.011	0.181	0.0	0.0	0.0	0.003	0.0	0.008	0.0	0.0	0.0	0.0	0.005	0.0	0.004	0.0	0.0	0.004	0.004	0.0	0.0	0.0	0.021	0.0	0.0	0.0	0.021	0.0	0.0	0.0	0.0	0.0	0.0	0.0	0.0	0.006	0.0	0.0	0.0	0.0	0.005	0.0	0.0	0.0	0.0	0.0	0.007	0.0	0.0	0.0	0.015	0.0	0.0	0.0	0.003	0.0	0.0	0.0	0.007	0.0	0.0	0.004	0.005	0.0	0.0	0.0	0.003	0.003	0.0	
Chromosome	2899985	G	A	0.0	0.104	0.0	0.0	0.0	0.0	0.0	0.0	0.0	0.0	0.0	0.0	0.0	0.0	0.0	0.0	0.0	0.0	0.0	0.0	0.0	0.0	0.0	0.0	0.0	0.0	0.0	0.005	0.0	0.0	0.0	0.0	0.0	0.0	0.0	0.0	0.0	0.0	0.0	0.0	0.0	0.0	0.0	0.0	0.0	0.0	0.0	0.0	0.0	0.0	0.0	0.0	0.0	0.0	0.0	0.006	0.0	0.0	0.0	0.0	0.0	0.0	0.0	0.0	0.0	0.0	0.0	0.0	0.0	
Chromosome	2946508	A	C	0.246	0.321	0.269	0.007	0.226	0.268	0.122	0.333	0.101	0.217	0.231	0.185	0.093	0.214	0.243	0.283	0.125	0.082	0.143	0.089	0.048	0.182	0.213	0.25	0.216	0.198	0.211	0.218	0.103	0.136	0.094	0.074	0.169	0.007	0.327	0.318	0.069	0.05	0.24	0.201	0.204	0.213	0.197	0.281	0.231	0.284	0.258	0.273	0.293	0.171	0.168	0.185	0.056	0.071	0.058	0.0	0.227	0.227	0.227	0.159	0.182	0.219	0.013	0.123	0.293	0.23	0.269	0.168	0.01	
Chromosome	2952396	T	G	0.089	0.186	0.109	0.0	0.086	0.082	0.087	0.21	0.085	0.217	0.175	0.175	0.207	0.18	0.152	0.203	0.18	0.095	0.114	0.259	0.289	0.123	0.199	0.264	0.271	0.257	0.11	0.21	0.172	0.144	0.122	0.151	0.14	0.005	0.139	0.194	0.18	0.169	0.21	0.06	0.105	0.056	0.063	0.09	0.12	0.186	0.203	0.243	0.2	0.145	0.219	0.211	0.182	0.209	0.188	0.0	0.096	0.073	0.061	0.136	0.102	0.103	0.0	0.096	0.168	0.051	0.091	0.075	0.0	
Chromosome	2985908	A	G	0.0	0.19	0.0	0.0	0.0	0.0	0.0	0.0	0.0	0.0	0.0	0.0	0.0	0.0	0.0	0.0	0.0	0.0	0.0	0.0	0.0	0.0	0.006	0.0	0.0	0.0	0.0	0.0	0.0	0.004	0.0	0.0	0.0	0.0	0.0	0.0	0.0	0.0	0.0	0.0	0.0	0.0	0.0	0.0	0.0	0.0	0.0	0.0	0.0	0.0	0.0	0.0	0.0	0.0	0.0	0.0	0.0	0.0	0.0	0.0	0.0	0.0	0.0	0.0	0.0	0.003	0.0	0.0	0.006	
Chromosome	3000393	G	C	0.0	0.06	0.0	0.006	0.0	0.0	0.0	0.0	0.0	0.0	0.0	0.0	0.0	0.0	0.0	0.0	0.0	0.0	0.0	0.0	0.0	0.0	0.0	0.0	0.0	0.0	0.0	0.0	0.0	0.0	0.0	0.0	0.0	0.0	0.0	0.0	0.0	0.0	0.0	0.0	0.002	0.0	0.0	0.0	0.0	0.0	0.0	0.0	0.0	0.0	0.0	0.0	0.0	0.0	0.0	0.0	0.0	0.0	0.0	0.0	0.0	0.0	0.0	0.0	0.0	0.0	0.0	0.0	0.0	
Chromosome	3015770	T	G	0.072	0.136	0.116	0.0	0.034	0.056	0.045	0.111	0.0	0.184	0.168	0.151	0.087	0.109	0.135	0.078	0.051	0.086	0.042	0.092	0.086	0.171	0.192	0.122	0.135	0.167	0.125	0.062	0.057	0.058	0.032	0.024	0.032	0.012	0.109	0.083	0.074	0.059	0.135	0.081	0.088	0.086	0.059	0.076	0.063	0.155	0.117	0.168	0.133	0.171	0.107	0.212	0.14	0.027	0.093	0.0	0.099	0.078	0.06	0.064	0.034	0.084	0.0	0.079	0.095	0.047	0.068	0.072	0.0	
Chromosome	3030967	A	C	0.347	0.438	0.483	0.007	0.307	0.314	0.456	0.6	0.255	0.5	0.368	0.451	0.587	0.396	0.345	0.489	0.437	0.421	0.388	0.566	0.676	0.512	0.409	0.514	0.563	0.43	0.37	0.488	0.567	0.506	0.368	0.451	0.35	0.0	0.375	0.446	0.586	0.61	0.54	0.34	0.377	0.383	0.337	0.331	0.378	0.623	0.525	0.565	0.522	0.614	0.5	0.455	0.634	0.724	0.594	0.0	0.359	0.361	0.402	0.407	0.389	0.368	0.0	0.456	0.394	0.286	0.403	0.299	0.0	
Chromosome	3030991	A	C	0.061	0.102	0.09	0.0	0.043	0.033	0.019	0.224	0.0	0.108	0.109	0.083	0.068	0.118	0.119	0.083	0.026	0.03	0.03	0.018	0.019	0.102	0.146	0.084	0.167	0.151	0.191	0.15	0.031	0.029	0.038	0.039	0.038	0.0	0.124	0.092	0.023	0.034	0.154	0.083	0.072	0.065	0.1	0.035	0.066	0.077	0.08	0.122	0.127	0.108	0.2	0.18	0.026	0.023	0.024	0.007	0.07	0.045	0.057	0.034	0.051	0.063	0.005	0.018	0.108	0.036	0.048	0.079	0.0	
Chromosome	3107706	A	C	0.049	0.119	0.109	0.0	0.078	0.041	0.072	0.04	0.063	0.078	0.08	0.037	0.104	0.088	0.112	0.099	0.101	0.127	0.109	0.078	0.12	0.101	0.073	0.119	0.104	0.052	0.099	0.108	0.052	0.112	0.132	0.067	0.117	0.005	0.087	0.105	0.035	0.084	0.109	0.057	0.072	0.077	0.119	0.09	0.069	0.083	0.065	0.105	0.051	0.096	0.096	0.102	0.042	0.106	0.106	0.0	0.06	0.055	0.087	0.105	0.106	0.114	0.0	0.058	0.084	0.069	0.058	0.075	0.0	
Chromosome	3109157	A	C	0.104	0.321	0.198	0.0	0.087	0.102	0.039	0.328	0.038	0.19	0.218	0.189	0.103	0.143	0.106	0.162	0.093	0.118	0.074	0.097	0.051	0.25	0.286	0.221	0.2	0.191	0.224	0.189	0.115	0.069	0.076	0.077	0.082	0.0	0.158	0.207	0.151	0.167	0.186	0.124	0.125	0.145	0.145	0.135	0.119	0.143	0.289	0.26	0.244	0.373	0.26	0.241	0.143	0.029	0.043	0.0	0.133	0.156	0.116	0.065	0.077	0.197	0.0	0.083	0.168	0.126	0.092	0.1	0.008	
Chromosome	3123426	T	G	0.146	0.195	0.205	0.0	0.135	0.095	0.131	0.246	0.126	0.244	0.243	0.258	0.263	0.228	0.21	0.237	0.243	0.218	0.161	0.27	0.245	0.343	0.197	0.273	0.209	0.254	0.204	0.286	0.241	0.283	0.173	0.237	0.205	0.006	0.287	0.24	0.256	0.257	0.206	0.154	0.163	0.142	0.155	0.113	0.163	0.248	0.169	0.377	0.25	0.245	0.33	0.227	0.348	0.246	0.188	0.0	0.189	0.178	0.115	0.226	0.19	0.214	0.007	0.176	0.237	0.123	0.119	0.135	0.0	
Chromosome	3278729	T	G	0.073	0.192	0.155	0.008	0.103	0.104	0.105	0.165	0.063	0.194	0.157	0.227	0.179	0.147	0.164	0.143	0.121	0.165	0.145	0.118	0.156	0.141	0.153	0.157	0.139	0.18	0.203	0.146	0.086	0.122	0.128	0.126	0.121	0.0	0.189	0.163	0.113	0.235	0.154	0.147	0.122	0.103	0.097	0.162	0.153	0.175	0.195	0.148	0.218	0.136	0.122	0.074	0.13	0.123	0.076	0.006	0.153	0.123	0.115	0.185	0.174	0.165	0.0	0.101	0.189	0.137	0.129	0.144	0.0	
Chromosome	3302336	T	G	0.058	0.108	0.067	0.0	0.04	0.061	0.04	0.045	0.054	0.076	0.054	0.052	0.033	0.067	0.055	0.067	0.08	0.099	0.099	0.166	0.084	0.062	0.056	0.062	0.068	0.061	0.056	0.093	0.051	0.078	0.069	0.053	0.085	0.005	0.023	0.033	0.131	0.071	0.102	0.046	0.042	0.042	0.054	0.019	0.049	0.085	0.068	0.065	0.093	0.058	0.071	0.06	0.042	0.037	0.086	0.007	0.06	0.051	0.043	0.085	0.058	0.04	0.0	0.038	0.05	0.035	0.034	0.036	0.0	
Chromosome	3523310	T	G	0.044	0.084	0.087	0.013	0.074	0.091	0.08	0.105	0.084	0.119	0.1	0.109	0.094	0.099	0.079	0.074	0.125	0.11	0.123	0.099	0.109	0.173	0.088	0.065	0.081	0.087	0.12	0.135	0.121	0.082	0.09	0.106	0.124	0.0	0.097	0.124	0.107	0.082	0.084	0.091	0.08	0.055	0.082	0.094	0.067	0.144	0.12	0.094	0.129	0.094	0.113	0.05	0.064	0.08	0.091	0.006	0.077	0.068	0.054	0.095	0.104	0.097	0.012	0.111	0.078	0.054	0.06	0.066	0.0	
Chromosome	3665714	T	G	0.056	0.108	0.082	0.007	0.043	0.071	0.036	0.245	0.036	0.136	0.09	0.138	0.067	0.133	0.103	0.146	0.087	0.057	0.069	0.086	0.093	0.082	0.082	0.121	0.139	0.104	0.082	0.083	0.082	0.059	0.045	0.045	0.117	0.0	0.132	0.057	0.098	0.116	0.119	0.052	0.062	0.052	0.059	0.05	0.056	0.119	0.137	0.18	0.229	0.183	0.088	0.131	0.0	0.058	0.126	0.0	0.039	0.087	0.052	0.078	0.048	0.131	0.006	0.03	0.079	0.059	0.047	0.066	0.0	
Chromosome	3721262	T	TC	0.0	0.191	0.0	0.0	0.0	0.0	0.0	0.0	0.0	0.0	0.0	0.0	0.0	0.0	0.0	0.0	0.0	0.0	0.0	0.0	0.0	0.0	0.0	0.0	0.0	0.0	0.0	0.0	0.0	0.0	0.0	0.0	0.0	0.0	0.0	0.0	0.0	0.0	0.0	0.0	0.0	0.0	0.0	0.0	0.0	0.0	0.0	0.0	0.0	0.0	0.0	0.0	0.0	0.0	0.0	0.0	0.0	0.0	0.0	0.0	0.0	0.0	0.0	0.0	0.0	0.0	0.0	0.0	0.0	
Chromosome	3777637	A	C	0.147	0.264	0.275	0.0	0.196	0.201	0.169	0.24	0.108	0.253	0.286	0.32	0.217	0.283	0.261	0.265	0.153	0.228	0.209	0.331	0.224	0.237	0.292	0.281	0.223	0.308	0.21	0.256	0.254	0.293	0.188	0.189	0.138	0.0	0.31	0.262	0.219	0.211	0.23	0.161	0.185	0.179	0.146	0.205	0.184	0.233	0.378	0.218	0.275	0.316	0.418	0.315	0.51	0.287	0.219	0.0	0.188	0.154	0.143	0.242	0.248	0.215	0.007	0.218	0.222	0.151	0.174	0.155	0.006	
Chromosome	3825361	G	A	0.0	0.291	0.0	0.0	0.0	0.0	0.0	0.0	0.0	0.0	0.0	0.0	0.0	0.0	0.0	0.0	0.0	0.0	0.0	0.0	0.0	0.0	0.0	0.0	0.0	0.0	0.0	0.0	0.0	0.0	0.0	0.0	0.0	0.0	0.0	0.0	0.0	0.0	0.003	0.0	0.0	0.0	0.0	0.0	0.0	0.0	0.0	0.0	0.0	0.0	0.0	0.0	0.02	0.0	0.0	0.0	0.0	0.0	0.0	0.0	0.0	0.0	0.0	0.0	0.0	0.0	0.0	0.0	0.0	
Chromosome	3847886	T	A	0.206	0.274	0.259	0.0	0.159	0.258	0.204	0.237	0.167	0.214	0.246	0.165	0.36	0.279	0.2	0.241	0.186	0.171	0.147	0.297	0.26	0.225	0.3	0.203	0.205	0.235	0.234	0.259	0.333	0.253	0.227	0.134	0.206	0.0	0.243	0.263	0.267	0.251	0.258	0.24	0.2	0.207	0.229	0.269	0.219	0.236	0.183	0.256	0.22	0.195	0.187	0.223	0.408	0.286	0.291	0.0	0.274	0.253	0.219	0.169	0.238	0.27	0.0	0.238	0.245	0.242	0.245	0.224	0.0	
Chromosome	3862940	A	C	0.051	0.135	0.076	0.0	0.056	0.065	0.042	0.255	0.065	0.212	0.213	0.23	0.109	0.142	0.053	0.131	0.045	0.109	0.068	0.082	0.104	0.129	0.195	0.154	0.248	0.154	0.2	0.108	0.096	0.055	0.074	0.091	0.098	0.0	0.094	0.054	0.104	0.087	0.134	0.06	0.056	0.067	0.095	0.051	0.065	0.12	0.202	0.156	0.122	0.185	0.153	0.151	0.156	0.036	0.064	0.0	0.057	0.043	0.046	0.069	0.045	0.097	0.0	0.054	0.092	0.048	0.047	0.034	0.0	
Chromosome	4063198	T	G	0.088	0.148	0.06	0.0	0.081	0.077	0.057	0.059	0.058	0.088	0.093	0.036	0.084	0.092	0.117	0.081	0.081	0.117	0.054	0.163	0.132	0.177	0.072	0.041	0.074	0.074	0.062	0.127	0.051	0.114	0.102	0.084	0.093	0.0	0.082	0.11	0.071	0.07	0.052	0.063	0.066	0.039	0.064	0.062	0.073	0.071	0.053	0.038	0.107	0.083	0.062	0.107	0.105	0.095	0.083	0.0	0.075	0.047	0.066	0.094	0.108	0.081	0.0	0.055	0.103	0.05	0.027	0.054	0.0	
Chromosome	4088367	T	G	0.129	0.233	0.149	0.0	0.108	0.124	0.116	0.258	0.055	0.236	0.225	0.177	0.094	0.198	0.143	0.142	0.131	0.144	0.088	0.116	0.167	0.123	0.275	0.189	0.2	0.206	0.164	0.219	0.135	0.104	0.119	0.133	0.105	0.0	0.135	0.206	0.146	0.159	0.193	0.096	0.099	0.113	0.124	0.097	0.137	0.224	0.23	0.25	0.228	0.221	0.191	0.16	0.086	0.154	0.128	0.0	0.127	0.109	0.099	0.142	0.212	0.222	0.005	0.108	0.165	0.13	0.097	0.093	0.0	
Chromosome	4214321	G	T	0.529	0.536	0.535	0.55	0.505	0.515	0.537	0.609	0.434	0.504	0.535	0.506	0.488	0.49	0.508	0.522	0.467	0.508	0.486	0.461	0.44	0.5	0.562	0.546	0.516	0.506	0.475	0.489	0.518	0.512	0.491	0.538	0.498	0.48	0.489	0.498	0.542	0.471	0.535	0.499	0.522	0.532	0.509	0.501	0.518	0.532	0.496	0.437	0.482	0.494	0.488	0.547	0.667	0.516	0.494	0.327	0.527	0.502	0.5	0.52	0.555	0.518	0.497	0.522	0.512	0.497	0.481	0.394	0.498	
Chromosome	4214326	C	A	0.527	0.536	0.535	0.554	0.506	0.524	0.531	0.611	0.448	0.506	0.551	0.508	0.494	0.501	0.496	0.524	0.477	0.511	0.498	0.472	0.443	0.506	0.555	0.525	0.537	0.51	0.476	0.49	0.5	0.517	0.491	0.534	0.5	0.482	0.477	0.503	0.543	0.486	0.537	0.498	0.516	0.526	0.513	0.503	0.516	0.544	0.495	0.458	0.492	0.5	0.477	0.562	0.663	0.526	0.493	0.332	0.53	0.503	0.497	0.512	0.551	0.514	0.501	0.527	0.52	0.503	0.483	0.401	0.495	
Chromosome	4214347	A	C	0.51	0.526	0.541	0.544	0.494	0.504	0.538	0.582	0.466	0.518	0.532	0.519	0.506	0.494	0.484	0.535	0.484	0.495	0.491	0.475	0.473	0.508	0.556	0.527	0.529	0.528	0.512	0.494	0.5	0.506	0.496	0.54	0.508	0.468	0.473	0.529	0.542	0.482	0.535	0.503	0.512	0.533	0.514	0.48	0.518	0.546	0.514	0.481	0.492	0.522	0.485	0.571	0.647	0.551	0.508	0.343	0.538	0.495	0.504	0.507	0.542	0.519	0.512	0.532	0.532	0.492	0.466	0.412	0.475	
Chromosome	4214560	C	A	0.452	0.511	0.505	0.538	0.494	0.476	0.515	0.472	0.533	0.441	0.444	0.525	0.503	0.477	0.478	0.474	0.465	0.518	0.466	0.465	0.544	0.5	0.53	0.506	0.48	0.485	0.401	0.533	0.478	0.449	0.475	0.494	0.517	0.463	0.458	0.491	0.485	0.48	0.481	0.502	0.45	0.481	0.478	0.497	0.486	0.431	0.453	0.479	0.42	0.509	0.468	0.49	0.509	0.462	0.494	0.408	0.494	0.506	0.43	0.49	0.489	0.515	0.524	0.498	0.496	0.442	0.432	0.326	0.498	
Chromosome	4214572	C	A	0.459	0.513	0.509	0.53	0.481	0.454	0.519	0.473	0.519	0.416	0.429	0.502	0.494	0.471	0.486	0.465	0.464	0.508	0.467	0.451	0.538	0.486	0.514	0.496	0.482	0.498	0.408	0.527	0.469	0.444	0.472	0.473	0.501	0.47	0.462	0.489	0.485	0.465	0.478	0.489	0.451	0.479	0.477	0.504	0.485	0.459	0.452	0.473	0.412	0.48	0.455	0.479	0.522	0.462	0.486	0.406	0.493	0.489	0.426	0.493	0.501	0.512	0.548	0.488	0.5	0.44	0.42	0.324	0.495	
Chromosome	4214624	G	T	0.448	0.453	0.476	0.503	0.439	0.427	0.477	0.462	0.487	0.407	0.436	0.455	0.444	0.45	0.447	0.459	0.435	0.469	0.439	0.447	0.524	0.416	0.5	0.464	0.442	0.441	0.378	0.51	0.412	0.391	0.45	0.471	0.45	0.407	0.434	0.451	0.418	0.416	0.428	0.461	0.421	0.448	0.435	0.464	0.448	0.438	0.421	0.397	0.385	0.465	0.392	0.463	0.491	0.472	0.401	0.378	0.451	0.436	0.409	0.476	0.485	0.462	0.507	0.467	0.444	0.409	0.377	0.333	0.511	
Chromosome	4214739	G	GT	0.34	0.332	0.287	0.317	0.332	0.321	0.353	0.367	0.395	0.304	0.332	0.352	0.324	0.364	0.304	0.32	0.338	0.351	0.336	0.368	0.472	0.392	0.342	0.38	0.312	0.339	0.353	0.34	0.358	0.313	0.303	0.316	0.331	0.327	0.332	0.362	0.327	0.388	0.339	0.358	0.305	0.333	0.32	0.334	0.355	0.331	0.371	0.301	0.321	0.371	0.324	0.352	0.535	0.391	0.331	0.26	0.338	0.314	0.329	0.36	0.327	0.316	0.357	0.306	0.309	0.303	0.304	0.266	0.329	
Chromosome	4214852	A	AG	0.06	0.087	0.037	0.051	0.069	0.061	0.07	0.048	0.074	0.043	0.078	0.072	0.05	0.058	0.023	0.048	0.056	0.076	0.083	0.069	0.07	0.099	0.049	0.107	0.048	0.074	0.046	0.047	0.057	0.059	0.07	0.045	0.05	0.022	0.065	0.047	0.066	0.067	0.066	0.062	0.073	0.066	0.044	0.084	0.064	0.024	0.074	0.088	0.054	0.039	0.026	0.069	0.065	0.06	0.058	0.082	0.057	0.058	0.053	0.058	0.067	0.049	0.097	0.015	0.066	0.073	0.054	0.058	0.045	
Chromosome	4214853	C	CAAT	0.0	0.0	0.0	0.034	0.0	0.003	0.004	0.008	0.0	0.0	0.0	0.008	0.0	0.004	0.0	0.0	0.0	0.013	0.003	0.0	0.0	0.0	0.006	0.0	0.0	0.006	0.0	0.0	0.004	0.0	0.008	0.003	0.0	0.011	0.0	0.006	0.0	0.004	0.0	0.0	0.0	0.003	0.0	0.0	0.004	0.0	0.0	0.0	0.0	0.007	0.0	0.006	0.0	0.004	0.006	0.06	0.0	0.0	0.0	0.008	0.009	0.0	0.067	0.0	0.004	0.0	0.0	0.0	0.019	
Chromosome	4214855	A	ATCAAT	0.045	0.078	0.036	0.045	0.058	0.066	0.071	0.056	0.048	0.05	0.07	0.072	0.049	0.05	0.009	0.039	0.042	0.082	0.072	0.07	0.066	0.096	0.044	0.102	0.049	0.067	0.041	0.045	0.046	0.048	0.066	0.041	0.039	0.022	0.059	0.048	0.065	0.071	0.058	0.069	0.069	0.071	0.044	0.067	0.06	0.04	0.07	0.081	0.048	0.052	0.027	0.07	0.107	0.055	0.061	0.05	0.052	0.072	0.057	0.058	0.058	0.057	0.078	0.015	0.062	0.062	0.05	0.051	0.032	
Chromosome	4214859	C	T	0.036	0.073	0.025	0.046	0.057	0.062	0.066	0.058	0.045	0.042	0.073	0.065	0.044	0.036	0.009	0.041	0.049	0.07	0.058	0.061	0.05	0.085	0.033	0.101	0.052	0.059	0.036	0.042	0.04	0.046	0.059	0.039	0.032	0.023	0.056	0.049	0.051	0.056	0.051	0.066	0.069	0.059	0.039	0.061	0.052	0.043	0.065	0.051	0.049	0.041	0.028	0.071	0.088	0.05	0.058	0.052	0.05	0.059	0.048	0.051	0.052	0.051	0.077	0.015	0.061	0.05	0.047	0.05	0.028	
Chromosome	4214862	C	G	0.033	0.061	0.025	0.029	0.051	0.06	0.066	0.057	0.041	0.043	0.067	0.058	0.034	0.032	0.005	0.036	0.04	0.059	0.05	0.062	0.051	0.076	0.02	0.088	0.042	0.06	0.03	0.035	0.04	0.037	0.056	0.036	0.029	0.023	0.04	0.031	0.047	0.052	0.037	0.06	0.057	0.046	0.034	0.057	0.041	0.034	0.048	0.044	0.029	0.021	0.022	0.056	0.09	0.046	0.052	0.041	0.038	0.047	0.038	0.047	0.044	0.044	0.066	0.01	0.049	0.04	0.029	0.04	0.014	
Chromosome	4214864	C	A	0.031	0.037	0.024	0.024	0.051	0.043	0.055	0.048	0.03	0.034	0.057	0.057	0.03	0.032	0.01	0.045	0.04	0.042	0.044	0.055	0.051	0.066	0.021	0.084	0.034	0.048	0.045	0.031	0.032	0.03	0.049	0.036	0.022	0.018	0.034	0.019	0.033	0.045	0.024	0.052	0.049	0.04	0.03	0.051	0.035	0.034	0.034	0.038	0.028	0.021	0.022	0.042	0.078	0.034	0.041	0.03	0.033	0.038	0.038	0.035	0.04	0.044	0.066	0.01	0.041	0.04	0.035	0.037	0.014	
Chromosome	4214865	C	T	0.025	0.037	0.024	0.018	0.047	0.039	0.047	0.048	0.024	0.026	0.047	0.056	0.027	0.016	0.005	0.032	0.035	0.024	0.037	0.044	0.052	0.041	0.021	0.066	0.034	0.048	0.038	0.023	0.027	0.03	0.041	0.035	0.015	0.012	0.028	0.019	0.029	0.046	0.021	0.042	0.049	0.043	0.027	0.047	0.032	0.034	0.034	0.03	0.028	0.014	0.015	0.042	0.078	0.022	0.028	0.03	0.029	0.038	0.035	0.022	0.035	0.037	0.066	0.01	0.037	0.036	0.026	0.033	0.014	
Chromosome	4214869	G	C	0.006	0.02	0.0	0.012	0.032	0.015	0.014	0.049	0.012	0.009	0.029	0.024	0.016	0.004	0.005	0.005	0.02	0.01	0.004	0.023	0.012	0.04	0.007	0.014	0.034	0.007	0.024	0.016	0.009	0.01	0.021	0.011	0.004	0.024	0.017	0.02	0.019	0.02	0.004	0.028	0.033	0.019	0.025	0.031	0.015	0.026	0.0	0.029	0.007	0.014	0.0	0.022	0.032	0.0	0.013	0.019	0.012	0.024	0.032	0.005	0.01	0.026	0.041	0.0	0.013	0.019	0.012	0.013	0.014	
Chromosome	5130928	A	C	0.149	0.143	0.166	0.0	0.172	0.137	0.148	0.176	0.137	0.272	0.19	0.239	0.157	0.162	0.141	0.127	0.169	0.114	0.179	0.107	0.17	0.188	0.238	0.191	0.207	0.168	0.165	0.159	0.168	0.162	0.108	0.144	0.153	0.0	0.18	0.141	0.207	0.134	0.146	0.141	0.146	0.138	0.139	0.174	0.132	0.185	0.188	0.135	0.222	0.174	0.245	0.218	0.208	0.192	0.191	0.012	0.161	0.18	0.147	0.161	0.192	0.158	0.019	0.124	0.135	0.165	0.122	0.13	0.01	
Chromosome	5359307	A	C	0.12	0.231	0.258	0.0	0.131	0.147	0.071	0.34	0.051	0.295	0.265	0.266	0.089	0.15	0.182	0.175	0.149	0.141	0.12	0.105	0.148	0.242	0.268	0.265	0.267	0.25	0.301	0.241	0.127	0.13	0.121	0.099	0.113	0.005	0.205	0.227	0.127	0.142	0.215	0.163	0.119	0.131	0.145	0.132	0.149	0.25	0.301	0.293	0.333	0.247	0.211	0.302	0.093	0.115	0.121	0.0	0.134	0.144	0.091	0.115	0.132	0.16	0.005	0.142	0.197	0.144	0.123	0.108	0.0	
Chromosome	5461843	T	G	0.137	0.218	0.179	0.0	0.127	0.157	0.046	0.171	0.076	0.111	0.227	0.148	0.031	0.226	0.156	0.148	0.049	0.075	0.092	0.054	0.049	0.25	0.237	0.137	0.235	0.178	0.165	0.195	0.036	0.114	0.115	0.064	0.106	0.024	0.144	0.169	0.057	0.037	0.202	0.159	0.147	0.114	0.162	0.143	0.117	0.154	0.206	0.137	0.129	0.184	0.114	0.105	0.0	0.033	0.108	0.019	0.148	0.135	0.137	0.072	0.071	0.149	0.018	0.028	0.163	0.155	0.155	0.133	0.011	
Chromosome	5512267	A	C	0.136	0.208	0.176	0.006	0.138	0.15	0.116	0.262	0.136	0.148	0.275	0.185	0.193	0.247	0.181	0.204	0.122	0.205	0.17	0.194	0.214	0.205	0.27	0.237	0.228	0.226	0.227	0.195	0.233	0.173	0.184	0.201	0.177	0.0	0.181	0.201	0.181	0.239	0.144	0.131	0.143	0.133	0.116	0.126	0.154	0.179	0.237	0.242	0.247	0.222	0.264	0.202	0.289	0.301	0.2	0.005	0.129	0.12	0.087	0.192	0.169	0.136	0.005	0.164	0.26	0.123	0.111	0.126	0.0	
Chromosome	5543783	G	T	0.0	0.237	0.0	0.0	0.0	0.0	0.0	0.0	0.0	0.0	0.0	0.0	0.0	0.005	0.0	0.0	0.005	0.0	0.0	0.0	0.0	0.0	0.0	0.0	0.0	0.0	0.0	0.0	0.0	0.0	0.0	0.0	0.0	0.0	0.0	0.0	0.0	0.0	0.0	0.0	0.0	0.0	0.0	0.0	0.0	0.0	0.0	0.0	0.006	0.0	0.0	0.0	0.0	0.0	0.0	0.005	0.0	0.002	0.0	0.0	0.0	0.0	0.0	0.0	0.0	0.0	0.002	0.0	0.0	
Chromosome	5812482	A	C	0.256	0.263	0.306	0.036	0.224	0.271	0.217	0.512	0.248	0.364	0.286	0.176	0.433	0.274	0.256	0.256	0.232	0.276	0.298	0.516	0.469	0.357	0.236	0.3	0.447	0.264	0.375	0.394	0.43	0.339	0.29	0.267	0.379	0.006	0.34	0.26	0.482	0.423	0.312	0.243	0.243	0.247	0.302	0.23	0.234	0.362	0.365	0.422	0.321	0.273	0.357	0.362	0.263	0.417	0.381	0.0	0.25	0.252	0.225	0.308	0.432	0.394	0.006	0.41	0.374	0.266	0.202	0.209	0.007	
Chromosome	5897510	T	G	0.078	0.167	0.128	0.0	0.085	0.1	0.071	0.098	0.09	0.138	0.074	0.095	0.086	0.132	0.09	0.123	0.094	0.078	0.112	0.057	0.174	0.109	0.125	0.075	0.055	0.073	0.091	0.083	0.132	0.115	0.119	0.126	0.112	0.005	0.114	0.081	0.136	0.108	0.087	0.069	0.121	0.092	0.072	0.059	0.094	0.11	0.063	0.053	0.085	0.105	0.097	0.081	0.063	0.078	0.091	0.0	0.118	0.117	0.123	0.107	0.07	0.068	0.005	0.124	0.14	0.081	0.124	0.119	0.0	
Chromosome	5926373	G	T	0.0	0.188	0.0	0.0	0.0	0.0	0.0	0.0	0.0	0.0	0.0	0.0	0.0	0.004	0.0	0.0	0.0	0.0	0.0	0.0	0.0	0.0	0.0	0.0	0.0	0.0	0.0	0.0	0.0	0.0	0.0	0.0	0.0	0.0	0.0	0.006	0.0	0.0	0.0	0.0	0.0	0.0	0.003	0.0	0.0	0.0	0.0	0.0	0.0	0.0	0.007	0.0	0.0	0.0	0.0	0.0	0.0	0.0	0.0	0.008	0.0	0.0	0.0	0.0	0.0	0.0	0.0	0.0	0.0	
Chromosome	5985213	G	C	0.0	0.27	0.0	0.0	0.0	0.0	0.0	0.0	0.0	0.0	0.0	0.0	0.0	0.0	0.0	0.0	0.0	0.0	0.0	0.0	0.0	0.0	0.0	0.0	0.0	0.0	0.0	0.0	0.0	0.0	0.0	0.0	0.0	0.0	0.0	0.0	0.0	0.0	0.0	0.0	0.0	0.0	0.0	0.0	0.0	0.0	0.0	0.0	0.0	0.0	0.0	0.0	0.0	0.0	0.0	0.0	0.0	0.0	0.0	0.0	0.0	0.0	0.0	0.0	0.0	0.0	0.0	0.0	0.0	
Chromosome	5985318	AC	A	0.003	0.249	0.0	0.0	0.0	0.0	0.004	0.0	0.012	0.0	0.022	0.018	0.011	0.008	0.015	0.011	0.0	0.018	0.004	0.004	0.008	0.0	0.007	0.0	0.0	0.006	0.006	0.0	0.0	0.0	0.0	0.0	0.0	0.004	0.0	0.0	0.004	0.005	0.016	0.003	0.014	0.003	0.0	0.003	0.01	0.008	0.0	0.006	0.012	0.012	0.006	0.0	0.0	0.01	0.03	0.0	0.008	0.009	0.0	0.012	0.009	0.01	0.004	0.01	0.005	0.003	0.008	0.003	0.0	
Chromosome	6135889	T	G	0.068	0.134	0.147	0.016	0.068	0.057	0.079	0.227	0.045	0.228	0.201	0.267	0.148	0.14	0.163	0.132	0.118	0.12	0.104	0.127	0.141	0.179	0.236	0.245	0.292	0.219	0.175	0.139	0.158	0.108	0.13	0.168	0.131	0.0	0.162	0.145	0.151	0.15	0.174	0.062	0.082	0.079	0.098	0.069	0.092	0.274	0.24	0.203	0.239	0.27	0.183	0.2	0.194	0.173	0.166	0.006	0.066	0.11	0.081	0.136	0.144	0.178	0.0	0.105	0.157	0.095	0.071	0.067	0.007	
Chromosome	6187631	G	A	0.0	0.265	0.0	0.0	0.0	0.0	0.0	0.0	0.006	0.0	0.0	0.0	0.0	0.0	0.0	0.005	0.0	0.0	0.0	0.0	0.0	0.0	0.0	0.0	0.0	0.0	0.0	0.0	0.0	0.0	0.0	0.0	0.0	0.0	0.0	0.0	0.0	0.0	0.0	0.0	0.0	0.0	0.0	0.0	0.0	0.0	0.006	0.0	0.0	0.0	0.0	0.0	0.0	0.0	0.0	0.0	0.0	0.0	0.0	0.0	0.0	0.0	0.0	0.0	0.0	0.0	0.0	0.0	0.0	
Chromosome	6336520	T	G	0.244	0.339	0.347	0.013	0.246	0.307	0.324	0.269	0.276	0.378	0.288	0.297	0.35	0.317	0.281	0.321	0.312	0.4	0.35	0.315	0.571	0.4	0.316	0.278	0.293	0.39	0.352	0.407	0.392	0.328	0.381	0.292	0.258	0.005	0.323	0.296	0.34	0.286	0.416	0.335	0.325	0.268	0.246	0.397	0.282	0.415	0.356	0.308	0.3	0.413	0.348	0.358	0.643	0.367	0.391	0.005	0.317	0.296	0.269	0.343	0.368	0.331	0.017	0.256	0.409	0.288	0.281	0.346	0.0	
Chromosome	6336530	A	C	0.311	0.408	0.424	0.006	0.218	0.247	0.255	0.534	0.194	0.423	0.479	0.549	0.364	0.373	0.504	0.319	0.339	0.379	0.409	0.457	0.65	0.426	0.444	0.552	0.448	0.57	0.522	0.415	0.514	0.338	0.433	0.349	0.387	0.0	0.387	0.421	0.371	0.433	0.492	0.307	0.271	0.27	0.288	0.293	0.241	0.548	0.438	0.586	0.506	0.373	0.5	0.523	0.667	0.585	0.403	0.0	0.255	0.285	0.199	0.331	0.267	0.395	0.0	0.385	0.372	0.258	0.247	0.301	0.0	
Chromosome	6365110	A	C	0.056	0.119	0.093	0.0	0.066	0.089	0.04	0.089	0.06	0.084	0.152	0.08	0.093	0.109	0.088	0.089	0.056	0.077	0.057	0.083	0.13	0.134	0.099	0.136	0.121	0.099	0.113	0.088	0.068	0.057	0.047	0.05	0.085	0.005	0.094	0.095	0.117	0.083	0.074	0.05	0.064	0.043	0.07	0.038	0.068	0.102	0.114	0.089	0.112	0.125	0.136	0.145	0.07	0.087	0.065	0.0	0.07	0.046	0.061	0.057	0.067	0.073	0.0	0.06	0.073	0.057	0.064	0.037	0.0	
Chromosome	6458276	T	G	0.134	0.155	0.176	0.005	0.113	0.143	0.093	0.138	0.135	0.17	0.152	0.155	0.139	0.152	0.154	0.131	0.119	0.164	0.163	0.152	0.081	0.123	0.133	0.088	0.157	0.154	0.132	0.136	0.123	0.148	0.145	0.118	0.147	0.0	0.131	0.146	0.174	0.168	0.144	0.155	0.125	0.07	0.11	0.117	0.096	0.135	0.134	0.165	0.195	0.145	0.179	0.197	0.026	0.106	0.125	0.0	0.105	0.119	0.112	0.127	0.101	0.114	0.0	0.107	0.149	0.103	0.122	0.066	0.0	
Chromosome	6478685	A	C	0.196	0.311	0.275	0.006	0.175	0.199	0.13	0.275	0.075	0.308	0.234	0.303	0.186	0.19	0.206	0.228	0.095	0.197	0.159	0.216	0.183	0.222	0.247	0.26	0.229	0.223	0.165	0.246	0.237	0.179	0.126	0.126	0.163	0.0	0.264	0.231	0.181	0.195	0.29	0.185	0.137	0.164	0.193	0.151	0.169	0.381	0.328	0.321	0.281	0.305	0.347	0.242	0.207	0.182	0.156	0.006	0.205	0.121	0.153	0.144	0.107	0.239	0.006	0.112	0.224	0.156	0.177	0.144	0.0	
Chromosome	6478690	A	C	0.176	0.327	0.257	0.006	0.203	0.196	0.146	0.255	0.093	0.306	0.242	0.271	0.244	0.223	0.195	0.215	0.174	0.205	0.192	0.207	0.183	0.27	0.239	0.265	0.26	0.193	0.248	0.271	0.253	0.176	0.176	0.124	0.199	0.0	0.27	0.287	0.201	0.206	0.275	0.195	0.176	0.141	0.196	0.202	0.182	0.363	0.285	0.252	0.296	0.308	0.305	0.296	0.241	0.199	0.18	0.0	0.193	0.166	0.147	0.188	0.162	0.247	0.0	0.112	0.229	0.124	0.19	0.182	0.023	
Chromosome	6497032	T	G	0.773	0.767	0.737	0.318	0.702	0.707	0.776	0.614	0.856	0.578	0.625	0.594	0.711	0.735	0.694	0.653	0.77	0.781	0.766	0.812	0.773	0.628	0.62	0.714	0.621	0.507	0.608	0.653	0.781	0.83	0.788	0.763	0.795	0.355	0.719	0.697	0.815	0.811	0.607	0.716	0.763	0.735	0.686	0.722	0.744	0.59	0.644	0.667	0.667	0.659	0.482	0.578	0.875	0.729	0.833	0.358	0.694	0.668	0.655	0.794	0.761	0.713	0.328	0.806	0.719	0.721	0.69	0.747	0.322	
Chromosome	6687723	A	C	0.063	0.121	0.106	0.005	0.043	0.048	0.077	0.048	0.088	0.034	0.093	0.043	0.087	0.108	0.102	0.08	0.082	0.135	0.066	0.093	0.111	0.078	0.104	0.039	0.074	0.113	0.063	0.079	0.07	0.11	0.094	0.105	0.094	0.0	0.084	0.063	0.122	0.137	0.08	0.095	0.053	0.056	0.098	0.068	0.066	0.086	0.107	0.068	0.058	0.089	0.083	0.084	0.115	0.08	0.053	0.004	0.071	0.1	0.055	0.092	0.055	0.072	0.0	0.074	0.088	0.074	0.061	0.059	0.0	
Chromosome	6778441	A	C	0.072	0.148	0.166	0.036	0.074	0.079	0.127	0.12	0.064	0.17	0.122	0.098	0.177	0.132	0.102	0.163	0.111	0.124	0.126	0.22	0.217	0.119	0.15	0.083	0.116	0.172	0.184	0.153	0.181	0.118	0.092	0.146	0.135	0.025	0.127	0.202	0.19	0.176	0.164	0.103	0.098	0.116	0.103	0.14	0.056	0.171	0.165	0.174	0.166	0.199	0.168	0.17	0.239	0.201	0.173	0.033	0.098	0.09	0.098	0.129	0.126	0.143	0.035	0.122	0.172	0.075	0.076	0.121	0.014	
Chromosome	6778445	A	C	0.117	0.211	0.227	0.218	0.145	0.135	0.188	0.148	0.106	0.236	0.159	0.199	0.245	0.182	0.18	0.221	0.224	0.193	0.236	0.3	0.27	0.214	0.214	0.144	0.16	0.269	0.287	0.244	0.26	0.239	0.215	0.223	0.219	0.146	0.205	0.268	0.273	0.271	0.198	0.169	0.141	0.178	0.162	0.211	0.164	0.23	0.25	0.295	0.179	0.209	0.182	0.215	0.369	0.254	0.265	0.182	0.191	0.181	0.17	0.234	0.23	0.232	0.211	0.19	0.263	0.159	0.145	0.203	0.226	
Chromosome	6778451	T	C	0.068	0.118	0.136	0.205	0.062	0.048	0.075	0.073	0.043	0.149	0.045	0.09	0.173	0.108	0.086	0.088	0.103	0.077	0.093	0.178	0.155	0.097	0.103	0.061	0.107	0.11	0.117	0.104	0.126	0.1	0.07	0.09	0.093	0.174	0.091	0.169	0.143	0.104	0.131	0.098	0.051	0.071	0.084	0.131	0.064	0.149	0.132	0.195	0.127	0.129	0.102	0.137	0.235	0.177	0.135	0.198	0.088	0.09	0.097	0.105	0.085	0.1	0.186	0.098	0.157	0.093	0.056	0.076	0.2	
Chromosome	6778460	G	C	0.212	0.235	0.257	0.149	0.211	0.207	0.267	0.208	0.152	0.338	0.173	0.278	0.264	0.234	0.211	0.276	0.235	0.201	0.232	0.358	0.265	0.246	0.25	0.16	0.228	0.245	0.333	0.237	0.235	0.218	0.175	0.237	0.224	0.089	0.212	0.275	0.292	0.239	0.268	0.248	0.245	0.258	0.281	0.258	0.229	0.297	0.248	0.315	0.241	0.226	0.259	0.266	0.418	0.265	0.258	0.146	0.238	0.255	0.228	0.238	0.203	0.283	0.18	0.243	0.284	0.266	0.236	0.237	0.13	
Chromosome	6869289	T	G	0.16	0.265	0.21	0.0	0.196	0.178	0.126	0.279	0.08	0.201	0.159	0.192	0.123	0.185	0.232	0.236	0.115	0.135	0.133	0.136	0.137	0.143	0.227	0.258	0.224	0.19	0.246	0.192	0.199	0.118	0.08	0.133	0.132	0.0	0.235	0.195	0.144	0.107	0.201	0.168	0.158	0.208	0.141	0.135	0.18	0.194	0.211	0.192	0.223	0.245	0.165	0.226	0.25	0.191	0.14	0.0	0.183	0.155	0.206	0.114	0.111	0.207	0.009	0.096	0.223	0.147	0.142	0.172	0.0	
Chromosome	6913451	A	C	0.086	0.129	0.114	0.005	0.109	0.119	0.009	0.168	0.017	0.113	0.081	0.085	0.061	0.098	0.128	0.089	0.04	0.039	0.043	0.036	0.031	0.13	0.112	0.107	0.133	0.186	0.164	0.071	0.028	0.046	0.04	0.034	0.04	0.0	0.104	0.08	0.016	0.043	0.114	0.108	0.092	0.129	0.08	0.117	0.086	0.093	0.149	0.21	0.102	0.123	0.135	0.128	0.0	0.031	0.037	0.0	0.11	0.145	0.107	0.02	0.047	0.073	0.0	0.024	0.117	0.118	0.091	0.118	0.0	
Chromosome	6923330	T	G	0.29	0.42	0.322	0.0	0.258	0.264	0.271	0.507	0.253	0.352	0.347	0.411	0.365	0.397	0.421	0.319	0.333	0.374	0.324	0.472	0.587	0.472	0.467	0.396	0.397	0.383	0.427	0.39	0.423	0.307	0.372	0.351	0.382	0.0	0.392	0.372	0.46	0.412	0.466	0.31	0.292	0.261	0.261	0.294	0.261	0.339	0.411	0.474	0.417	0.493	0.376	0.471	0.588	0.413	0.437	0.0	0.261	0.3	0.279	0.36	0.294	0.352	0.006	0.265	0.283	0.236	0.273	0.232	0.014	
