chromosome	pos	ref	mut	APAW	INHA	INH1	INH2	Ana1	BedA	BedB	BedC	BedD	CipA	CipB	CipC	CLFA	CLFB	CLFC	CombA2	CombA3	CombA	CombAu1	CombAu3	CombAu5	CombB	CombC	CycloA	CycloB	CycloC	EMBA	EMBB	EMBC	LzdA	LzdB	LzdC	M91	M92	M9B	MA_F1	MA_F2	MA_F3	MA_H1	MA_H2	MA_H3	MA_S1	MA_S2	MA_S3	MMCA	MMCB	MMCC	MockA	MockB	MockC	MockD	MockE	MockF	MockG	MockH	MockI	MockJ	MockK	MockL	NANOA	NANOB	NANOC	RIFA	RIFB	RIFC	UV1	UV2	UV3	WT_Msm
Chromosome	35052	T	A	0.163	0.139	0.218	0.185	0.091	0.242	0.257	0.277	0.177	0.232	0.177	0.209	0.115	0.113	0.073	0.151	0.184	0.247	0.289	0.267	0.205	0.29	0.208	0.368	0.175	0.083	0.108	0.181	0.104	0.147	0.169	0.329	0.221	0.211	0.163	0.0	0.26	0.183	0.219	0.0	0.192	0.0	0.12	0.241	0.185	0.197	0.212	0.289	0.279	0.258	0.315	0.289	0.326	0.392	0.299	0.25	0.2	0.169	0.0	0.206	0.186	0.142	0.125	0.073	0.244	0.153	0.224	0.168	0.0	
Chromosome	57088	GGTAGCCGCCGGCCGGCTGGCCGTAGCCACGGTC	G	0.015	0.01	0.009	0.023	0.0	0.008	0.0	0.021	0.009	0.007	0.015	0.0	0.0	0.005	0.005	0.0	0.0	0.0	0.0	0.014	0.016	0.0	0.007	0.005	0.006	0.0	0.0	0.013	0.0	0.007	0.0	0.01	0.003	0.005	0.009	0.0	0.015	0.01	0.0	0.007	0.015	0.018	0.009	0.006	0.006	0.007	0.006	0.0	0.0	0.008	0.006	0.007	0.0	0.0	0.0	0.0	0.015	0.004	0.009	0.009	0.003	0.008	0.005	0.006	0.0	0.0	0.012	0.013	0.0	
Chromosome	417971	T	A	0.145	0.167	0.158	0.133	0.06	0.152	0.169	0.145	0.198	0.142	0.104	0.123	0.162	0.12	0.098	0.213	0.196	0.121	0.137	0.16	0.157	0.167	0.199	0.174	0.206	0.114	0.118	0.109	0.092	0.19	0.23	0.166	0.132	0.109	0.111	0.0	0.117	0.173	0.133	0.0	0.091	0.0	0.135	0.104	0.194	0.155	0.15	0.074	0.152	0.193	0.162	0.211	0.107	0.134	0.203	0.324	0.234	0.167	0.0	0.158	0.146	0.142	0.121	0.092	0.159	0.15	0.142	0.134	0.0	
Chromosome	417985	T	A	0.107	0.165	0.167	0.133	0.06	0.078	0.115	0.163	0.183	0.16	0.14	0.113	0.113	0.172	0.119	0.165	0.166	0.163	0.133	0.092	0.121	0.139	0.142	0.165	0.218	0.131	0.1	0.174	0.083	0.166	0.177	0.157	0.131	0.09	0.14	0.0	0.126	0.161	0.107	0.0	0.104	0.0	0.092	0.118	0.145	0.151	0.15	0.088	0.118	0.177	0.112	0.185	0.084	0.164	0.137	0.243	0.199	0.136	0.0	0.146	0.165	0.124	0.078	0.061	0.149	0.149	0.12	0.125	0.0	
Chromosome	708674	A	C	0.204	0.142	0.138	0.092	0.094	0.261	0.187	0.302	0.215	0.254	0.243	0.257	0.245	0.163	0.182	0.223	0.23	0.256	0.247	0.229	0.202	0.267	0.266	0.19	0.28	0.182	0.147	0.126	0.151	0.23	0.256	0.2	0.176	0.145	0.187	0.005	0.181	0.206	0.281	0.0	0.255	0.0	0.195	0.217	0.167	0.209	0.185	0.196	0.208	0.191	0.224	0.302	0.224	0.198	0.167	0.333	0.284	0.214	0.0	0.139	0.164	0.17	0.171	0.235	0.183	0.141	0.17	0.161	0.0	
Chromosome	708677	A	C	0.24	0.228	0.189	0.168	0.152	0.293	0.262	0.33	0.28	0.295	0.306	0.324	0.221	0.237	0.264	0.288	0.254	0.267	0.351	0.324	0.357	0.303	0.27	0.223	0.333	0.181	0.226	0.205	0.189	0.295	0.335	0.222	0.205	0.216	0.184	0.0	0.265	0.255	0.305	0.008	0.295	0.0	0.26	0.239	0.193	0.235	0.22	0.3	0.28	0.312	0.305	0.31	0.292	0.217	0.292	0.386	0.356	0.267	0.0	0.175	0.24	0.18	0.233	0.25	0.206	0.201	0.187	0.215	0.0	
Chromosome	788001	A	C	0.258	0.195	0.25	0.234	0.136	0.252	0.202	0.325	0.092	0.229	0.282	0.281	0.195	0.235	0.206	0.113	0.154	0.267	0.263	0.231	0.264	0.222	0.145	0.264	0.057	0.196	0.176	0.258	0.222	0.131	0.113	0.288	0.253	0.249	0.193	0.005	0.275	0.309	0.269	0.008	0.266	0.0	0.16	0.243	0.263	0.269	0.268	0.238	0.21	0.25	0.28	0.206	0.255	0.148	0.183	0.024	0.072	0.098	0.005	0.244	0.241	0.231	0.142	0.157	0.268	0.263	0.257	0.277	0.007	
Chromosome	788006	G	C	0.255	0.166	0.274	0.255	0.131	0.239	0.193	0.283	0.084	0.219	0.282	0.279	0.144	0.214	0.125	0.103	0.152	0.224	0.245	0.219	0.22	0.217	0.148	0.218	0.057	0.155	0.157	0.209	0.175	0.096	0.089	0.29	0.285	0.25	0.238	0.0	0.291	0.295	0.259	0.008	0.247	0.0	0.146	0.234	0.261	0.292	0.317	0.24	0.203	0.218	0.27	0.207	0.239	0.135	0.177	0.0	0.035	0.068	0.005	0.25	0.262	0.258	0.102	0.133	0.227	0.277	0.263	0.306	0.0	
Chromosome	812060	C	T	0.0	0.007	0.0	0.0	0.0	0.0	0.0	0.0	0.0	0.003	0.007	0.0	0.0	0.0	0.0	0.0	0.005	0.0	0.0	0.0	0.0	0.0	0.0	0.0	0.0	0.0	0.0	0.0	0.0	0.0	0.0	0.0	0.0	0.0	0.0	0.0	0.0	0.0	0.0	0.0	0.0	0.0	0.0	0.0	0.0	0.0	0.0	0.0	0.0	0.0	0.0	0.0	0.0	0.0	0.0	0.0	0.0	0.0	0.0	0.0	0.0	0.0	0.0	0.0	0.0	0.0	0.0	0.0	0.0	
Chromosome	994997	G	A	0.0	0.182	0.0	0.0	0.0	0.0	0.0	0.0	0.0	0.0	0.0	0.0	0.0	0.0	0.0	0.0	0.0	0.0	0.0	0.0	0.0	0.0	0.0	0.0	0.0	0.0	0.0	0.0	0.0	0.0	0.0	0.0	0.0	0.0	0.0	0.0	0.0	0.0	0.0	0.0	0.0	0.0	0.0	0.0	0.0	0.0	0.0	0.0	0.0	0.0	0.0	0.0	0.0	0.0	0.0	0.0	0.0	0.0	0.0	0.0	0.0	0.0	0.0	0.0	0.0	0.0	0.0	0.0	0.0	
Chromosome	1013795	AC	A	0.003	0.235	0.016	0.022	0.01	0.013	0.007	0.007	0.0	0.005	0.0	0.01	0.008	0.004	0.008	0.022	0.0	0.0	0.013	0.005	0.0	0.0	0.006	0.012	0.0	0.007	0.008	0.004	0.012	0.01	0.008	0.004	0.006	0.007	0.006	0.005	0.0	0.01	0.004	0.0	0.005	0.005	0.012	0.009	0.009	0.006	0.002	0.008	0.011	0.013	0.016	0.016	0.0	0.0	0.019	0.0	0.011	0.011	0.006	0.008	0.007	0.007	0.0	0.005	0.011	0.003	0.01	0.011	0.013	
Chromosome	1285644	T	G	0.256	0.122	0.243	0.233	0.1	0.225	0.195	0.2	0.073	0.23	0.295	0.271	0.187	0.132	0.109	0.05	0.077	0.286	0.165	0.22	0.272	0.216	0.172	0.244	0.1	0.175	0.173	0.124	0.139	0.055	0.065	0.277	0.237	0.292	0.313	0.0	0.222	0.298	0.201	0.0	0.278	0.0	0.075	0.305	0.234	0.233	0.272	0.238	0.24	0.284	0.218	0.254	0.268	0.225	0.148	0.073	0.074	0.033	0.0	0.226	0.259	0.23	0.112	0.185	0.256	0.249	0.262	0.269	0.0	
Chromosome	1480926	C	G	0.271	0.413	0.327	0.265	0.396	0.261	0.215	0.243	0.32	0.23	0.262	0.262	0.391	0.299	0.303	0.291	0.378	0.288	0.229	0.234	0.27	0.213	0.254	0.299	0.361	0.347	0.368	0.306	0.347	0.272	0.348	0.29	0.282	0.31	0.285	0.242	0.331	0.266	0.281	0.259	0.315	0.175	0.423	0.312	0.236	0.271	0.27	0.337	0.252	0.284	0.273	0.318	0.267	0.301	0.233	0.286	0.236	0.302	0.182	0.262	0.292	0.265	0.381	0.374	0.236	0.275	0.218	0.229	0.224	
Chromosome	1613678	T	A	0.133	0.148	0.12	0.121	0.059	0.108	0.206	0.156	0.108	0.102	0.121	0.096	0.118	0.094	0.098	0.098	0.152	0.17	0.135	0.202	0.208	0.168	0.146	0.202	0.088	0.081	0.094	0.065	0.087	0.083	0.114	0.202	0.142	0.113	0.1	0.0	0.118	0.108	0.171	0.0	0.087	0.0	0.071	0.106	0.133	0.111	0.164	0.187	0.161	0.212	0.147	0.149	0.145	0.168	0.179	0.143	0.094	0.12	0.0	0.123	0.1	0.119	0.066	0.119	0.184	0.136	0.15	0.142	0.0	
Chromosome	1695242	C	G	0.187	0.217	0.209	0.214	0.179	0.2	0.237	0.273	0.332	0.209	0.22	0.236	0.221	0.248	0.299	0.27	0.32	0.217	0.198	0.218	0.178	0.236	0.22	0.205	0.292	0.267	0.291	0.283	0.213	0.365	0.313	0.172	0.154	0.198	0.172	0.005	0.156	0.21	0.214	0.0	0.211	0.0	0.355	0.207	0.211	0.224	0.187	0.231	0.276	0.196	0.196	0.19	0.229	0.255	0.235	0.306	0.297	0.3	0.0	0.226	0.215	0.184	0.228	0.276	0.2	0.212	0.231	0.193	0.013	
Chromosome	1761252	T	C	0.0	0.265	0.0	0.0	0.0	0.0	0.0	0.0	0.0	0.0	0.0	0.0	0.0	0.0	0.0	0.0	0.006	0.0	0.0	0.0	0.0	0.0	0.0	0.0	0.0	0.0	0.0	0.0	0.0	0.0	0.0	0.0	0.0	0.0	0.0	0.0	0.0	0.0	0.0	0.0	0.0	0.0	0.0	0.0	0.0	0.0	0.0	0.0	0.0	0.0	0.0	0.0	0.0	0.0	0.0	0.0	0.0	0.0	0.0	0.0	0.002	0.0	0.0	0.0	0.0	0.0	0.0	0.0	0.0	
Chromosome	1763100	A	C	0.235	0.435	0.197	0.297	0.209	0.298	0.283	0.255	0.462	0.202	0.27	0.208	0.448	0.458	0.496	0.405	0.38	0.302	0.25	0.259	0.246	0.298	0.328	0.198	0.45	0.354	0.43	0.308	0.395	0.438	0.434	0.238	0.233	0.207	0.179	0.005	0.26	0.273	0.287	0.0	0.22	0.0	0.42	0.179	0.247	0.249	0.202	0.196	0.299	0.164	0.267	0.25	0.158	0.323	0.26	0.476	0.449	0.437	0.0	0.215	0.232	0.186	0.353	0.392	0.288	0.164	0.216	0.218	0.007	
Chromosome	1777808	T	G	0.136	0.154	0.151	0.125	0.099	0.308	0.231	0.302	0.225	0.17	0.172	0.188	0.197	0.152	0.117	0.255	0.298	0.209	0.274	0.294	0.347	0.333	0.294	0.256	0.269	0.151	0.161	0.188	0.14	0.254	0.219	0.216	0.156	0.201	0.117	0.0	0.273	0.225	0.242	0.0	0.231	0.0	0.195	0.275	0.143	0.2	0.164	0.257	0.379	0.277	0.347	0.309	0.355	0.407	0.326	0.425	0.321	0.291	0.014	0.162	0.16	0.126	0.166	0.14	0.204	0.128	0.145	0.141	0.0	
Chromosome	1922848	C	G	0.121	0.138	0.132	0.135	0.09	0.169	0.232	0.267	0.237	0.14	0.177	0.209	0.12	0.069	0.12	0.167	0.156	0.208	0.22	0.213	0.233	0.239	0.248	0.214	0.227	0.112	0.104	0.106	0.102	0.156	0.159	0.232	0.147	0.149	0.082	0.0	0.151	0.158	0.129	0.0	0.107	0.0	0.091	0.175	0.139	0.157	0.126	0.219	0.222	0.281	0.258	0.236	0.21	0.216	0.277	0.231	0.248	0.131	0.0	0.152	0.134	0.106	0.119	0.069	0.182	0.135	0.122	0.124	0.0	
Chromosome	2117924	A	C	0.205	0.177	0.239	0.219	0.18	0.273	0.344	0.321	0.286	0.224	0.288	0.303	0.168	0.246	0.244	0.289	0.32	0.318	0.223	0.281	0.287	0.295	0.349	0.273	0.26	0.238	0.19	0.291	0.266	0.258	0.278	0.322	0.206	0.207	0.231	0.006	0.242	0.219	0.219	0.0	0.212	0.0	0.195	0.215	0.215	0.211	0.225	0.3	0.19	0.266	0.309	0.267	0.296	0.25	0.351	0.37	0.352	0.259	0.0	0.222	0.231	0.19	0.192	0.138	0.247	0.157	0.152	0.228	0.0	
Chromosome	2117927	T	G	0.145	0.123	0.187	0.209	0.172	0.202	0.237	0.252	0.161	0.169	0.2	0.253	0.165	0.182	0.166	0.152	0.149	0.218	0.221	0.261	0.13	0.225	0.208	0.226	0.129	0.129	0.179	0.185	0.214	0.145	0.146	0.245	0.176	0.233	0.234	0.0	0.295	0.212	0.213	0.0	0.236	0.0	0.081	0.157	0.173	0.205	0.197	0.22	0.183	0.225	0.271	0.167	0.234	0.225	0.247	0.079	0.182	0.149	0.0	0.197	0.183	0.173	0.163	0.117	0.214	0.167	0.163	0.197	0.0	
Chromosome	2248775	A	G	0.0	0.275	0.0	0.0	0.0	0.0	0.0	0.0	0.0	0.0	0.0	0.0	0.005	0.0	0.0	0.0	0.0	0.0	0.0	0.0	0.0	0.0	0.0	0.0	0.0	0.0	0.0	0.0	0.0	0.0	0.004	0.0	0.0	0.002	0.0	0.0	0.0	0.0	0.0	0.005	0.0	0.0	0.0	0.0	0.0	0.004	0.0	0.0	0.0	0.0	0.0	0.0	0.0	0.0	0.0	0.0	0.0	0.0	0.0	0.0	0.0	0.0	0.0	0.0	0.0	0.0	0.0	0.0	0.0	
Chromosome	2527878	C	T	0.0	0.059	0.0	0.0	0.0	0.0	0.0	0.0	0.0	0.0	0.0	0.0	0.0	0.0	0.0	0.009	0.0	0.0	0.0	0.0	0.0	0.0	0.0	0.0	0.0	0.0	0.0	0.005	0.0	0.0	0.0	0.005	0.0	0.0	0.0	0.0	0.0	0.0	0.0	0.0	0.0	0.0	0.0	0.0	0.0	0.0	0.0	0.0	0.0	0.0	0.0	0.0	0.0	0.0	0.0	0.0	0.0	0.0	0.0	0.0	0.0	0.0	0.0	0.0	0.0	0.0	0.0	0.0	0.0	
Chromosome	2544421	G	A	0.0	0.926	1.0	0.708	0.0	0.0	0.0	0.0	0.0	0.0	0.009	0.0	0.0	0.0	0.0	0.0	0.0	0.0	0.0	0.0	0.0	0.0	0.0	0.0	0.0	0.0	0.0	0.0	0.0	0.0	0.0	0.0	0.0	0.0	0.0	0.0	0.0	0.0	0.0	0.0	0.0	0.0	0.0	0.0	0.0	0.0	0.0	0.0	0.0	0.0	0.0	0.0	0.0	0.0	0.0	0.0	0.0	0.0	0.0	0.0	0.0	0.0	0.0	0.0	0.0	0.0	0.0	0.0	0.0	
Chromosome	2579189	A	C	0.173	0.202	0.248	0.226	0.134	0.268	0.276	0.242	0.322	0.271	0.222	0.31	0.219	0.219	0.213	0.261	0.246	0.282	0.237	0.297	0.183	0.206	0.319	0.253	0.25	0.187	0.23	0.232	0.224	0.275	0.243	0.239	0.21	0.225	0.223	0.006	0.273	0.263	0.274	0.0	0.395	0.0	0.226	0.303	0.277	0.259	0.226	0.283	0.34	0.287	0.219	0.263	0.281	0.333	0.308	0.238	0.256	0.256	0.0	0.225	0.219	0.226	0.154	0.254	0.234	0.26	0.238	0.244	0.013	
Chromosome	2612734	A	C	0.156	0.191	0.235	0.161	0.112	0.208	0.225	0.197	0.156	0.228	0.172	0.2	0.147	0.19	0.121	0.094	0.119	0.163	0.2	0.211	0.245	0.184	0.183	0.196	0.109	0.128	0.151	0.155	0.147	0.149	0.128	0.252	0.214	0.169	0.202	0.0	0.256	0.241	0.306	0.0	0.312	0.005	0.126	0.271	0.184	0.268	0.188	0.226	0.257	0.28	0.236	0.2	0.228	0.248	0.25	0.097	0.081	0.152	0.011	0.199	0.217	0.215	0.123	0.114	0.16	0.26	0.166	0.19	0.007	
Chromosome	3030967	A	C	0.347	0.456	0.307	0.314	0.255	0.5	0.368	0.451	0.587	0.396	0.345	0.489	0.437	0.421	0.388	0.566	0.676	0.512	0.409	0.514	0.563	0.43	0.37	0.488	0.567	0.506	0.368	0.451	0.35	0.586	0.61	0.54	0.34	0.377	0.383	0.0	0.375	0.446	0.483	0.007	0.438	0.0	0.456	0.394	0.337	0.331	0.378	0.623	0.525	0.565	0.522	0.614	0.5	0.455	0.6	0.634	0.724	0.594	0.0	0.359	0.361	0.402	0.407	0.389	0.368	0.286	0.403	0.299	0.0	
Chromosome	3059418	G	C	0.204	0.136	0.179	0.176	0.1	0.222	0.274	0.247	0.161	0.351	0.253	0.337	0.101	0.161	0.111	0.17	0.174	0.127	0.288	0.312	0.323	0.303	0.339	0.257	0.167	0.133	0.145	0.151	0.117	0.203	0.176	0.369	0.187	0.2	0.191	0.0	0.269	0.223	0.229	0.0	0.213	0.0	0.104	0.282	0.233	0.221	0.247	0.379	0.29	0.325	0.246	0.339	0.283	0.257	0.256	0.172	0.116	0.132	0.0	0.211	0.183	0.168	0.105	0.145	0.261	0.21	0.187	0.13	0.0	
Chromosome	3092774	T	G	0.337	0.402	0.267	0.329	0.397	0.207	0.3	0.217	0.505	0.361	0.351	0.288	0.554	0.427	0.573	0.474	0.5	0.351	0.324	0.4	0.25	0.318	0.297	0.286	0.629	0.52	0.589	0.4	0.538	0.561	0.483	0.243	0.321	0.33	0.294	0.0	0.333	0.311	0.347	0.0	0.295	0.0	0.493	0.315	0.298	0.345	0.417	0.245	0.31	0.277	0.432	0.328	0.26	0.302	0.264	0.333	0.491	0.431	0.008	0.301	0.3	0.3	0.536	0.5	0.344	0.285	0.296	0.264	0.0	
Chromosome	3092781	C	G	0.284	0.074	0.247	0.265	0.05	0.158	0.25	0.212	0.222	0.318	0.26	0.237	0.175	0.113	0.169	0.093	0.125	0.22	0.262	0.297	0.182	0.306	0.29	0.227	0.219	0.239	0.222	0.129	0.218	0.204	0.115	0.205	0.254	0.286	0.252	0.0	0.242	0.268	0.222	0.0	0.303	0.0	0.1	0.268	0.303	0.254	0.357	0.286	0.244	0.234	0.302	0.265	0.244	0.258	0.226	0.083	0.188	0.171	0.008	0.261	0.226	0.259	0.19	0.196	0.202	0.248	0.278	0.279	0.0	
Chromosome	3092808	A	C	0.368	0.396	0.327	0.315	0.328	0.373	0.267	0.241	0.511	0.403	0.289	0.443	0.589	0.505	0.541	0.488	0.561	0.273	0.316	0.456	0.316	0.373	0.26	0.395	0.627	0.536	0.53	0.615	0.574	0.568	0.593	0.446	0.413	0.347	0.392	0.0	0.384	0.333	0.27	0.0	0.385	0.0	0.353	0.39	0.368	0.364	0.318	0.4	0.264	0.396	0.283	0.364	0.318	0.418	0.349	0.4	0.46	0.547	0.0	0.405	0.34	0.308	0.564	0.487	0.391	0.3	0.333	0.251	0.01	
Chromosome	3105791	A	G	0.162	0.141	0.186	0.157	0.182	0.213	0.2	0.328	0.359	0.17	0.204	0.141	0.193	0.28	0.198	0.416	0.516	0.269	0.29	0.253	0.236	0.315	0.219	0.191	0.391	0.173	0.25	0.22	0.271	0.432	0.279	0.179	0.192	0.192	0.167	0.005	0.192	0.2	0.162	0.0	0.148	0.0	0.279	0.27	0.16	0.2	0.154	0.386	0.267	0.25	0.359	0.226	0.259	0.258	0.25	0.526	0.455	0.371	0.0	0.169	0.188	0.194	0.208	0.226	0.203	0.13	0.117	0.172	0.0	
Chromosome	3230517	A	C	0.197	0.155	0.13	0.192	0.153	0.204	0.193	0.218	0.119	0.22	0.255	0.226	0.075	0.143	0.177	0.103	0.121	0.271	0.225	0.254	0.209	0.215	0.206	0.196	0.097	0.097	0.112	0.172	0.114	0.088	0.086	0.212	0.163	0.185	0.169	0.006	0.216	0.171	0.232	0.0	0.18	0.0	0.075	0.247	0.16	0.164	0.207	0.207	0.274	0.22	0.228	0.229	0.2	0.244	0.236	0.0	0.151	0.121	0.0	0.159	0.159	0.174	0.109	0.154	0.167	0.164	0.144	0.163	0.0	
Chromosome	3269590	T	G	0.222	0.153	0.272	0.269	0.14	0.276	0.312	0.231	0.138	0.247	0.31	0.267	0.197	0.171	0.217	0.14	0.165	0.291	0.29	0.345	0.226	0.268	0.356	0.326	0.164	0.249	0.176	0.192	0.173	0.157	0.167	0.382	0.256	0.244	0.236	0.005	0.226	0.322	0.295	0.0	0.299	0.0	0.171	0.301	0.32	0.239	0.264	0.293	0.293	0.3	0.302	0.293	0.378	0.242	0.348	0.143	0.112	0.118	0.0	0.249	0.275	0.276	0.122	0.172	0.226	0.259	0.204	0.266	0.0	
Chromosome	3777637	A	C	0.147	0.169	0.196	0.201	0.108	0.253	0.286	0.32	0.217	0.283	0.261	0.265	0.153	0.228	0.209	0.331	0.224	0.237	0.292	0.281	0.223	0.308	0.21	0.256	0.254	0.293	0.188	0.189	0.138	0.219	0.211	0.23	0.161	0.185	0.179	0.0	0.31	0.262	0.275	0.0	0.264	0.007	0.218	0.222	0.146	0.205	0.184	0.233	0.378	0.218	0.275	0.316	0.418	0.315	0.24	0.51	0.287	0.219	0.0	0.188	0.154	0.143	0.242	0.248	0.215	0.151	0.174	0.155	0.006	
Chromosome	3847886	T	A	0.206	0.204	0.159	0.258	0.167	0.214	0.246	0.165	0.36	0.279	0.2	0.241	0.186	0.171	0.147	0.297	0.26	0.225	0.3	0.203	0.205	0.235	0.234	0.259	0.333	0.253	0.227	0.134	0.206	0.267	0.251	0.258	0.24	0.2	0.207	0.0	0.243	0.263	0.259	0.0	0.274	0.0	0.238	0.245	0.229	0.269	0.219	0.236	0.183	0.256	0.22	0.195	0.187	0.223	0.237	0.408	0.286	0.291	0.0	0.274	0.253	0.219	0.169	0.238	0.27	0.242	0.245	0.224	0.0	
Chromosome	4028636	G	C	0.279	0.346	0.376	0.345	0.3	0.337	0.26	0.358	0.423	0.302	0.41	0.268	0.354	0.34	0.379	0.403	0.396	0.186	0.377	0.333	0.231	0.31	0.363	0.345	0.397	0.33	0.393	0.339	0.353	0.427	0.389	0.371	0.347	0.374	0.317	0.005	0.328	0.386	0.311	0.0	0.41	0.0	0.431	0.335	0.384	0.371	0.322	0.412	0.315	0.304	0.327	0.374	0.347	0.333	0.364	0.426	0.414	0.393	0.0	0.328	0.339	0.366	0.279	0.317	0.314	0.374	0.341	0.41	0.0	
Chromosome	4214560	C	A	0.452	0.515	0.494	0.476	0.533	0.441	0.444	0.525	0.503	0.477	0.478	0.474	0.465	0.518	0.466	0.465	0.544	0.5	0.53	0.506	0.48	0.485	0.401	0.533	0.478	0.449	0.475	0.494	0.517	0.485	0.48	0.481	0.502	0.45	0.481	0.463	0.458	0.491	0.505	0.538	0.511	0.524	0.498	0.496	0.478	0.497	0.486	0.431	0.453	0.479	0.42	0.509	0.468	0.49	0.472	0.509	0.462	0.494	0.408	0.494	0.506	0.43	0.49	0.489	0.515	0.442	0.432	0.326	0.498	
Chromosome	4214739	G	GT	0.34	0.353	0.332	0.321	0.395	0.304	0.332	0.352	0.324	0.364	0.304	0.32	0.338	0.351	0.336	0.368	0.472	0.392	0.342	0.38	0.312	0.339	0.353	0.34	0.358	0.313	0.303	0.316	0.331	0.327	0.388	0.339	0.358	0.305	0.333	0.327	0.332	0.362	0.287	0.317	0.332	0.357	0.306	0.309	0.32	0.334	0.355	0.331	0.371	0.301	0.321	0.371	0.324	0.352	0.367	0.535	0.391	0.331	0.26	0.338	0.314	0.329	0.36	0.327	0.316	0.303	0.304	0.266	0.329	
Chromosome	4533557	T	TC	0.0	0.173	0.232	0.0	0.0	0.0	0.0	0.0	0.0	0.0	0.0	0.0	0.0	0.0	0.0	0.0	0.0	0.0	0.0	0.0	0.0	0.0	0.0	0.0	0.0	0.0	0.0	0.0	0.0	0.0	0.0	0.0	0.0	0.0	0.0	0.0	0.0	0.0	0.0	0.0	0.0	0.0	0.0	0.0	0.0	0.0	0.0	0.0	0.0	0.0	0.0	0.0	0.0	0.0	0.0	0.0	0.0	0.0	0.0	0.0	0.0	0.0	0.0	0.0	0.0	0.0	0.0	0.0	0.0	
Chromosome	4619545	A	C	0.183	0.202	0.167	0.197	0.145	0.265	0.229	0.267	0.221	0.242	0.322	0.252	0.224	0.197	0.173	0.206	0.242	0.21	0.272	0.28	0.225	0.293	0.238	0.256	0.28	0.168	0.253	0.15	0.219	0.234	0.295	0.253	0.186	0.201	0.168	0.0	0.177	0.286	0.215	0.0	0.219	0.0	0.206	0.212	0.219	0.206	0.191	0.2	0.223	0.221	0.295	0.32	0.177	0.263	0.282	0.318	0.283	0.241	0.0	0.239	0.172	0.163	0.167	0.214	0.249	0.205	0.162	0.191	0.0	
Chromosome	4709847	G	GC	0.017	0.23	0.007	0.011	0.125	0.014	0.0	0.0	0.005	0.014	0.01	0.242	0.005	0.022	0.019	0.188	0.0	0.276	0.932	0.022	0.0	0.014	0.008	0.005	0.119	0.014	0.012	0.036	0.01	0.234	0.157	0.0	0.007	0.0	0.007	0.017	0.189	0.011	0.008	0.0	0.023	0.006	0.014	0.021	0.018	0.004	0.002	0.0	0.006	0.008	0.007	0.007	0.19	0.02	0.018	0.0	0.007	0.009	0.006	0.011	0.02	0.008	0.015	0.018	0.005	0.027	0.012	0.08	0.018	
Chromosome	4724246	A	C	0.306	0.203	0.31	0.277	0.171	0.299	0.304	0.243	0.243	0.289	0.344	0.258	0.223	0.244	0.235	0.284	0.262	0.278	0.311	0.315	0.245	0.342	0.275	0.318	0.268	0.261	0.269	0.232	0.23	0.22	0.297	0.348	0.235	0.269	0.275	0.0	0.272	0.29	0.267	0.0	0.327	0.006	0.157	0.354	0.294	0.358	0.288	0.386	0.398	0.367	0.33	0.206	0.277	0.389	0.23	0.233	0.248	0.219	0.0	0.281	0.263	0.26	0.281	0.251	0.312	0.275	0.296	0.192	0.0	
Chromosome	4795816	T	G	0.176	0.131	0.17	0.161	0.104	0.226	0.265	0.184	0.159	0.223	0.239	0.23	0.187	0.138	0.152	0.184	0.179	0.191	0.232	0.262	0.226	0.233	0.22	0.223	0.12	0.107	0.144	0.145	0.146	0.156	0.123	0.223	0.188	0.157	0.158	0.0	0.203	0.203	0.249	0.0	0.231	0.014	0.096	0.267	0.111	0.207	0.164	0.237	0.199	0.344	0.315	0.248	0.242	0.24	0.294	0.147	0.184	0.167	0.0	0.178	0.191	0.202	0.18	0.145	0.236	0.2	0.154	0.196	0.019	
Chromosome	4895259	A	C	0.091	0.139	0.081	0.136	0.061	0.187	0.15	0.157	0.108	0.138	0.177	0.153	0.094	0.142	0.103	0.155	0.147	0.149	0.171	0.172	0.137	0.161	0.129	0.205	0.119	0.1	0.081	0.076	0.111	0.13	0.12	0.142	0.105	0.113	0.093	0.0	0.149	0.158	0.135	0.0	0.141	0.0	0.098	0.172	0.114	0.112	0.112	0.14	0.16	0.226	0.16	0.209	0.146	0.168	0.206	0.105	0.086	0.121	0.0	0.098	0.092	0.067	0.093	0.104	0.154	0.099	0.075	0.088	0.0	
Chromosome	4910340	A	C	0.158	0.126	0.09	0.111	0.098	0.189	0.195	0.207	0.127	0.177	0.157	0.167	0.15	0.091	0.099	0.109	0.147	0.182	0.169	0.174	0.241	0.2	0.199	0.206	0.176	0.122	0.111	0.103	0.117	0.155	0.127	0.175	0.125	0.132	0.126	0.011	0.193	0.183	0.197	0.017	0.203	0.011	0.113	0.155	0.145	0.138	0.113	0.118	0.176	0.219	0.191	0.167	0.23	0.168	0.2	0.175	0.153	0.132	0.006	0.156	0.12	0.1	0.123	0.117	0.133	0.141	0.124	0.123	0.009	
Chromosome	4948863	G	C	0.16	0.164	0.221	0.227	0.16	0.202	0.239	0.254	0.289	0.191	0.154	0.218	0.211	0.189	0.137	0.188	0.152	0.169	0.366	0.267	0.271	0.252	0.272	0.244	0.31	0.128	0.193	0.151	0.184	0.219	0.221	0.276	0.143	0.169	0.2	0.0	0.184	0.175	0.218	0.0	0.184	0.0	0.164	0.195	0.189	0.174	0.172	0.2	0.231	0.202	0.206	0.236	0.186	0.248	0.297	0.233	0.268	0.196	0.0	0.194	0.219	0.21	0.145	0.144	0.178	0.227	0.181	0.19	0.0	
Chromosome	5130927	C	G	0.107	0.152	0.132	0.112	0.082	0.221	0.125	0.215	0.137	0.161	0.1	0.138	0.136	0.082	0.134	0.151	0.255	0.237	0.136	0.189	0.16	0.226	0.173	0.119	0.157	0.111	0.099	0.108	0.113	0.14	0.142	0.121	0.153	0.137	0.101	0.0	0.169	0.183	0.172	0.0	0.179	0.0	0.118	0.161	0.129	0.127	0.133	0.148	0.186	0.135	0.118	0.126	0.163	0.218	0.123	0.271	0.2	0.143	0.0	0.093	0.089	0.139	0.119	0.155	0.183	0.13	0.115	0.113	0.0	
Chromosome	5334170	G	GC	0.003	0.209	0.0	0.0	0.0	0.0	0.0	0.0	0.0	0.0	0.0	0.0	0.0	0.0	0.004	0.0	0.0	0.0	0.0	0.0	0.0	0.0	0.0	0.0	0.0	0.0	0.0	0.0	0.0	0.0	0.0	0.0	0.0	0.0	0.0	0.0	0.0	0.0	0.0	0.0	0.0	0.0	0.0	0.0	0.004	0.0	0.0	0.0	0.0	0.0	0.0	0.0	0.0	0.0	0.0	0.0	0.0	0.0	0.0	0.0	0.0	0.0	0.0	0.0	0.0	0.0	0.0	0.0	0.0	
Chromosome	5411407	G	T	0.0	0.075	0.0	0.0	0.0	0.0	0.0	0.007	0.0	0.0	0.007	0.0	0.0	0.0	0.0	0.0	0.009	0.0	0.0	0.006	0.0	0.0	0.0	0.0	0.0	0.0	0.0	0.0	0.0	0.0	0.0	0.0	0.0	0.0	0.0	0.0	0.0	0.0	0.005	0.0	0.0	0.0	0.0	0.01	0.0	0.0	0.002	0.0	0.0	0.0	0.0	0.006	0.0	0.0	0.0	0.0	0.0	0.0	0.005	0.005	0.0	0.003	0.0	0.0	0.0	0.0	0.0	0.0	0.0	
Chromosome	5468522	A	G	0.0	0.186	0.0	0.0	0.0	0.0	0.0	0.0	0.0	0.0	0.0	0.0	0.0	0.0	0.0	0.0	0.0	0.0	0.0	0.007	0.0	0.0	0.0	0.0	0.0	0.0	0.0	0.0	0.0	0.0	0.0	0.0	0.0	0.0	0.0	0.0	0.0	0.0	0.005	0.0	0.0	0.0	0.0	0.0	0.0	0.0	0.0	0.0	0.0	0.0	0.0	0.0	0.0	0.0	0.0	0.0	0.0	0.0	0.005	0.0	0.0	0.0	0.0	0.0	0.0	0.0	0.0	0.0	0.0	
Chromosome	5631185	T	G	0.232	0.33	0.215	0.234	0.21	0.281	0.261	0.269	0.421	0.264	0.265	0.239	0.316	0.266	0.286	0.274	0.297	0.224	0.264	0.229	0.232	0.288	0.267	0.249	0.347	0.261	0.309	0.285	0.313	0.243	0.316	0.168	0.213	0.261	0.19	0.094	0.239	0.335	0.306	0.049	0.268	0.045	0.289	0.244	0.238	0.272	0.239	0.342	0.339	0.239	0.336	0.285	0.278	0.244	0.301	0.338	0.306	0.337	0.064	0.287	0.289	0.225	0.349	0.368	0.238	0.271	0.222	0.239	0.086	
Chromosome	5651224	C	G	0.199	0.165	0.167	0.146	0.07	0.269	0.232	0.259	0.252	0.208	0.185	0.183	0.162	0.186	0.158	0.275	0.257	0.316	0.199	0.2	0.234	0.255	0.228	0.216	0.258	0.171	0.15	0.147	0.222	0.287	0.28	0.189	0.158	0.131	0.138	0.006	0.162	0.254	0.18	0.006	0.141	0.0	0.125	0.183	0.063	0.165	0.122	0.191	0.193	0.171	0.248	0.208	0.228	0.228	0.33	0.053	0.3	0.276	0.0	0.139	0.13	0.156	0.215	0.161	0.19	0.215	0.135	0.157	0.0	
Chromosome	5693409	C	G	0.205	0.26	0.248	0.23	0.115	0.458	0.42	0.361	0.413	0.286	0.275	0.295	0.238	0.159	0.164	0.525	0.508	0.348	0.316	0.427	0.388	0.347	0.42	0.432	0.374	0.217	0.246	0.267	0.244	0.37	0.408	0.339	0.245	0.208	0.2	0.0	0.291	0.274	0.224	0.0	0.196	0.0	0.21	0.281	0.193	0.258	0.211	0.348	0.524	0.549	0.461	0.455	0.434	0.378	0.37	0.629	0.437	0.394	0.0	0.242	0.238	0.229	0.248	0.239	0.322	0.243	0.225	0.17	0.0	
Chromosome	5693413	G	GGT	0.004	0.0	0.004	0.0	0.0	0.017	0.0	0.0	0.0	0.0	0.0	0.0	0.0	0.0	0.0	0.0	0.0	0.0	0.0	0.0	0.0	0.0	0.0	0.0	0.0	0.0	0.0	0.0	0.0	0.0	0.0	0.009	0.0	0.0	0.0	0.0	0.0	0.0	0.0	0.0	0.0	0.0	0.0	0.0	0.0	0.0	0.0	0.0	0.0	0.0	0.0	0.0	0.0	0.0	0.0	0.0	0.0	0.0	0.0	0.0	0.0	0.0	0.0	0.0	0.0	0.0	0.0	0.0	0.0	
Chromosome	5777585	C	T	0.0	0.252	0.0	0.0	0.0	0.0	0.0	0.0	0.0	0.0	0.0	0.0	0.0	0.0	0.0	0.0	0.0	0.0	0.0	0.0	0.0	0.0	0.0	0.0	0.0	0.0	0.0	0.0	0.0	0.0	0.0	0.0	0.0	0.0	0.0	0.0	0.0	0.0	0.0	0.0	0.0	0.0	0.0	0.0	0.0	0.0	0.0	0.0	0.0	0.0	0.0	0.0	0.0	0.0	0.0	0.0	0.0	0.0	0.0	0.0	0.0	0.0	0.0	0.0	0.0	0.0	0.0	0.0	0.0	
Chromosome	5812482	A	C	0.256	0.217	0.224	0.271	0.248	0.364	0.286	0.176	0.433	0.274	0.256	0.256	0.232	0.276	0.298	0.516	0.469	0.357	0.236	0.3	0.447	0.264	0.375	0.394	0.43	0.339	0.29	0.267	0.379	0.482	0.423	0.312	0.243	0.243	0.247	0.006	0.34	0.26	0.306	0.036	0.263	0.006	0.41	0.374	0.302	0.23	0.234	0.362	0.365	0.422	0.321	0.273	0.357	0.362	0.512	0.263	0.417	0.381	0.0	0.25	0.252	0.225	0.308	0.432	0.394	0.266	0.202	0.209	0.007	
Chromosome	6075172	A	C	0.13	0.2	0.18	0.16	0.133	0.18	0.25	0.229	0.3	0.239	0.237	0.211	0.198	0.181	0.189	0.258	0.344	0.211	0.317	0.211	0.241	0.17	0.197	0.258	0.253	0.241	0.213	0.235	0.195	0.299	0.322	0.286	0.152	0.187	0.184	0.006	0.285	0.252	0.289	0.0	0.254	0.007	0.296	0.24	0.184	0.16	0.143	0.314	0.188	0.24	0.219	0.222	0.26	0.152	0.232	0.341	0.333	0.328	0.006	0.155	0.168	0.176	0.206	0.226	0.167	0.176	0.148	0.163	0.0	
Chromosome	6336515	C	G	0.18	0.271	0.192	0.19	0.156	0.474	0.275	0.324	0.568	0.258	0.233	0.204	0.248	0.357	0.341	0.597	0.75	0.436	0.439	0.319	0.342	0.388	0.253	0.39	0.5	0.323	0.328	0.311	0.289	0.58	0.536	0.396	0.203	0.198	0.191	0.0	0.221	0.272	0.246	0.006	0.271	0.0	0.364	0.241	0.211	0.19	0.225	0.375	0.384	0.444	0.348	0.447	0.437	0.414	0.4	0.756	0.494	0.63	0.0	0.228	0.159	0.159	0.316	0.293	0.259	0.173	0.172	0.198	0.0	
Chromosome	6336519	G	C	0.131	0.181	0.072	0.175	0.085	0.108	0.132	0.12	0.184	0.091	0.101	0.14	0.102	0.137	0.183	0.1	0.057	0.107	0.194	0.087	0.085	0.145	0.111	0.151	0.182	0.11	0.137	0.163	0.106	0.053	0.075	0.13	0.163	0.192	0.128	0.005	0.126	0.097	0.144	0.0	0.101	0.0	0.083	0.152	0.114	0.177	0.13	0.062	0.082	0.136	0.098	0.12	0.106	0.138	0.108	0.167	0.269	0.042	0.0	0.156	0.116	0.138	0.117	0.138	0.139	0.143	0.117	0.122	0.0	
Chromosome	6336520	T	G	0.244	0.324	0.246	0.307	0.276	0.378	0.288	0.297	0.35	0.317	0.281	0.321	0.312	0.4	0.35	0.315	0.571	0.4	0.316	0.278	0.293	0.39	0.352	0.407	0.392	0.328	0.381	0.292	0.258	0.34	0.286	0.416	0.335	0.325	0.268	0.005	0.323	0.296	0.347	0.013	0.339	0.017	0.256	0.409	0.246	0.397	0.282	0.415	0.356	0.308	0.3	0.413	0.348	0.358	0.269	0.643	0.367	0.391	0.005	0.317	0.296	0.269	0.343	0.368	0.331	0.288	0.281	0.346	0.0	
Chromosome	6336530	A	C	0.311	0.255	0.218	0.247	0.194	0.423	0.479	0.549	0.364	0.373	0.504	0.319	0.339	0.379	0.409	0.457	0.65	0.426	0.444	0.552	0.448	0.57	0.522	0.415	0.514	0.338	0.433	0.349	0.387	0.371	0.433	0.492	0.307	0.271	0.27	0.0	0.387	0.421	0.424	0.006	0.408	0.0	0.385	0.372	0.288	0.293	0.241	0.548	0.438	0.586	0.506	0.373	0.5	0.523	0.534	0.667	0.585	0.403	0.0	0.255	0.285	0.199	0.331	0.267	0.395	0.258	0.247	0.301	0.0	
Chromosome	6478685	A	C	0.196	0.13	0.175	0.199	0.075	0.308	0.234	0.303	0.186	0.19	0.206	0.228	0.095	0.197	0.159	0.216	0.183	0.222	0.247	0.26	0.229	0.223	0.165	0.246	0.237	0.179	0.126	0.126	0.163	0.181	0.195	0.29	0.185	0.137	0.164	0.0	0.264	0.231	0.275	0.006	0.311	0.006	0.112	0.224	0.193	0.151	0.169	0.381	0.328	0.321	0.281	0.305	0.347	0.242	0.275	0.207	0.182	0.156	0.006	0.205	0.121	0.153	0.144	0.107	0.239	0.156	0.177	0.144	0.0	
Chromosome	6501281	A	T	0.179	0.205	0.212	0.201	0.165	0.146	0.209	0.134	0.232	0.221	0.206	0.189	0.215	0.183	0.178	0.248	0.26	0.205	0.195	0.163	0.18	0.183	0.199	0.232	0.223	0.162	0.169	0.188	0.228	0.225	0.247	0.251	0.2	0.171	0.129	0.0	0.197	0.229	0.221	0.006	0.207	0.0	0.189	0.225	0.147	0.188	0.208	0.205	0.159	0.174	0.199	0.23	0.191	0.149	0.237	0.277	0.22	0.172	0.0	0.17	0.218	0.191	0.165	0.161	0.219	0.202	0.165	0.174	0.0	
Chromosome	6501286	A	C	0.112	0.144	0.165	0.136	0.171	0.12	0.155	0.105	0.192	0.237	0.21	0.189	0.24	0.165	0.191	0.17	0.22	0.23	0.148	0.192	0.151	0.115	0.157	0.167	0.176	0.199	0.202	0.23	0.271	0.188	0.228	0.199	0.155	0.123	0.132	0.017	0.19	0.249	0.185	0.006	0.237	0.01	0.116	0.244	0.127	0.141	0.149	0.146	0.161	0.181	0.16	0.156	0.167	0.127	0.163	0.207	0.196	0.199	0.01	0.11	0.203	0.139	0.194	0.205	0.162	0.129	0.128	0.135	0.022	
Chromosome	6501291	C	G	0.217	0.213	0.235	0.218	0.25	0.211	0.201	0.196	0.331	0.28	0.243	0.194	0.263	0.18	0.253	0.272	0.347	0.213	0.212	0.205	0.214	0.209	0.226	0.284	0.329	0.273	0.211	0.262	0.28	0.276	0.274	0.246	0.231	0.164	0.154	0.062	0.277	0.245	0.315	0.076	0.253	0.06	0.246	0.277	0.149	0.199	0.228	0.176	0.252	0.217	0.184	0.267	0.198	0.158	0.284	0.348	0.292	0.286	0.051	0.185	0.241	0.189	0.258	0.275	0.211	0.219	0.183	0.242	0.014	
Chromosome	6604904	C	A	0.003	0.223	0.171	0.0	0.0	0.007	0.0	0.0	0.003	0.0	0.0	0.0	0.0	0.0	0.0	0.0	0.0	0.0	0.0	0.006	0.0	0.0	0.0	0.0	0.0	0.0	0.0	0.0	0.0	0.0	0.0	0.0	0.007	0.0	0.0	0.0	0.0	0.0	0.0	0.0	0.0	0.0	0.005	0.0	0.0	0.0	0.0	0.0	0.0	0.0	0.0	0.005	0.006	0.0	0.0	0.0	0.0	0.0	0.0	0.0	0.0	0.0	0.0	0.0	0.004	0.0	0.0	0.0	0.0	
Chromosome	6635085	C	G	0.281	0.255	0.271	0.257	0.111	0.275	0.194	0.256	0.295	0.302	0.343	0.344	0.325	0.306	0.258	0.372	0.354	0.227	0.372	0.266	0.339	0.24	0.28	0.266	0.322	0.313	0.292	0.281	0.333	0.343	0.283	0.224	0.247	0.248	0.291	0.0	0.322	0.314	0.263	0.0	0.313	0.006	0.373	0.284	0.25	0.289	0.257	0.287	0.329	0.252	0.324	0.285	0.256	0.287	0.322	0.4	0.313	0.348	0.0	0.304	0.261	0.288	0.324	0.332	0.26	0.28	0.274	0.286	0.006	
Chromosome	6635090	C	G	0.137	0.07	0.136	0.127	0.037	0.108	0.04	0.15	0.069	0.147	0.116	0.196	0.144	0.119	0.096	0.143	0.121	0.126	0.244	0.11	0.177	0.147	0.154	0.153	0.116	0.109	0.135	0.131	0.081	0.084	0.13	0.13	0.124	0.115	0.13	0.0	0.186	0.161	0.158	0.0	0.181	0.006	0.111	0.126	0.125	0.112	0.124	0.154	0.191	0.129	0.147	0.182	0.159	0.205	0.198	0.158	0.118	0.12	0.0	0.13	0.127	0.132	0.132	0.107	0.152	0.103	0.145	0.169	0.0	
Chromosome	6687516	C	G	0.122	0.163	0.061	0.075	0.094	0.203	0.172	0.16	0.435	0.179	0.184	0.199	0.247	0.231	0.15	0.415	0.488	0.211	0.25	0.325	0.234	0.275	0.271	0.211	0.392	0.191	0.206	0.23	0.189	0.385	0.349	0.193	0.144	0.091	0.084	0.0	0.184	0.171	0.158	0.0	0.121	0.0	0.253	0.158	0.102	0.113	0.102	0.269	0.315	0.235	0.258	0.314	0.139	0.281	0.229	0.558	0.367	0.383	0.0	0.093	0.099	0.071	0.189	0.224	0.174	0.119	0.094	0.076	0.0	
Chromosome	6687520	G	C	0.231	0.237	0.146	0.214	0.181	0.286	0.258	0.238	0.504	0.228	0.278	0.223	0.262	0.184	0.259	0.375	0.453	0.136	0.263	0.313	0.274	0.2	0.336	0.32	0.56	0.257	0.238	0.232	0.234	0.311	0.413	0.242	0.215	0.192	0.161	0.0	0.261	0.207	0.242	0.0	0.238	0.0	0.381	0.302	0.226	0.212	0.181	0.346	0.383	0.324	0.371	0.393	0.171	0.36	0.302	0.441	0.5	0.411	0.005	0.221	0.206	0.159	0.209	0.26	0.269	0.216	0.177	0.223	0.005	
Chromosome	6687524	T	G	0.332	0.195	0.27	0.319	0.115	0.434	0.459	0.475	0.46	0.342	0.451	0.34	0.288	0.226	0.232	0.425	0.429	0.333	0.458	0.512	0.505	0.57	0.53	0.45	0.446	0.277	0.215	0.257	0.276	0.291	0.372	0.348	0.285	0.314	0.265	0.0	0.447	0.368	0.432	0.0	0.394	0.012	0.245	0.444	0.299	0.311	0.257	0.525	0.611	0.5	0.592	0.5	0.578	0.471	0.426	0.429	0.311	0.333	0.004	0.296	0.303	0.247	0.204	0.318	0.328	0.289	0.293	0.267	0.005	
Chromosome	6687530	C	G	0.199	0.166	0.227	0.17	0.154	0.28	0.265	0.28	0.252	0.137	0.205	0.188	0.16	0.135	0.149	0.176	0.256	0.14	0.258	0.281	0.24	0.173	0.202	0.154	0.26	0.173	0.133	0.162	0.163	0.188	0.226	0.244	0.188	0.165	0.2	0.0	0.169	0.153	0.206	0.0	0.188	0.0	0.14	0.156	0.215	0.188	0.203	0.163	0.181	0.227	0.211	0.22	0.282	0.213	0.202	0.194	0.278	0.187	0.0	0.225	0.208	0.203	0.135	0.177	0.223	0.179	0.202	0.195	0.0	
Chromosome	6687534	G	C	0.133	0.205	0.13	0.172	0.108	0.237	0.316	0.244	0.351	0.147	0.223	0.186	0.228	0.228	0.236	0.429	0.451	0.233	0.337	0.211	0.293	0.276	0.233	0.215	0.436	0.18	0.23	0.177	0.179	0.362	0.419	0.246	0.142	0.13	0.161	0.0	0.233	0.21	0.214	0.0	0.238	0.0	0.291	0.185	0.125	0.16	0.165	0.221	0.204	0.312	0.252	0.179	0.247	0.269	0.253	0.392	0.435	0.324	0.004	0.161	0.182	0.155	0.168	0.211	0.19	0.12	0.163	0.191	0.0	
Chromosome	6689709	A	C	0.17	0.217	0.216	0.153	0.117	0.236	0.26	0.272	0.328	0.265	0.239	0.282	0.303	0.246	0.215	0.327	0.351	0.283	0.286	0.292	0.307	0.307	0.265	0.297	0.298	0.251	0.257	0.265	0.2	0.341	0.382	0.294	0.234	0.219	0.222	0.009	0.214	0.252	0.259	0.005	0.341	0.01	0.217	0.247	0.216	0.186	0.185	0.248	0.32	0.288	0.248	0.261	0.234	0.252	0.263	0.431	0.373	0.317	0.008	0.193	0.261	0.21	0.243	0.261	0.218	0.214	0.187	0.197	0.0	
Chromosome	6778445	A	C	0.117	0.188	0.145	0.135	0.106	0.236	0.159	0.199	0.245	0.182	0.18	0.221	0.224	0.193	0.236	0.3	0.27	0.214	0.214	0.144	0.16	0.269	0.287	0.244	0.26	0.239	0.215	0.223	0.219	0.273	0.271	0.198	0.169	0.141	0.178	0.146	0.205	0.268	0.227	0.218	0.211	0.211	0.19	0.263	0.162	0.211	0.164	0.23	0.25	0.295	0.179	0.209	0.182	0.215	0.148	0.369	0.254	0.265	0.182	0.191	0.181	0.17	0.234	0.23	0.232	0.159	0.145	0.203	0.226	
Chromosome	6778451	T	A	0.231	0.286	0.263	0.252	0.236	0.227	0.189	0.231	0.142	0.185	0.153	0.211	0.196	0.209	0.183	0.23	0.196	0.257	0.206	0.159	0.182	0.186	0.284	0.204	0.174	0.176	0.233	0.218	0.208	0.208	0.19	0.176	0.241	0.287	0.263	0.0	0.16	0.224	0.202	0.0	0.171	0.0	0.224	0.188	0.245	0.205	0.254	0.202	0.194	0.181	0.16	0.152	0.219	0.211	0.164	0.206	0.12	0.188	0.0	0.216	0.232	0.208	0.181	0.185	0.248	0.246	0.282	0.229	0.0	
Chromosome	6778460	G	C	0.212	0.267	0.211	0.207	0.152	0.338	0.173	0.278	0.264	0.234	0.211	0.276	0.235	0.201	0.232	0.358	0.265	0.246	0.25	0.16	0.228	0.245	0.333	0.237	0.235	0.218	0.175	0.237	0.224	0.292	0.239	0.268	0.248	0.245	0.258	0.089	0.212	0.275	0.257	0.149	0.235	0.18	0.243	0.284	0.281	0.258	0.229	0.297	0.248	0.315	0.241	0.226	0.259	0.266	0.208	0.418	0.265	0.258	0.146	0.238	0.255	0.228	0.238	0.203	0.283	0.266	0.236	0.237	0.13	
Chromosome	6869289	T	G	0.16	0.126	0.196	0.178	0.08	0.201	0.159	0.192	0.123	0.185	0.232	0.236	0.115	0.135	0.133	0.136	0.137	0.143	0.227	0.258	0.224	0.19	0.246	0.192	0.199	0.118	0.08	0.133	0.132	0.144	0.107	0.201	0.168	0.158	0.208	0.0	0.235	0.195	0.21	0.0	0.265	0.009	0.096	0.223	0.141	0.135	0.18	0.194	0.211	0.192	0.223	0.245	0.165	0.226	0.279	0.25	0.191	0.14	0.0	0.183	0.155	0.206	0.114	0.111	0.207	0.147	0.142	0.172	0.0	
Chromosome	6913446	T	G	0.158	0.159	0.186	0.143	0.117	0.162	0.122	0.196	0.15	0.167	0.142	0.164	0.122	0.108	0.139	0.112	0.121	0.151	0.16	0.159	0.201	0.175	0.225	0.139	0.122	0.154	0.139	0.151	0.138	0.161	0.16	0.191	0.175	0.162	0.237	0.005	0.154	0.189	0.178	0.005	0.209	0.0	0.089	0.201	0.128	0.146	0.146	0.113	0.233	0.25	0.175	0.205	0.175	0.207	0.275	0.016	0.125	0.145	0.0	0.175	0.186	0.198	0.145	0.158	0.154	0.235	0.183	0.19	0.005	
Chromosome	6923330	T	G	0.29	0.271	0.258	0.264	0.253	0.352	0.347	0.411	0.365	0.397	0.421	0.319	0.333	0.374	0.324	0.472	0.587	0.472	0.467	0.396	0.397	0.383	0.427	0.39	0.423	0.307	0.372	0.351	0.382	0.46	0.412	0.466	0.31	0.292	0.261	0.0	0.392	0.372	0.322	0.0	0.42	0.006	0.265	0.283	0.261	0.294	0.261	0.339	0.411	0.474	0.417	0.493	0.376	0.471	0.507	0.588	0.413	0.437	0.0	0.261	0.3	0.279	0.36	0.294	0.352	0.236	0.273	0.232	0.014	
Chromosome	6923341	A	C	0.214	0.098	0.135	0.148	0.074	0.236	0.254	0.324	0.235	0.237	0.226	0.27	0.153	0.106	0.121	0.229	0.2	0.292	0.325	0.274	0.226	0.287	0.249	0.286	0.158	0.146	0.105	0.158	0.147	0.25	0.206	0.241	0.175	0.178	0.203	0.005	0.244	0.272	0.234	0.016	0.305	0.0	0.129	0.2	0.204	0.193	0.187	0.184	0.259	0.301	0.315	0.324	0.258	0.296	0.358	0.256	0.187	0.196	0.0	0.218	0.216	0.204	0.145	0.146	0.206	0.173	0.194	0.206	0.006	
Chromosome	6966410	A	C	0.172	0.323	0.263	0.27	0.219	0.337	0.389	0.365	0.436	0.36	0.241	0.359	0.336	0.325	0.389	0.48	0.479	0.284	0.419	0.375	0.337	0.34	0.495	0.331	0.413	0.365	0.331	0.378	0.375	0.444	0.432	0.343	0.307	0.257	0.241	0.0	0.362	0.313	0.301	0.0	0.333	0.0	0.261	0.333	0.294	0.248	0.229	0.333	0.528	0.369	0.359	0.455	0.477	0.427	0.417	0.476	0.316	0.481	0.006	0.227	0.275	0.201	0.406	0.393	0.351	0.195	0.199	0.255	0.0	
