chromosome	pos	ref	mut	APAW	LzdA	LzdB	LzdC	Ana1	BedA	BedB	BedC	BedD	CipA	CipB	CipC	CLFA	CLFB	CLFC	CombA2	CombA3	CombA	CombAu1	CombAu3	CombAu5	CombB	CombC	CycloA	CycloB	CycloC	EMBA	EMBB	EMBC	INH1	INH2	INHA	M91	M92	M9B	MA_F1	MA_F2	MA_F3	MA_H1	MA_H2	MA_H3	MA_S1	MA_S2	MA_S3	MMCA	MMCB	MMCC	MockA	MockB	MockC	MockD	MockE	MockF	MockG	MockH	MockI	MockJ	MockK	MockL	NANOA	NANOB	NANOC	RIFA	RIFB	RIFC	UV1	UV2	UV3	WT_Msm
Chromosome	35052	T	A	0.163	0.147	0.169	0.329	0.091	0.242	0.257	0.277	0.177	0.232	0.177	0.209	0.115	0.113	0.073	0.151	0.184	0.247	0.289	0.267	0.205	0.29	0.208	0.368	0.175	0.083	0.108	0.181	0.104	0.218	0.185	0.139	0.221	0.211	0.163	0.0	0.26	0.183	0.219	0.0	0.192	0.0	0.12	0.241	0.185	0.197	0.212	0.289	0.279	0.258	0.315	0.289	0.326	0.392	0.299	0.25	0.2	0.169	0.0	0.206	0.186	0.142	0.125	0.073	0.244	0.153	0.224	0.168	0.0	
Chromosome	57142	G	C	0.099	0.281	0.243	0.222	0.042	0.213	0.226	0.176	0.179	0.145	0.155	0.174	0.121	0.121	0.096	0.223	0.281	0.202	0.208	0.214	0.229	0.23	0.19	0.196	0.208	0.113	0.118	0.125	0.137	0.099	0.103	0.075	0.129	0.083	0.08	0.0	0.162	0.132	0.144	0.0	0.162	0.0	0.161	0.113	0.097	0.102	0.102	0.232	0.244	0.23	0.201	0.228	0.185	0.162	0.203	0.217	0.251	0.219	0.005	0.073	0.097	0.067	0.091	0.107	0.181	0.116	0.117	0.093	0.0	
Chromosome	64992	T	G	0.148	0.298	0.246	0.302	0.15	0.294	0.305	0.25	0.251	0.171	0.238	0.23	0.174	0.157	0.208	0.27	0.26	0.276	0.337	0.376	0.369	0.325	0.306	0.257	0.188	0.17	0.184	0.168	0.178	0.136	0.128	0.12	0.176	0.125	0.14	0.028	0.22	0.283	0.287	0.022	0.29	0.015	0.195	0.228	0.193	0.177	0.154	0.349	0.34	0.421	0.366	0.394	0.373	0.364	0.368	0.222	0.261	0.27	0.006	0.189	0.15	0.113	0.23	0.221	0.22	0.121	0.148	0.162	0.067	
Chromosome	65001	A	C	0.148	0.226	0.254	0.251	0.099	0.358	0.298	0.298	0.303	0.251	0.247	0.336	0.211	0.201	0.171	0.294	0.235	0.371	0.396	0.439	0.471	0.317	0.361	0.23	0.254	0.219	0.232	0.221	0.235	0.163	0.164	0.131	0.248	0.182	0.174	0.0	0.255	0.25	0.265	0.007	0.304	0.0	0.172	0.219	0.208	0.158	0.185	0.345	0.429	0.337	0.325	0.398	0.336	0.387	0.371	0.324	0.272	0.256	0.0	0.119	0.196	0.172	0.242	0.174	0.21	0.17	0.17	0.152	0.0	
Chromosome	65025	T	G	0.075	0.134	0.068	0.121	0.038	0.227	0.158	0.173	0.047	0.122	0.102	0.125	0.049	0.049	0.084	0.069	0.082	0.12	0.128	0.234	0.177	0.207	0.118	0.147	0.045	0.065	0.021	0.077	0.057	0.049	0.082	0.028	0.084	0.079	0.119	0.0	0.141	0.096	0.112	0.0	0.099	0.0	0.09	0.149	0.091	0.072	0.076	0.213	0.135	0.234	0.186	0.15	0.207	0.167	0.179	0.027	0.086	0.073	0.0	0.093	0.079	0.099	0.057	0.043	0.106	0.074	0.071	0.083	0.008	
Chromosome	202859	T	G	0.083	0.212	0.208	0.194	0.051	0.274	0.259	0.214	0.199	0.119	0.11	0.157	0.151	0.094	0.058	0.216	0.256	0.359	0.195	0.268	0.15	0.217	0.226	0.162	0.214	0.104	0.1	0.095	0.139	0.104	0.087	0.097	0.071	0.081	0.095	0.0	0.177	0.09	0.147	0.006	0.184	0.0	0.16	0.145	0.11	0.102	0.108	0.26	0.241	0.241	0.266	0.281	0.199	0.275	0.281	0.2	0.196	0.23	0.005	0.089	0.13	0.089	0.103	0.143	0.131	0.089	0.077	0.063	0.013	
Chromosome	249685	T	G	0.142	0.276	0.245	0.207	0.141	0.373	0.327	0.294	0.225	0.256	0.203	0.226	0.188	0.19	0.165	0.264	0.302	0.259	0.252	0.416	0.333	0.319	0.35	0.219	0.204	0.211	0.199	0.234	0.165	0.121	0.144	0.089	0.155	0.146	0.125	0.0	0.23	0.227	0.235	0.0	0.19	0.029	0.196	0.23	0.139	0.123	0.12	0.357	0.331	0.375	0.236	0.362	0.324	0.324	0.435	0.344	0.255	0.217	0.0	0.137	0.141	0.121	0.219	0.157	0.229	0.175	0.132	0.127	0.0	
Chromosome	308617	T	G	0.199	0.356	0.254	0.301	0.13	0.264	0.255	0.303	0.277	0.266	0.265	0.358	0.227	0.199	0.278	0.276	0.292	0.256	0.291	0.341	0.283	0.248	0.21	0.223	0.287	0.264	0.236	0.255	0.249	0.219	0.244	0.2	0.219	0.238	0.223	0.0	0.316	0.287	0.267	0.006	0.205	0.0	0.194	0.27	0.219	0.26	0.243	0.343	0.205	0.236	0.288	0.404	0.284	0.277	0.238	0.241	0.304	0.259	0.0	0.234	0.261	0.214	0.281	0.211	0.295	0.25	0.227	0.236	0.007	
Chromosome	308623	A	C	0.241	0.291	0.215	0.38	0.173	0.295	0.303	0.326	0.198	0.25	0.265	0.358	0.229	0.199	0.237	0.197	0.207	0.282	0.276	0.331	0.366	0.25	0.254	0.28	0.219	0.241	0.245	0.191	0.253	0.23	0.228	0.206	0.257	0.267	0.287	0.005	0.312	0.331	0.267	0.0	0.265	0.006	0.2	0.296	0.236	0.269	0.291	0.362	0.295	0.273	0.361	0.391	0.3	0.333	0.25	0.091	0.231	0.286	0.0	0.268	0.315	0.213	0.237	0.319	0.34	0.267	0.259	0.251	0.0	
Chromosome	308626	A	C	0.145	0.139	0.106	0.245	0.044	0.237	0.202	0.229	0.136	0.137	0.188	0.21	0.083	0.105	0.113	0.102	0.12	0.193	0.176	0.232	0.22	0.185	0.131	0.167	0.14	0.131	0.143	0.128	0.164	0.097	0.13	0.076	0.101	0.135	0.181	0.0	0.213	0.24	0.135	0.0	0.137	0.0	0.118	0.168	0.134	0.16	0.14	0.238	0.182	0.234	0.294	0.277	0.239	0.239	0.244	0.0	0.115	0.143	0.005	0.123	0.176	0.106	0.135	0.149	0.203	0.093	0.117	0.115	0.0	
Chromosome	560472	T	G	0.128	0.174	0.241	0.24	0.048	0.259	0.304	0.276	0.242	0.24	0.261	0.274	0.128	0.103	0.093	0.193	0.213	0.289	0.248	0.238	0.259	0.295	0.26	0.206	0.245	0.12	0.118	0.091	0.082	0.085	0.097	0.112	0.102	0.129	0.116	0.006	0.176	0.186	0.155	0.0	0.272	0.005	0.148	0.209	0.144	0.133	0.14	0.208	0.225	0.238	0.165	0.278	0.239	0.226	0.229	0.277	0.228	0.207	0.004	0.144	0.131	0.085	0.092	0.113	0.164	0.087	0.128	0.102	0.006	
Chromosome	614029	A	C	0.058	0.175	0.102	0.151	0.058	0.244	0.126	0.211	0.13	0.108	0.109	0.135	0.129	0.088	0.054	0.118	0.138	0.111	0.129	0.189	0.258	0.224	0.142	0.13	0.126	0.086	0.08	0.087	0.091	0.058	0.055	0.077	0.065	0.052	0.061	0.0	0.106	0.16	0.128	0.006	0.126	0.0	0.047	0.134	0.061	0.059	0.046	0.138	0.205	0.16	0.138	0.23	0.164	0.149	0.267	0.273	0.137	0.115	0.0	0.067	0.077	0.055	0.087	0.088	0.073	0.073	0.055	0.066	0.0	
Chromosome	645437	T	G	0.109	0.199	0.172	0.196	0.066	0.165	0.305	0.194	0.208	0.161	0.203	0.182	0.177	0.134	0.134	0.218	0.161	0.237	0.212	0.221	0.242	0.244	0.246	0.241	0.199	0.148	0.136	0.115	0.142	0.138	0.13	0.084	0.111	0.123	0.085	0.006	0.149	0.192	0.255	0.0	0.167	0.0	0.118	0.163	0.163	0.13	0.12	0.224	0.234	0.235	0.234	0.219	0.267	0.181	0.235	0.184	0.186	0.192	0.0	0.128	0.138	0.112	0.159	0.163	0.187	0.15	0.154	0.135	0.0	
Chromosome	652437	G	T	0.0	0.07	0.0	0.0	0.0	0.0	0.009	0.0	0.0	0.004	0.0	0.01	0.0	0.0	0.0	0.0	0.0	0.0	0.0	0.0	0.0	0.0	0.0	0.0	0.0	0.0	0.0	0.0	0.0	0.0	0.0	0.0	0.0	0.0	0.0	0.005	0.0	0.0	0.0	0.0	0.0	0.0	0.0	0.0	0.0	0.003	0.0	0.0	0.0	0.0	0.0	0.0	0.0	0.0	0.0	0.0	0.006	0.0	0.0	0.0	0.0	0.0	0.0	0.0	0.0	0.0	0.0	0.0	0.0	
Chromosome	702177	T	G	0.091	0.178	0.121	0.193	0.074	0.233	0.175	0.217	0.166	0.159	0.168	0.17	0.125	0.129	0.114	0.171	0.216	0.172	0.141	0.124	0.151	0.166	0.159	0.159	0.119	0.09	0.132	0.142	0.1	0.139	0.081	0.102	0.128	0.098	0.101	0.0	0.128	0.186	0.205	0.0	0.178	0.0	0.101	0.183	0.108	0.117	0.135	0.144	0.164	0.111	0.154	0.136	0.187	0.173	0.134	0.294	0.184	0.156	0.0	0.095	0.131	0.128	0.09	0.115	0.117	0.094	0.094	0.096	0.007	
Chromosome	706107	T	G	0.049	0.108	0.12	0.161	0.025	0.1	0.131	0.153	0.13	0.081	0.09	0.158	0.049	0.09	0.049	0.155	0.169	0.122	0.149	0.164	0.133	0.159	0.148	0.116	0.143	0.069	0.068	0.11	0.054	0.053	0.034	0.049	0.054	0.049	0.03	0.0	0.112	0.108	0.098	0.006	0.12	0.0	0.078	0.083	0.038	0.072	0.047	0.115	0.113	0.176	0.153	0.167	0.132	0.189	0.148	0.17	0.141	0.126	0.005	0.058	0.068	0.062	0.06	0.058	0.095	0.054	0.061	0.098	0.0	
Chromosome	706123	T	G	0.145	0.159	0.108	0.251	0.094	0.195	0.196	0.2	0.155	0.187	0.222	0.226	0.158	0.104	0.112	0.173	0.132	0.2	0.212	0.221	0.237	0.163	0.243	0.209	0.172	0.167	0.155	0.149	0.15	0.167	0.092	0.128	0.16	0.141	0.143	0.0	0.209	0.181	0.209	0.006	0.205	0.005	0.114	0.151	0.106	0.158	0.138	0.219	0.212	0.236	0.263	0.204	0.225	0.25	0.253	0.205	0.168	0.171	0.005	0.139	0.15	0.164	0.11	0.167	0.186	0.162	0.134	0.171	0.007	
Chromosome	708677	A	C	0.24	0.295	0.335	0.222	0.152	0.293	0.262	0.33	0.28	0.295	0.306	0.324	0.221	0.237	0.264	0.288	0.254	0.267	0.351	0.324	0.357	0.303	0.27	0.223	0.333	0.181	0.226	0.205	0.189	0.189	0.168	0.228	0.205	0.216	0.184	0.0	0.265	0.255	0.305	0.008	0.295	0.0	0.26	0.239	0.193	0.235	0.22	0.3	0.28	0.312	0.305	0.31	0.292	0.217	0.292	0.386	0.356	0.267	0.0	0.175	0.24	0.18	0.233	0.25	0.206	0.201	0.187	0.215	0.0	
Chromosome	725022	T	G	0.027	0.196	0.161	0.093	0.019	0.113	0.078	0.131	0.196	0.079	0.117	0.123	0.071	0.061	0.04	0.154	0.129	0.089	0.065	0.157	0.111	0.118	0.159	0.149	0.214	0.061	0.057	0.037	0.044	0.043	0.028	0.054	0.018	0.03	0.034	0.0	0.123	0.077	0.115	0.0	0.096	0.005	0.109	0.089	0.024	0.018	0.046	0.151	0.185	0.131	0.116	0.118	0.146	0.115	0.144	0.288	0.192	0.166	0.005	0.037	0.048	0.045	0.047	0.063	0.054	0.035	0.052	0.027	0.012	
Chromosome	767473	T	G	0.075	0.178	0.136	0.164	0.066	0.231	0.265	0.273	0.117	0.196	0.156	0.184	0.078	0.103	0.072	0.157	0.143	0.213	0.266	0.276	0.232	0.31	0.256	0.187	0.143	0.07	0.131	0.103	0.078	0.132	0.105	0.119	0.132	0.12	0.134	0.0	0.201	0.245	0.229	0.006	0.164	0.006	0.103	0.194	0.128	0.104	0.107	0.248	0.274	0.25	0.295	0.293	0.336	0.273	0.248	0.143	0.203	0.137	0.026	0.114	0.099	0.114	0.106	0.087	0.152	0.12	0.111	0.115	0.0	
Chromosome	864722	A	C	0.037	0.177	0.104	0.095	0.056	0.13	0.106	0.111	0.093	0.082	0.1	0.089	0.088	0.077	0.076	0.1	0.163	0.09	0.102	0.091	0.136	0.132	0.137	0.111	0.11	0.08	0.093	0.067	0.087	0.061	0.029	0.058	0.077	0.043	0.073	0.0	0.063	0.106	0.099	0.006	0.106	0.005	0.056	0.11	0.07	0.062	0.063	0.086	0.084	0.133	0.113	0.112	0.101	0.11	0.179	0.264	0.183	0.163	0.0	0.035	0.035	0.058	0.059	0.062	0.063	0.052	0.049	0.058	0.006	
Chromosome	900104	A	C	0.003	0.196	0.0	0.006	0.0	0.015	0.0	0.0	0.004	0.0	0.0	0.0	0.0	0.005	0.005	0.0	0.0	0.0	0.0	0.0	0.016	0.0	0.007	0.009	0.0	0.0	0.0	0.0	0.0	0.0	0.003	0.0	0.0	0.0	0.003	0.0	0.011	0.0	0.005	0.011	0.0	0.0	0.0	0.0	0.0	0.0	0.0	0.0	0.0	0.0	0.0	0.0	0.0	0.006	0.0	0.0	0.0	0.0	0.005	0.0	0.0	0.0	0.004	0.0	0.0	0.004	0.003	0.003	0.0	
Chromosome	971780	A	G	0.0	0.09	0.0	0.0	0.0	0.0	0.0	0.0	0.0	0.0	0.0	0.0	0.0	0.0	0.0	0.0	0.0	0.0	0.0	0.0	0.0	0.0	0.0	0.0	0.0	0.0	0.0	0.0	0.0	0.0	0.0	0.0	0.0	0.0	0.0	0.0	0.0	0.0	0.0	0.0	0.0	0.0	0.0	0.0	0.0	0.0	0.0	0.0	0.0	0.0	0.0	0.0	0.0	0.0	0.0	0.0	0.0	0.0	0.0	0.0	0.0	0.0	0.0	0.0	0.0	0.0	0.0	0.0	0.0	
Chromosome	1285635	T	TGGGG	0.0	0.0	0.004	0.006	0.0	0.0	0.0	0.0	0.007	0.0	0.0	0.0	0.004	0.0	0.0	0.0	0.0	0.0	0.0	0.0	0.0	0.008	0.0	0.01	0.005	0.006	0.0	0.004	0.004	0.004	0.0	0.0	0.003	0.008	0.003	0.0	0.005	0.0	0.0	0.0	0.0	0.0	0.0	0.006	0.0	0.0	0.002	0.0	0.0	0.015	0.0	0.0	0.0	0.0	0.009	0.014	0.0	0.0	0.0	0.0	0.0	0.007	0.003	0.0	0.008	0.0	0.0	0.003	0.0	
Chromosome	1285637	C	G	0.244	0.357	0.35	0.325	0.135	0.309	0.242	0.231	0.328	0.219	0.231	0.224	0.308	0.268	0.256	0.339	0.362	0.321	0.23	0.275	0.364	0.322	0.22	0.308	0.332	0.273	0.299	0.243	0.254	0.257	0.252	0.23	0.217	0.241	0.228	0.0	0.21	0.28	0.207	0.0	0.282	0.0	0.33	0.266	0.226	0.234	0.249	0.368	0.31	0.386	0.32	0.324	0.362	0.338	0.284	0.393	0.288	0.308	0.0	0.224	0.241	0.162	0.226	0.298	0.289	0.202	0.221	0.254	0.0	
Chromosome	1285640	A	C	0.213	0.133	0.113	0.245	0.126	0.213	0.14	0.205	0.128	0.155	0.202	0.194	0.191	0.194	0.136	0.089	0.082	0.19	0.151	0.181	0.226	0.195	0.168	0.259	0.133	0.178	0.13	0.116	0.115	0.201	0.163	0.145	0.145	0.205	0.193	0.0	0.217	0.199	0.143	0.006	0.217	0.0	0.169	0.272	0.155	0.172	0.162	0.278	0.244	0.265	0.203	0.234	0.233	0.244	0.121	0.156	0.099	0.105	0.0	0.182	0.182	0.177	0.146	0.205	0.156	0.142	0.163	0.18	0.007	
Chromosome	1285643	G	C	0.285	0.041	0.052	0.253	0.114	0.264	0.177	0.183	0.09	0.192	0.231	0.236	0.109	0.109	0.114	0.075	0.065	0.244	0.228	0.22	0.266	0.241	0.228	0.266	0.093	0.13	0.135	0.094	0.082	0.253	0.232	0.092	0.244	0.226	0.259	0.0	0.179	0.282	0.151	0.0	0.232	0.0	0.067	0.269	0.256	0.255	0.257	0.305	0.242	0.282	0.236	0.236	0.253	0.192	0.189	0.071	0.081	0.043	0.0	0.238	0.236	0.202	0.09	0.151	0.219	0.175	0.246	0.261	0.0	
Chromosome	1285644	T	G	0.256	0.055	0.065	0.277	0.1	0.225	0.195	0.2	0.073	0.23	0.295	0.271	0.187	0.132	0.109	0.05	0.077	0.286	0.165	0.22	0.272	0.216	0.172	0.244	0.1	0.175	0.173	0.124	0.139	0.243	0.233	0.122	0.237	0.292	0.313	0.0	0.222	0.298	0.201	0.0	0.278	0.0	0.075	0.305	0.234	0.233	0.272	0.238	0.24	0.284	0.218	0.254	0.268	0.225	0.148	0.073	0.074	0.033	0.0	0.226	0.259	0.23	0.112	0.185	0.256	0.249	0.262	0.269	0.0	
Chromosome	1370349	A	C	0.087	0.184	0.182	0.217	0.038	0.231	0.26	0.219	0.194	0.188	0.209	0.158	0.126	0.105	0.086	0.231	0.207	0.2	0.243	0.292	0.274	0.281	0.226	0.252	0.18	0.083	0.144	0.111	0.091	0.078	0.12	0.086	0.131	0.096	0.083	0.006	0.173	0.124	0.163	0.006	0.235	0.006	0.112	0.242	0.103	0.094	0.106	0.253	0.214	0.237	0.273	0.227	0.184	0.24	0.243	0.229	0.258	0.169	0.0	0.1	0.117	0.081	0.139	0.115	0.159	0.099	0.126	0.131	0.008	
Chromosome	1385245	A	C	0.089	0.158	0.167	0.164	0.083	0.153	0.126	0.137	0.108	0.179	0.161	0.137	0.184	0.178	0.179	0.172	0.167	0.203	0.158	0.089	0.115	0.1	0.134	0.105	0.096	0.155	0.121	0.189	0.165	0.103	0.121	0.082	0.091	0.126	0.105	0.006	0.14	0.172	0.144	0.012	0.157	0.0	0.124	0.121	0.125	0.124	0.099	0.154	0.137	0.14	0.131	0.114	0.135	0.198	0.075	0.186	0.132	0.158	0.0	0.117	0.139	0.103	0.197	0.17	0.174	0.1	0.09	0.115	0.007	
Chromosome	1411130	C	G	0.037	0.13	0.121	0.12	0.051	0.266	0.2	0.211	0.103	0.084	0.123	0.149	0.124	0.124	0.139	0.13	0.14	0.226	0.214	0.112	0.273	0.2	0.206	0.136	0.168	0.133	0.104	0.082	0.116	0.043	0.075	0.066	0.042	0.062	0.048	0.0	0.156	0.153	0.132	0.0	0.102	0.0	0.204	0.153	0.036	0.03	0.069	0.167	0.35	0.218	0.263	0.247	0.25	0.149	0.188	0.087	0.175	0.2	0.0	0.055	0.05	0.042	0.165	0.093	0.147	0.033	0.059	0.036	0.0	
Chromosome	1411132	A	G	0.095	0.082	0.041	0.164	0.041	0.147	0.181	0.158	0.048	0.145	0.167	0.173	0.103	0.095	0.051	0.07	0.058	0.108	0.158	0.124	0.265	0.229	0.229	0.11	0.071	0.073	0.073	0.09	0.053	0.051	0.094	0.034	0.069	0.087	0.052	0.0	0.205	0.215	0.138	0.006	0.148	0.0	0.133	0.201	0.054	0.046	0.115	0.183	0.265	0.123	0.216	0.149	0.245	0.152	0.174	0.059	0.085	0.061	0.01	0.071	0.073	0.071	0.09	0.055	0.165	0.055	0.081	0.043	0.0	
Chromosome	1411133	T	G	0.058	0.062	0.03	0.13	0.0	0.177	0.167	0.126	0.057	0.109	0.123	0.132	0.034	0.027	0.051	0.032	0.035	0.097	0.2	0.135	0.186	0.202	0.177	0.054	0.036	0.02	0.074	0.047	0.015	0.054	0.059	0.04	0.019	0.059	0.032	0.005	0.122	0.15	0.113	0.006	0.075	0.005	0.042	0.118	0.032	0.03	0.052	0.203	0.225	0.181	0.168	0.126	0.211	0.132	0.132	0.0	0.029	0.023	0.0	0.082	0.06	0.024	0.045	0.047	0.055	0.047	0.043	0.028	0.0	
Chromosome	1574114	T	G	0.158	0.214	0.232	0.183	0.177	0.245	0.262	0.197	0.219	0.177	0.218	0.18	0.146	0.167	0.224	0.26	0.312	0.263	0.298	0.318	0.274	0.299	0.268	0.211	0.16	0.177	0.204	0.179	0.144	0.135	0.095	0.16	0.194	0.142	0.113	0.005	0.135	0.168	0.213	0.012	0.128	0.006	0.156	0.213	0.154	0.128	0.178	0.29	0.281	0.365	0.298	0.309	0.315	0.302	0.293	0.125	0.192	0.237	0.011	0.142	0.13	0.149	0.171	0.201	0.155	0.132	0.118	0.134	0.007	
Chromosome	1630318	T	G	0.209	0.206	0.276	0.304	0.14	0.274	0.24	0.223	0.211	0.241	0.323	0.346	0.251	0.242	0.241	0.216	0.269	0.308	0.204	0.24	0.24	0.225	0.236	0.273	0.188	0.238	0.24	0.211	0.205	0.227	0.171	0.165	0.231	0.168	0.17	0.0	0.324	0.3	0.303	0.0	0.232	0.006	0.236	0.331	0.21	0.206	0.191	0.236	0.276	0.297	0.299	0.265	0.273	0.263	0.289	0.233	0.225	0.262	0.006	0.196	0.212	0.18	0.2	0.262	0.312	0.207	0.179	0.201	0.0	
Chromosome	1653614	A	C	0.089	0.163	0.2	0.206	0.065	0.183	0.177	0.299	0.221	0.171	0.171	0.103	0.149	0.113	0.143	0.274	0.23	0.156	0.213	0.237	0.258	0.285	0.215	0.17	0.265	0.12	0.116	0.15	0.098	0.104	0.083	0.088	0.1	0.124	0.084	0.0	0.157	0.147	0.142	0.0	0.129	0.0	0.147	0.101	0.096	0.107	0.117	0.276	0.233	0.304	0.232	0.306	0.234	0.3	0.215	0.2	0.223	0.222	0.0	0.127	0.113	0.072	0.159	0.139	0.124	0.102	0.085	0.101	0.0	
Chromosome	1653617	A	C	0.038	0.09	0.106	0.109	0.03	0.116	0.117	0.131	0.123	0.085	0.077	0.068	0.011	0.057	0.069	0.15	0.102	0.053	0.112	0.163	0.122	0.167	0.117	0.106	0.092	0.059	0.052	0.076	0.032	0.032	0.059	0.064	0.019	0.037	0.054	0.0	0.072	0.066	0.098	0.01	0.05	0.0	0.033	0.058	0.059	0.033	0.042	0.176	0.109	0.135	0.171	0.152	0.133	0.098	0.155	0.051	0.106	0.102	0.0	0.063	0.041	0.036	0.072	0.073	0.071	0.043	0.041	0.039	0.0	
Chromosome	1763066	T	G	0.31	0.482	0.488	0.259	0.263	0.365	0.383	0.392	0.475	0.358	0.25	0.368	0.362	0.368	0.427	0.459	0.433	0.5	0.453	0.466	0.464	0.393	0.451	0.31	0.43	0.351	0.351	0.373	0.364	0.307	0.29	0.315	0.309	0.23	0.249	0.0	0.375	0.35	0.368	0.0	0.406	0.0	0.383	0.351	0.283	0.278	0.257	0.308	0.46	0.481	0.577	0.449	0.367	0.274	0.348	0.37	0.5	0.55	0.005	0.34	0.3	0.254	0.349	0.33	0.368	0.297	0.278	0.279	0.0	
Chromosome	1777822	T	G	0.193	0.133	0.114	0.274	0.109	0.29	0.243	0.307	0.104	0.21	0.266	0.222	0.133	0.151	0.091	0.098	0.202	0.193	0.238	0.321	0.37	0.333	0.308	0.275	0.113	0.181	0.168	0.156	0.134	0.26	0.219	0.099	0.216	0.218	0.191	0.004	0.282	0.293	0.304	0.0	0.29	0.0	0.133	0.323	0.242	0.278	0.227	0.261	0.348	0.291	0.341	0.337	0.382	0.418	0.321	0.111	0.186	0.154	0.0	0.188	0.196	0.202	0.172	0.126	0.303	0.212	0.2	0.202	0.0	
Chromosome	1787487	T	G	0.139	0.212	0.187	0.249	0.062	0.315	0.247	0.187	0.22	0.223	0.221	0.225	0.131	0.193	0.117	0.223	0.176	0.24	0.181	0.238	0.304	0.275	0.243	0.234	0.261	0.157	0.106	0.13	0.146	0.14	0.115	0.136	0.162	0.14	0.196	0.0	0.194	0.233	0.197	0.006	0.223	0.006	0.18	0.216	0.156	0.156	0.167	0.191	0.237	0.241	0.227	0.211	0.196	0.221	0.255	0.212	0.259	0.203	0.006	0.154	0.16	0.174	0.179	0.128	0.239	0.144	0.158	0.127	0.007	
Chromosome	1972720	A	C	0.075	0.137	0.159	0.22	0.024	0.182	0.207	0.188	0.215	0.178	0.176	0.177	0.09	0.099	0.08	0.199	0.208	0.253	0.161	0.239	0.191	0.199	0.214	0.156	0.194	0.106	0.096	0.094	0.103	0.096	0.051	0.071	0.111	0.088	0.073	0.004	0.138	0.164	0.128	0.011	0.161	0.005	0.082	0.213	0.125	0.108	0.067	0.222	0.174	0.192	0.16	0.2	0.136	0.184	0.23	0.08	0.225	0.197	0.0	0.11	0.082	0.076	0.097	0.106	0.151	0.129	0.069	0.088	0.0	
Chromosome	1979870	T	G	0.143	0.19	0.188	0.18	0.072	0.285	0.246	0.26	0.197	0.258	0.212	0.302	0.121	0.169	0.157	0.207	0.135	0.276	0.297	0.294	0.187	0.25	0.197	0.299	0.167	0.102	0.126	0.168	0.2	0.139	0.142	0.088	0.173	0.143	0.118	0.005	0.249	0.198	0.159	0.0	0.201	0.0	0.121	0.218	0.143	0.177	0.15	0.285	0.248	0.372	0.386	0.282	0.264	0.338	0.255	0.167	0.24	0.283	0.0	0.127	0.144	0.093	0.131	0.142	0.188	0.125	0.134	0.141	0.011	
Chromosome	1990230	T	G	0.273	0.296	0.277	0.31	0.246	0.261	0.315	0.262	0.302	0.307	0.271	0.252	0.281	0.292	0.323	0.37	0.492	0.31	0.27	0.333	0.316	0.339	0.276	0.288	0.412	0.314	0.256	0.299	0.292	0.314	0.319	0.286	0.302	0.289	0.283	0.0	0.266	0.281	0.28	0.0	0.28	0.0	0.295	0.357	0.274	0.387	0.294	0.344	0.282	0.417	0.377	0.43	0.347	0.393	0.297	0.424	0.37	0.294	0.005	0.282	0.271	0.273	0.318	0.36	0.31	0.28	0.309	0.334	0.0	
Chromosome	2140105	T	G	0.097	0.169	0.178	0.12	0.026	0.164	0.152	0.135	0.124	0.084	0.094	0.086	0.098	0.104	0.068	0.194	0.205	0.2	0.111	0.107	0.165	0.162	0.157	0.187	0.133	0.076	0.092	0.075	0.071	0.051	0.079	0.058	0.093	0.046	0.082	0.006	0.121	0.081	0.119	0.017	0.082	0.005	0.055	0.132	0.074	0.06	0.074	0.184	0.158	0.159	0.179	0.231	0.15	0.19	0.225	0.25	0.24	0.174	0.0	0.084	0.059	0.049	0.06	0.066	0.059	0.07	0.08	0.056	0.012	
Chromosome	2154676	T	G	0.046	0.163	0.116	0.166	0.042	0.117	0.192	0.137	0.142	0.135	0.137	0.1	0.088	0.046	0.063	0.172	0.158	0.2	0.217	0.179	0.242	0.155	0.19	0.163	0.171	0.043	0.049	0.055	0.044	0.072	0.055	0.015	0.031	0.044	0.022	0.0	0.144	0.162	0.132	0.0	0.12	0.0	0.118	0.164	0.065	0.029	0.055	0.164	0.162	0.136	0.119	0.16	0.168	0.189	0.179	0.278	0.158	0.192	0.0	0.06	0.045	0.028	0.055	0.055	0.082	0.074	0.07	0.052	0.0	
Chromosome	2154684	A	C	0.121	0.211	0.224	0.244	0.091	0.229	0.244	0.25	0.191	0.211	0.185	0.166	0.17	0.116	0.126	0.193	0.22	0.242	0.335	0.162	0.229	0.196	0.227	0.176	0.184	0.141	0.155	0.101	0.142	0.084	0.077	0.086	0.088	0.105	0.099	0.0	0.181	0.217	0.134	0.013	0.182	0.0	0.093	0.173	0.111	0.089	0.112	0.217	0.227	0.209	0.192	0.223	0.219	0.286	0.241	0.346	0.211	0.153	0.0	0.116	0.13	0.093	0.13	0.135	0.153	0.123	0.096	0.109	0.0	
Chromosome	2195100	T	G	0.089	0.15	0.143	0.184	0.085	0.124	0.186	0.12	0.178	0.192	0.205	0.162	0.186	0.129	0.143	0.174	0.151	0.198	0.141	0.22	0.198	0.168	0.155	0.199	0.129	0.151	0.145	0.137	0.179	0.112	0.094	0.09	0.114	0.142	0.121	0.0	0.156	0.119	0.225	0.0	0.156	0.005	0.149	0.074	0.142	0.103	0.093	0.132	0.184	0.188	0.225	0.17	0.144	0.201	0.16	0.14	0.164	0.128	0.0	0.119	0.12	0.141	0.158	0.131	0.204	0.109	0.116	0.088	0.007	
Chromosome	2197663	T	A	0.014	0.043	0.006	0.025	0.01	0.0	0.0	0.0	0.0	0.0	0.0	0.0	0.006	0.0	0.005	0.0	0.0	0.011	0.0	0.008	0.0	0.008	0.008	0.013	0.0	0.018	0.0	0.029	0.016	0.0	0.004	0.005	0.0	0.006	0.0	0.0	0.006	0.0	0.006	0.0	0.0	0.0	0.0	0.0	0.005	0.0	0.008	0.0	0.0	0.0	0.007	0.007	0.0	0.008	0.031	0.0	0.0	0.034	0.0	0.006	0.0	0.007	0.01	0.0	0.005	0.0	0.003	0.0	0.0	
Chromosome	2197664	G	C	0.014	0.037	0.006	0.019	0.01	0.0	0.0	0.0	0.0	0.0	0.0	0.0	0.006	0.0	0.005	0.0	0.0	0.011	0.0	0.0	0.0	0.0	0.0	0.013	0.0	0.018	0.0	0.023	0.017	0.0	0.0	0.005	0.0	0.003	0.0	0.0	0.0	0.0	0.0	0.0	0.0	0.0	0.0	0.0	0.0	0.0	0.008	0.0	0.0	0.0	0.0	0.0	0.0	0.0	0.0	0.0	0.0	0.034	0.0	0.006	0.0	0.004	0.009	0.0	0.0	0.0	0.003	0.0	0.0	
Chromosome	2197665	T	A	0.014	0.037	0.012	0.026	0.01	0.0	0.012	0.0	0.0	0.0	0.0	0.0	0.006	0.0	0.005	0.0	0.0	0.011	0.0	0.0	0.0	0.0	0.008	0.019	0.0	0.018	0.0	0.023	0.017	0.0	0.004	0.005	0.003	0.009	0.0	0.0	0.0	0.0	0.0	0.0	0.0	0.0	0.0	0.0	0.0	0.0	0.008	0.0	0.0	0.0	0.0	0.0	0.0	0.0	0.0	0.0	0.0	0.033	0.0	0.006	0.0	0.004	0.009	0.0	0.0	0.0	0.003	0.0	0.0	
Chromosome	2223907	A	C	0.087	0.131	0.128	0.198	0.079	0.085	0.062	0.058	0.107	0.132	0.147	0.087	0.083	0.098	0.087	0.126	0.114	0.115	0.069	0.086	0.11	0.116	0.079	0.163	0.105	0.101	0.121	0.129	0.13	0.114	0.079	0.078	0.076	0.064	0.102	0.012	0.101	0.136	0.1	0.016	0.146	0.006	0.089	0.117	0.09	0.103	0.106	0.105	0.131	0.133	0.083	0.115	0.095	0.095	0.071	0.159	0.11	0.099	0.02	0.097	0.093	0.069	0.077	0.123	0.131	0.105	0.104	0.076	0.038	
Chromosome	2229482	T	G	0.043	0.188	0.128	0.099	0.008	0.079	0.092	0.094	0.101	0.087	0.108	0.109	0.029	0.055	0.086	0.118	0.154	0.2	0.159	0.15	0.087	0.076	0.12	0.126	0.102	0.057	0.059	0.077	0.054	0.04	0.029	0.031	0.037	0.057	0.026	0.005	0.061	0.088	0.087	0.0	0.09	0.0	0.065	0.094	0.054	0.052	0.047	0.111	0.085	0.084	0.099	0.104	0.088	0.108	0.074	0.184	0.143	0.122	0.011	0.035	0.045	0.028	0.062	0.075	0.045	0.046	0.047	0.033	0.0	
Chromosome	2263316	T	G	0.088	0.106	0.071	0.075	0.093	0.028	0.103	0.082	0.106	0.114	0.091	0.111	0.11	0.083	0.088	0.084	0.071	0.076	0.099	0.077	0.1	0.088	0.088	0.099	0.078	0.077	0.093	0.102	0.128	0.084	0.069	0.084	0.04	0.075	0.051	0.0	0.052	0.107	0.094	0.007	0.145	0.0	0.103	0.087	0.073	0.1	0.06	0.085	0.131	0.09	0.062	0.087	0.054	0.123	0.063	0.103	0.078	0.087	0.0	0.076	0.1	0.055	0.099	0.081	0.092	0.068	0.057	0.066	0.012	
Chromosome	2351318	T	A	0.115	0.113	0.144	0.166	0.036	0.174	0.175	0.194	0.165	0.174	0.099	0.128	0.052	0.072	0.064	0.149	0.174	0.277	0.167	0.152	0.216	0.165	0.209	0.163	0.189	0.048	0.051	0.052	0.062	0.085	0.111	0.073	0.103	0.14	0.068	0.0	0.097	0.132	0.133	0.0	0.117	0.0	0.104	0.149	0.109	0.129	0.101	0.162	0.212	0.246	0.203	0.218	0.161	0.206	0.183	0.056	0.163	0.129	0.0	0.111	0.116	0.06	0.087	0.082	0.132	0.129	0.107	0.099	0.0	
Chromosome	2355857	T	G	0.081	0.097	0.116	0.175	0.028	0.165	0.258	0.208	0.062	0.176	0.162	0.17	0.118	0.123	0.105	0.051	0.115	0.12	0.17	0.177	0.15	0.262	0.209	0.197	0.121	0.073	0.085	0.095	0.084	0.121	0.091	0.086	0.111	0.092	0.116	0.0	0.171	0.223	0.152	0.0	0.17	0.0	0.056	0.201	0.149	0.144	0.092	0.187	0.189	0.238	0.216	0.153	0.175	0.161	0.23	0.192	0.077	0.13	0.0	0.124	0.126	0.099	0.081	0.12	0.137	0.131	0.1	0.123	0.0	
Chromosome	2363185	G	C	0.052	0.199	0.148	0.181	0.017	0.127	0.121	0.185	0.166	0.138	0.073	0.131	0.058	0.079	0.061	0.18	0.199	0.092	0.103	0.144	0.181	0.118	0.104	0.151	0.212	0.08	0.081	0.098	0.067	0.049	0.029	0.05	0.047	0.051	0.045	0.0	0.052	0.109	0.094	0.0	0.116	0.005	0.108	0.114	0.049	0.051	0.046	0.165	0.142	0.155	0.119	0.135	0.14	0.151	0.175	0.288	0.16	0.166	0.0	0.064	0.071	0.041	0.058	0.061	0.123	0.039	0.055	0.042	0.0	
Chromosome	2425085	A	C	0.059	0.122	0.15	0.185	0.069	0.144	0.192	0.123	0.139	0.118	0.139	0.118	0.093	0.087	0.099	0.132	0.204	0.187	0.15	0.181	0.106	0.133	0.189	0.204	0.136	0.125	0.084	0.1	0.1	0.063	0.088	0.069	0.052	0.075	0.079	0.0	0.099	0.134	0.098	0.0	0.106	0.007	0.098	0.109	0.084	0.042	0.065	0.16	0.195	0.176	0.183	0.16	0.135	0.191	0.155	0.103	0.153	0.126	0.008	0.081	0.073	0.072	0.068	0.073	0.113	0.06	0.058	0.063	0.0	
Chromosome	2483216	A	T	0.181	0.198	0.104	0.167	0.104	0.152	0.209	0.189	0.174	0.073	0.161	0.086	0.136	0.119	0.115	0.143	0.236	0.094	0.149	0.124	0.131	0.169	0.132	0.156	0.119	0.106	0.098	0.12	0.131	0.161	0.149	0.118	0.176	0.175	0.085	0.0	0.075	0.149	0.126	0.0	0.145	0.0	0.124	0.143	0.172	0.155	0.192	0.068	0.113	0.126	0.128	0.106	0.078	0.152	0.115	0.167	0.161	0.107	0.0	0.165	0.19	0.16	0.063	0.101	0.177	0.189	0.14	0.187	0.0	
Chromosome	2491565	A	T	0.103	0.181	0.176	0.163	0.09	0.163	0.091	0.127	0.165	0.154	0.136	0.173	0.093	0.091	0.1	0.158	0.094	0.15	0.118	0.132	0.164	0.158	0.148	0.205	0.117	0.095	0.125	0.121	0.151	0.124	0.14	0.107	0.096	0.121	0.121	0.0	0.118	0.103	0.138	0.0	0.094	0.0	0.121	0.12	0.178	0.08	0.104	0.138	0.139	0.16	0.15	0.183	0.188	0.115	0.114	0.167	0.181	0.148	0.0	0.108	0.119	0.118	0.115	0.116	0.143	0.113	0.105	0.105	0.0	
Chromosome	2579189	A	C	0.173	0.275	0.243	0.239	0.134	0.268	0.276	0.242	0.322	0.271	0.222	0.31	0.219	0.219	0.213	0.261	0.246	0.282	0.237	0.297	0.183	0.206	0.319	0.253	0.25	0.187	0.23	0.232	0.224	0.248	0.226	0.202	0.21	0.225	0.223	0.006	0.273	0.263	0.274	0.0	0.395	0.0	0.226	0.303	0.277	0.259	0.226	0.283	0.34	0.287	0.219	0.263	0.281	0.333	0.308	0.238	0.256	0.256	0.0	0.225	0.219	0.226	0.154	0.254	0.234	0.26	0.238	0.244	0.013	
Chromosome	2653356	A	C	0.022	0.124	0.078	0.012	0.026	0.083	0.052	0.061	0.068	0.052	0.157	0.036	0.082	0.056	0.112	0.047	0.069	0.086	0.102	0.085	0.051	0.039	0.075	0.087	0.05	0.098	0.085	0.138	0.093	0.049	0.058	0.028	0.082	0.034	0.047	0.0	0.075	0.098	0.077	0.0	0.08	0.0	0.049	0.056	0.053	0.06	0.055	0.061	0.051	0.048	0.036	0.052	0.089	0.053	0.09	0.1	0.072	0.107	0.0	0.057	0.063	0.008	0.098	0.105	0.079	0.038	0.027	0.018	0.0	
Chromosome	2800797	C	G	0.283	0.315	0.294	0.229	0.291	0.346	0.216	0.274	0.286	0.242	0.31	0.313	0.268	0.262	0.277	0.267	0.263	0.315	0.21	0.252	0.27	0.256	0.239	0.252	0.338	0.291	0.243	0.227	0.272	0.258	0.293	0.336	0.312	0.23	0.271	0.169	0.281	0.293	0.268	0.269	0.237	0.2	0.373	0.168	0.231	0.294	0.279	0.278	0.223	0.217	0.194	0.232	0.281	0.299	0.287	0.375	0.306	0.295	0.223	0.28	0.29	0.27	0.38	0.247	0.253	0.225	0.296	0.289	0.155	
Chromosome	2803654	T	G	0.028	0.15	0.159	0.162	0.018	0.122	0.161	0.079	0.118	0.109	0.115	0.132	0.071	0.021	0.045	0.18	0.137	0.111	0.119	0.086	0.101	0.103	0.122	0.127	0.128	0.059	0.055	0.047	0.079	0.035	0.047	0.036	0.061	0.039	0.035	0.0	0.065	0.093	0.073	0.006	0.054	0.006	0.126	0.092	0.051	0.044	0.047	0.126	0.19	0.101	0.09	0.129	0.073	0.133	0.109	0.068	0.16	0.164	0.0	0.043	0.049	0.035	0.059	0.073	0.07	0.027	0.052	0.04	0.006	
Chromosome	2812039	A	C	0.073	0.085	0.132	0.117	0.046	0.097	0.103	0.089	0.12	0.106	0.093	0.115	0.08	0.103	0.067	0.087	0.088	0.136	0.072	0.091	0.079	0.087	0.127	0.075	0.1	0.037	0.062	0.076	0.074	0.069	0.07	0.067	0.07	0.044	0.077	0.009	0.121	0.098	0.128	0.0	0.099	0.023	0.066	0.127	0.056	0.071	0.063	0.103	0.1	0.079	0.066	0.095	0.134	0.172	0.076	0.111	0.15	0.123	0.0	0.067	0.075	0.073	0.065	0.074	0.087	0.072	0.047	0.061	0.0	
Chromosome	2829829	A	C	0.21	0.169	0.133	0.214	0.146	0.311	0.26	0.289	0.171	0.236	0.25	0.255	0.191	0.15	0.155	0.169	0.113	0.255	0.297	0.315	0.216	0.336	0.289	0.263	0.122	0.134	0.217	0.16	0.115	0.207	0.15	0.111	0.185	0.164	0.196	0.0	0.209	0.261	0.25	0.0	0.172	0.005	0.156	0.207	0.181	0.239	0.218	0.25	0.25	0.28	0.292	0.209	0.286	0.276	0.236	0.214	0.167	0.142	0.013	0.207	0.194	0.176	0.156	0.185	0.213	0.192	0.196	0.16	0.0	
Chromosome	2838382	A	C	0.155	0.199	0.189	0.193	0.128	0.14	0.146	0.098	0.155	0.156	0.203	0.224	0.175	0.176	0.133	0.194	0.186	0.195	0.176	0.146	0.125	0.207	0.121	0.216	0.19	0.145	0.128	0.2	0.146	0.137	0.126	0.127	0.161	0.153	0.134	0.006	0.159	0.16	0.159	0.0	0.242	0.0	0.162	0.137	0.189	0.18	0.151	0.178	0.189	0.144	0.223	0.189	0.16	0.187	0.157	0.211	0.163	0.216	0.008	0.126	0.134	0.138	0.13	0.151	0.136	0.128	0.108	0.116	0.009	
Chromosome	2846232	A	C	0.071	0.065	0.065	0.172	0.043	0.154	0.133	0.144	0.078	0.138	0.114	0.129	0.054	0.067	0.036	0.05	0.084	0.184	0.176	0.15	0.111	0.146	0.112	0.198	0.075	0.067	0.046	0.037	0.053	0.045	0.036	0.024	0.047	0.068	0.054	0.005	0.116	0.114	0.122	0.0	0.135	0.0	0.046	0.118	0.064	0.083	0.075	0.132	0.145	0.181	0.14	0.19	0.12	0.179	0.129	0.125	0.103	0.076	0.012	0.081	0.052	0.066	0.036	0.05	0.087	0.064	0.053	0.045	0.0	
Chromosome	2846235	T	A	0.13	0.109	0.069	0.242	0.089	0.183	0.261	0.227	0.112	0.198	0.11	0.208	0.085	0.089	0.058	0.091	0.129	0.243	0.224	0.197	0.262	0.21	0.17	0.245	0.108	0.062	0.063	0.059	0.077	0.121	0.145	0.064	0.169	0.13	0.114	0.0	0.198	0.144	0.16	0.0	0.201	0.005	0.109	0.133	0.152	0.18	0.147	0.131	0.198	0.211	0.209	0.279	0.175	0.232	0.199	0.051	0.136	0.093	0.0	0.145	0.119	0.138	0.045	0.096	0.224	0.179	0.137	0.13	0.0	
Chromosome	2952396	T	G	0.089	0.18	0.169	0.21	0.085	0.217	0.175	0.175	0.207	0.18	0.152	0.203	0.18	0.095	0.114	0.259	0.289	0.123	0.199	0.264	0.271	0.257	0.11	0.21	0.172	0.144	0.122	0.151	0.14	0.086	0.082	0.087	0.06	0.105	0.056	0.005	0.139	0.194	0.109	0.0	0.186	0.0	0.096	0.168	0.063	0.09	0.12	0.186	0.203	0.243	0.2	0.145	0.219	0.211	0.21	0.182	0.209	0.188	0.0	0.096	0.073	0.061	0.136	0.102	0.103	0.051	0.091	0.075	0.0	
Chromosome	2952405	A	C	0.131	0.141	0.196	0.197	0.131	0.123	0.214	0.107	0.176	0.216	0.223	0.224	0.164	0.113	0.144	0.153	0.171	0.125	0.173	0.182	0.163	0.151	0.158	0.193	0.106	0.169	0.104	0.134	0.19	0.142	0.104	0.125	0.102	0.156	0.129	0.0	0.204	0.229	0.174	0.006	0.254	0.0	0.152	0.238	0.144	0.165	0.143	0.186	0.178	0.194	0.171	0.148	0.163	0.183	0.15	0.118	0.164	0.119	0.012	0.155	0.128	0.158	0.162	0.134	0.136	0.135	0.126	0.122	0.0	
Chromosome	2960134	A	T	0.094	0.152	0.165	0.115	0.027	0.185	0.189	0.194	0.141	0.105	0.159	0.122	0.073	0.068	0.078	0.117	0.118	0.127	0.214	0.284	0.211	0.222	0.246	0.18	0.098	0.05	0.072	0.071	0.084	0.088	0.135	0.085	0.118	0.119	0.099	0.0	0.121	0.132	0.158	0.0	0.133	0.0	0.11	0.208	0.118	0.137	0.149	0.218	0.23	0.261	0.21	0.206	0.312	0.239	0.196	0.13	0.078	0.114	0.0	0.114	0.146	0.121	0.082	0.057	0.147	0.186	0.1	0.116	0.0	
Chromosome	3015747	G	C	0.202	0.452	0.427	0.204	0.291	0.207	0.209	0.295	0.376	0.209	0.252	0.231	0.297	0.287	0.326	0.481	0.5	0.239	0.306	0.279	0.203	0.217	0.243	0.305	0.399	0.29	0.343	0.347	0.344	0.222	0.194	0.303	0.238	0.223	0.219	0.0	0.246	0.204	0.25	0.0	0.231	0.0	0.339	0.227	0.271	0.211	0.225	0.273	0.258	0.247	0.212	0.194	0.169	0.212	0.258	0.545	0.515	0.5	0.0	0.235	0.239	0.215	0.27	0.341	0.284	0.174	0.224	0.231	0.0	
Chromosome	3030943	C	CG	0.0	0.0	0.0	0.015	0.0	0.013	0.02	0.013	0.0	0.0	0.0	0.0	0.0	0.0	0.0	0.0	0.0	0.016	0.0	0.0	0.0	0.0	0.0	0.008	0.01	0.0	0.008	0.0	0.0	0.0	0.0	0.0	0.005	0.0	0.0	0.0	0.0	0.0	0.025	0.0	0.0	0.0	0.0	0.0	0.0	0.0	0.0	0.0	0.029	0.014	0.014	0.0	0.0	0.0	0.0	0.0	0.0	0.0	0.0	0.0	0.0	0.0	0.0	0.0	0.0	0.0	0.0	0.0	0.0	
Chromosome	3030947	G	C	0.108	0.2	0.11	0.206	0.041	0.215	0.13	0.123	0.25	0.176	0.085	0.084	0.076	0.068	0.067	0.186	0.19	0.194	0.224	0.172	0.206	0.126	0.237	0.198	0.163	0.065	0.049	0.043	0.068	0.1	0.057	0.077	0.095	0.09	0.106	0.0	0.148	0.103	0.158	0.0	0.095	0.0	0.06	0.121	0.113	0.063	0.089	0.123	0.159	0.23	0.235	0.163	0.203	0.17	0.241	0.182	0.382	0.071	0.0	0.099	0.07	0.098	0.074	0.14	0.106	0.084	0.094	0.09	0.0	
Chromosome	3030967	A	C	0.347	0.586	0.61	0.54	0.255	0.5	0.368	0.451	0.587	0.396	0.345	0.489	0.437	0.421	0.388	0.566	0.676	0.512	0.409	0.514	0.563	0.43	0.37	0.488	0.567	0.506	0.368	0.451	0.35	0.307	0.314	0.456	0.34	0.377	0.383	0.0	0.375	0.446	0.483	0.007	0.438	0.0	0.456	0.394	0.337	0.331	0.378	0.623	0.525	0.565	0.522	0.614	0.5	0.455	0.6	0.634	0.724	0.594	0.0	0.359	0.361	0.402	0.407	0.389	0.368	0.286	0.403	0.299	0.0	
Chromosome	3059403	C	G	0.012	0.086	0.103	0.044	0.0	0.053	0.041	0.019	0.041	0.039	0.044	0.022	0.005	0.014	0.01	0.108	0.096	0.0	0.04	0.015	0.023	0.048	0.034	0.071	0.068	0.017	0.009	0.019	0.005	0.0	0.007	0.004	0.009	0.008	0.006	0.0	0.038	0.033	0.01	0.0	0.024	0.0	0.016	0.019	0.016	0.013	0.007	0.044	0.049	0.034	0.035	0.045	0.036	0.038	0.036	0.125	0.034	0.068	0.0	0.004	0.008	0.003	0.01	0.01	0.008	0.013	0.003	0.003	0.0	
Chromosome	3059407	T	G	0.087	0.288	0.277	0.266	0.058	0.197	0.197	0.168	0.177	0.256	0.164	0.239	0.084	0.168	0.094	0.28	0.241	0.192	0.184	0.217	0.256	0.205	0.277	0.24	0.268	0.155	0.139	0.116	0.075	0.09	0.077	0.077	0.072	0.082	0.072	0.0	0.164	0.172	0.168	0.0	0.124	0.005	0.128	0.149	0.114	0.077	0.104	0.239	0.238	0.256	0.214	0.268	0.161	0.202	0.256	0.308	0.211	0.215	0.006	0.104	0.107	0.091	0.125	0.095	0.142	0.099	0.103	0.068	0.0	
Chromosome	3059418	G	C	0.204	0.203	0.176	0.369	0.1	0.222	0.274	0.247	0.161	0.351	0.253	0.337	0.101	0.161	0.111	0.17	0.174	0.127	0.288	0.312	0.323	0.303	0.339	0.257	0.167	0.133	0.145	0.151	0.117	0.179	0.176	0.136	0.187	0.2	0.191	0.0	0.269	0.223	0.229	0.0	0.213	0.0	0.104	0.282	0.233	0.221	0.247	0.379	0.29	0.325	0.246	0.339	0.283	0.257	0.256	0.172	0.116	0.132	0.0	0.211	0.183	0.168	0.105	0.145	0.261	0.21	0.187	0.13	0.0	
Chromosome	3092808	A	C	0.368	0.568	0.593	0.446	0.328	0.373	0.267	0.241	0.511	0.403	0.289	0.443	0.589	0.505	0.541	0.488	0.561	0.273	0.316	0.456	0.316	0.373	0.26	0.395	0.627	0.536	0.53	0.615	0.574	0.327	0.315	0.396	0.413	0.347	0.392	0.0	0.384	0.333	0.27	0.0	0.385	0.0	0.353	0.39	0.368	0.364	0.318	0.4	0.264	0.396	0.283	0.364	0.318	0.418	0.349	0.4	0.46	0.547	0.0	0.405	0.34	0.308	0.564	0.487	0.391	0.3	0.333	0.251	0.01	
Chromosome	3092809	G	C	0.408	0.576	0.596	0.523	0.241	0.346	0.319	0.291	0.566	0.449	0.263	0.361	0.518	0.466	0.504	0.529	0.595	0.267	0.346	0.5	0.359	0.418	0.396	0.355	0.649	0.483	0.505	0.58	0.56	0.335	0.331	0.368	0.421	0.393	0.322	0.0	0.372	0.325	0.351	0.0	0.371	0.0	0.385	0.364	0.31	0.385	0.323	0.618	0.283	0.453	0.37	0.448	0.409	0.491	0.395	0.421	0.48	0.573	0.0	0.35	0.352	0.328	0.547	0.414	0.366	0.287	0.33	0.238	0.0	
Chromosome	3105793	T	G	0.141	0.286	0.135	0.236	0.071	0.246	0.185	0.305	0.125	0.243	0.25	0.19	0.108	0.169	0.112	0.137	0.391	0.259	0.28	0.222	0.274	0.239	0.242	0.216	0.28	0.124	0.141	0.101	0.122	0.129	0.108	0.095	0.151	0.116	0.075	0.0	0.159	0.2	0.182	0.0	0.188	0.0	0.094	0.255	0.121	0.127	0.099	0.172	0.237	0.2	0.292	0.274	0.172	0.191	0.212	0.231	0.306	0.153	0.008	0.129	0.112	0.09	0.111	0.173	0.146	0.128	0.129	0.097	0.008	
Chromosome	3105797	T	G	0.088	0.111	0.213	0.135	0.012	0.186	0.22	0.25	0.082	0.116	0.137	0.077	0.028	0.028	0.068	0.087	0.125	0.151	0.28	0.145	0.123	0.229	0.185	0.212	0.107	0.078	0.044	0.099	0.089	0.06	0.065	0.043	0.074	0.062	0.073	0.0	0.121	0.106	0.108	0.0	0.089	0.0	0.137	0.146	0.152	0.068	0.07	0.224	0.208	0.206	0.127	0.136	0.204	0.117	0.219	0.0	0.194	0.101	0.0	0.065	0.107	0.073	0.114	0.084	0.096	0.049	0.053	0.052	0.0	
Chromosome	3109150	C	G	0.032	0.259	0.159	0.103	0.023	0.06	0.157	0.185	0.135	0.102	0.097	0.117	0.028	0.029	0.056	0.136	0.065	0.18	0.273	0.194	0.197	0.088	0.186	0.113	0.207	0.048	0.059	0.05	0.041	0.015	0.059	0.041	0.051	0.048	0.064	0.0	0.111	0.172	0.111	0.0	0.133	0.0	0.162	0.105	0.052	0.031	0.059	0.061	0.286	0.26	0.146	0.22	0.12	0.204	0.267	0.333	0.064	0.169	0.0	0.062	0.065	0.031	0.069	0.037	0.084	0.038	0.031	0.044	0.0	
Chromosome	3109152	A	G	0.028	0.106	0.062	0.158	0.0	0.048	0.13	0.071	0.092	0.05	0.071	0.117	0.058	0.033	0.031	0.038	0.0	0.143	0.179	0.141	0.066	0.099	0.127	0.095	0.079	0.049	0.043	0.033	0.0	0.02	0.064	0.036	0.08	0.052	0.034	0.0	0.089	0.143	0.066	0.0	0.161	0.0	0.066	0.054	0.052	0.025	0.056	0.029	0.156	0.184	0.125	0.121	0.08	0.13	0.193	0.125	0.026	0.067	0.0	0.045	0.049	0.031	0.104	0.059	0.054	0.033	0.031	0.031	0.008	
Chromosome	3109157	A	C	0.104	0.151	0.167	0.186	0.038	0.19	0.218	0.189	0.103	0.143	0.106	0.162	0.093	0.118	0.074	0.097	0.051	0.25	0.286	0.221	0.2	0.191	0.224	0.189	0.115	0.069	0.076	0.077	0.082	0.087	0.102	0.039	0.124	0.125	0.145	0.0	0.158	0.207	0.198	0.0	0.321	0.0	0.083	0.168	0.145	0.135	0.119	0.143	0.289	0.26	0.244	0.373	0.26	0.241	0.328	0.143	0.029	0.043	0.0	0.133	0.156	0.116	0.065	0.077	0.197	0.126	0.092	0.1	0.008	
Chromosome	3109158	T	A	0.207	0.104	0.192	0.224	0.053	0.205	0.241	0.245	0.157	0.223	0.173	0.188	0.106	0.145	0.067	0.091	0.088	0.326	0.319	0.299	0.25	0.188	0.311	0.209	0.102	0.054	0.068	0.106	0.092	0.197	0.212	0.092	0.227	0.205	0.227	0.0	0.178	0.317	0.25	0.0	0.297	0.0	0.109	0.198	0.182	0.261	0.25	0.222	0.267	0.265	0.268	0.293	0.245	0.364	0.311	0.167	0.032	0.121	0.0	0.253	0.21	0.173	0.153	0.066	0.28	0.238	0.218	0.246	0.0	
Chromosome	3123426	T	G	0.146	0.256	0.257	0.206	0.126	0.244	0.243	0.258	0.263	0.228	0.21	0.237	0.243	0.218	0.161	0.27	0.245	0.343	0.197	0.273	0.209	0.254	0.204	0.286	0.241	0.283	0.173	0.237	0.205	0.135	0.095	0.131	0.154	0.163	0.142	0.006	0.287	0.24	0.205	0.0	0.195	0.007	0.176	0.237	0.155	0.113	0.163	0.248	0.169	0.377	0.25	0.245	0.33	0.227	0.246	0.348	0.246	0.188	0.0	0.189	0.178	0.115	0.226	0.19	0.214	0.123	0.119	0.135	0.0	
Chromosome	3125326	A	C	0.081	0.099	0.113	0.089	0.007	0.111	0.158	0.161	0.096	0.1	0.129	0.126	0.066	0.079	0.074	0.071	0.112	0.157	0.151	0.128	0.121	0.15	0.153	0.126	0.124	0.093	0.087	0.104	0.068	0.071	0.067	0.064	0.088	0.079	0.057	0.0	0.12	0.088	0.119	0.0	0.151	0.006	0.079	0.12	0.085	0.05	0.077	0.105	0.161	0.155	0.131	0.19	0.138	0.15	0.204	0.1	0.118	0.128	0.006	0.08	0.093	0.039	0.081	0.113	0.142	0.072	0.065	0.099	0.0	
Chromosome	3269581	T	G	0.168	0.289	0.243	0.311	0.106	0.353	0.269	0.219	0.224	0.232	0.225	0.337	0.204	0.158	0.162	0.196	0.234	0.231	0.302	0.316	0.242	0.289	0.288	0.237	0.312	0.171	0.161	0.202	0.193	0.202	0.222	0.135	0.19	0.15	0.156	0.005	0.192	0.24	0.228	0.006	0.212	0.006	0.206	0.242	0.182	0.197	0.172	0.271	0.277	0.284	0.25	0.231	0.327	0.279	0.283	0.275	0.242	0.227	0.0	0.179	0.2	0.177	0.152	0.198	0.196	0.22	0.161	0.215	0.03	
Chromosome	3492952	T	G	0.073	0.152	0.097	0.133	0.034	0.206	0.146	0.19	0.113	0.091	0.07	0.122	0.07	0.053	0.069	0.129	0.12	0.112	0.161	0.166	0.189	0.169	0.17	0.188	0.136	0.071	0.055	0.083	0.056	0.042	0.075	0.041	0.065	0.08	0.061	0.0	0.111	0.139	0.123	0.0	0.065	0.0	0.058	0.107	0.082	0.085	0.054	0.146	0.156	0.2	0.231	0.241	0.157	0.216	0.17	0.216	0.17	0.12	0.0	0.058	0.089	0.038	0.082	0.071	0.083	0.072	0.081	0.074	0.0	
Chromosome	3580127	A	C	0.053	0.133	0.142	0.133	0.027	0.211	0.214	0.182	0.108	0.167	0.129	0.123	0.071	0.059	0.075	0.149	0.182	0.089	0.176	0.214	0.207	0.184	0.225	0.159	0.179	0.071	0.065	0.058	0.047	0.052	0.059	0.051	0.049	0.06	0.038	0.006	0.151	0.066	0.12	0.007	0.089	0.012	0.13	0.116	0.059	0.05	0.055	0.126	0.209	0.211	0.187	0.208	0.21	0.205	0.19	0.167	0.188	0.132	0.0	0.073	0.075	0.05	0.083	0.035	0.089	0.061	0.052	0.068	0.0	
Chromosome	3604356	T	G	0.049	0.121	0.092	0.087	0.027	0.139	0.096	0.085	0.124	0.063	0.054	0.101	0.084	0.056	0.08	0.084	0.057	0.147	0.076	0.037	0.063	0.085	0.104	0.11	0.084	0.09	0.111	0.062	0.061	0.064	0.073	0.065	0.063	0.057	0.053	0.0	0.07	0.07	0.094	0.007	0.029	0.0	0.063	0.118	0.046	0.068	0.063	0.071	0.108	0.114	0.085	0.099	0.032	0.094	0.086	0.037	0.113	0.048	0.014	0.061	0.072	0.077	0.05	0.055	0.072	0.088	0.037	0.072	0.022	
Chromosome	3698300	G	C	0.045	0.165	0.177	0.126	0.038	0.136	0.124	0.147	0.178	0.081	0.077	0.098	0.064	0.059	0.059	0.211	0.19	0.162	0.176	0.117	0.086	0.115	0.089	0.099	0.147	0.038	0.049	0.037	0.048	0.058	0.068	0.034	0.032	0.041	0.04	0.0	0.085	0.084	0.076	0.0	0.096	0.006	0.063	0.052	0.067	0.041	0.042	0.128	0.155	0.176	0.197	0.162	0.131	0.175	0.114	0.271	0.183	0.17	0.0	0.05	0.04	0.024	0.05	0.059	0.074	0.035	0.037	0.058	0.0	
Chromosome	3723478	A	C	0.061	0.137	0.152	0.081	0.029	0.126	0.184	0.143	0.165	0.154	0.139	0.125	0.061	0.068	0.071	0.161	0.194	0.158	0.209	0.223	0.14	0.252	0.271	0.141	0.159	0.048	0.088	0.062	0.053	0.022	0.046	0.061	0.061	0.075	0.055	0.007	0.167	0.154	0.202	0.02	0.151	0.014	0.108	0.134	0.07	0.114	0.065	0.217	0.222	0.229	0.27	0.258	0.186	0.254	0.219	0.255	0.181	0.19	0.014	0.076	0.076	0.062	0.054	0.101	0.094	0.067	0.072	0.042	0.018	
Chromosome	3777637	A	C	0.147	0.219	0.211	0.23	0.108	0.253	0.286	0.32	0.217	0.283	0.261	0.265	0.153	0.228	0.209	0.331	0.224	0.237	0.292	0.281	0.223	0.308	0.21	0.256	0.254	0.293	0.188	0.189	0.138	0.196	0.201	0.169	0.161	0.185	0.179	0.0	0.31	0.262	0.275	0.0	0.264	0.007	0.218	0.222	0.146	0.205	0.184	0.233	0.378	0.218	0.275	0.316	0.418	0.315	0.24	0.51	0.287	0.219	0.0	0.188	0.154	0.143	0.242	0.248	0.215	0.151	0.174	0.155	0.006	
Chromosome	3815812	T	G	0.042	0.132	0.196	0.185	0.055	0.22	0.182	0.184	0.136	0.127	0.124	0.1	0.058	0.075	0.075	0.163	0.19	0.198	0.182	0.208	0.178	0.158	0.246	0.186	0.125	0.063	0.084	0.062	0.063	0.059	0.072	0.05	0.082	0.092	0.039	0.0	0.098	0.111	0.105	0.0	0.158	0.005	0.087	0.137	0.091	0.057	0.092	0.17	0.231	0.235	0.223	0.188	0.23	0.23	0.111	0.175	0.148	0.167	0.0	0.091	0.092	0.059	0.095	0.06	0.125	0.079	0.076	0.1	0.0	
Chromosome	3838704	T	G	0.003	0.032	0.034	0.0	0.007	0.0	0.01	0.007	0.0	0.005	0.0	0.0	0.019	0.0	0.013	0.015	0.019	0.0	0.008	0.0	0.009	0.0	0.0	0.01	0.0	0.0	0.005	0.014	0.0	0.004	0.0	0.0	0.0	0.005	0.0	0.0	0.0	0.0	0.0	0.005	0.0	0.0	0.0	0.0	0.0	0.0	0.0	0.0	0.0	0.0	0.0	0.0	0.0	0.0	0.0	0.0	0.0	0.008	0.0	0.002	0.0	0.0	0.005	0.01	0.005	0.0	0.0	0.0	0.0	
Chromosome	3838707	T	G	0.003	0.032	0.033	0.013	0.0	0.0	0.01	0.007	0.0	0.0	0.0	0.0	0.023	0.005	0.017	0.015	0.027	0.0	0.008	0.0	0.0	0.007	0.0	0.009	0.0	0.0	0.005	0.013	0.0	0.004	0.0	0.0	0.0	0.008	0.0	0.011	0.006	0.0	0.0	0.005	0.0	0.0	0.0	0.0	0.0	0.0	0.005	0.0	0.0	0.0	0.008	0.0	0.0	0.0	0.0	0.023	0.0	0.012	0.0	0.004	0.003	0.0	0.005	0.01	0.004	0.003	0.002	0.0	0.007	
Chromosome	3838708	C	A	0.003	0.037	0.033	0.0	0.0	0.0	0.02	0.0	0.0	0.005	0.0	0.006	0.023	0.0	0.018	0.01	0.018	0.0	0.008	0.0	0.0	0.0	0.0	0.01	0.0	0.0	0.005	0.013	0.0	0.004	0.004	0.0	0.003	0.005	0.0	0.0	0.0	0.006	0.0	0.0	0.0	0.0	0.005	0.006	0.008	0.0	0.0	0.0	0.0	0.009	0.008	0.0	0.0	0.0	0.0	0.0	0.0	0.008	0.0	0.002	0.0	0.0	0.005	0.011	0.009	0.0	0.005	0.003	0.0	
Chromosome	3838711	C	A	0.003	0.031	0.038	0.0	0.0	0.0	0.01	0.0	0.0	0.0	0.0	0.0	0.023	0.0	0.017	0.01	0.018	0.0	0.008	0.0	0.0	0.0	0.0	0.015	0.0	0.0	0.005	0.014	0.0	0.004	0.0	0.0	0.0	0.005	0.003	0.0	0.0	0.0	0.0	0.0	0.006	0.0	0.0	0.0	0.0	0.0	0.0	0.0	0.0	0.0	0.0	0.0	0.0	0.007	0.0	0.0	0.0	0.008	0.0	0.002	0.0	0.0	0.005	0.011	0.005	0.0	0.002	0.0	0.0	
Chromosome	3847886	T	A	0.206	0.267	0.251	0.258	0.167	0.214	0.246	0.165	0.36	0.279	0.2	0.241	0.186	0.171	0.147	0.297	0.26	0.225	0.3	0.203	0.205	0.235	0.234	0.259	0.333	0.253	0.227	0.134	0.206	0.159	0.258	0.204	0.24	0.2	0.207	0.0	0.243	0.263	0.259	0.0	0.274	0.0	0.238	0.245	0.229	0.269	0.219	0.236	0.183	0.256	0.22	0.195	0.187	0.223	0.237	0.408	0.286	0.291	0.0	0.274	0.253	0.219	0.169	0.238	0.27	0.242	0.245	0.224	0.0	
Chromosome	3847896	T	A	0.133	0.106	0.134	0.153	0.093	0.109	0.172	0.145	0.167	0.104	0.119	0.12	0.057	0.127	0.103	0.152	0.142	0.141	0.164	0.133	0.092	0.138	0.162	0.171	0.173	0.118	0.119	0.077	0.122	0.072	0.146	0.109	0.158	0.128	0.133	0.0	0.118	0.125	0.155	0.0	0.164	0.0	0.133	0.137	0.146	0.183	0.162	0.152	0.142	0.125	0.148	0.145	0.092	0.175	0.118	0.105	0.147	0.166	0.0	0.203	0.169	0.147	0.113	0.136	0.15	0.17	0.175	0.152	0.0	
Chromosome	3873616	A	C	0.184	0.413	0.46	0.258	0.103	0.244	0.303	0.274	0.378	0.258	0.242	0.243	0.292	0.331	0.242	0.441	0.441	0.212	0.33	0.278	0.274	0.37	0.378	0.281	0.419	0.199	0.278	0.241	0.253	0.206	0.142	0.167	0.22	0.2	0.236	0.0	0.302	0.221	0.269	0.0	0.235	0.0	0.321	0.252	0.219	0.237	0.211	0.257	0.274	0.208	0.229	0.239	0.307	0.28	0.355	0.491	0.352	0.38	0.007	0.206	0.186	0.196	0.269	0.242	0.24	0.17	0.211	0.214	0.0	
Chromosome	3944349	T	G	0.045	0.105	0.058	0.071	0.014	0.128	0.081	0.11	0.073	0.085	0.116	0.101	0.087	0.049	0.05	0.072	0.088	0.095	0.106	0.111	0.096	0.129	0.082	0.086	0.043	0.055	0.077	0.063	0.047	0.044	0.054	0.043	0.05	0.046	0.05	0.0	0.086	0.082	0.12	0.0	0.083	0.006	0.038	0.049	0.062	0.056	0.063	0.085	0.117	0.158	0.075	0.196	0.068	0.094	0.133	0.098	0.118	0.063	0.0	0.053	0.07	0.046	0.026	0.048	0.07	0.04	0.052	0.045	0.0	
Chromosome	4025643	G	A	0.0	0.093	0.0	0.0	0.0	0.0	0.0	0.0	0.0	0.006	0.0	0.0	0.0	0.0	0.0	0.0	0.0	0.0	0.0	0.0	0.0	0.0	0.0	0.0	0.0	0.0	0.0	0.0	0.0	0.0	0.0	0.0	0.0	0.0	0.0	0.0	0.0	0.0	0.0	0.0	0.0	0.0	0.0	0.0	0.0	0.0	0.0	0.0	0.0	0.0	0.0	0.0	0.0	0.0	0.0	0.0	0.0	0.0	0.0	0.0	0.0	0.0	0.0	0.0	0.0	0.0	0.0	0.0	0.0	
Chromosome	4037286	A	C	0.026	0.129	0.089	0.09	0.024	0.094	0.087	0.099	0.081	0.071	0.056	0.089	0.051	0.088	0.017	0.053	0.058	0.099	0.109	0.14	0.135	0.144	0.092	0.103	0.137	0.024	0.022	0.06	0.046	0.02	0.029	0.039	0.024	0.033	0.042	0.0	0.065	0.095	0.064	0.0	0.107	0.0	0.034	0.062	0.054	0.035	0.029	0.156	0.094	0.146	0.158	0.105	0.121	0.143	0.126	0.0	0.036	0.071	0.0	0.043	0.049	0.039	0.027	0.026	0.059	0.033	0.048	0.039	0.0	
Chromosome	4088367	T	G	0.129	0.146	0.159	0.193	0.055	0.236	0.225	0.177	0.094	0.198	0.143	0.142	0.131	0.144	0.088	0.116	0.167	0.123	0.275	0.189	0.2	0.206	0.164	0.219	0.135	0.104	0.119	0.133	0.105	0.108	0.124	0.116	0.096	0.099	0.113	0.0	0.135	0.206	0.149	0.0	0.233	0.005	0.108	0.165	0.124	0.097	0.137	0.224	0.23	0.25	0.228	0.221	0.191	0.16	0.258	0.086	0.154	0.128	0.0	0.127	0.109	0.099	0.142	0.212	0.222	0.13	0.097	0.093	0.0	
Chromosome	4088377	G	C	0.037	0.138	0.154	0.073	0.008	0.112	0.114	0.113	0.083	0.098	0.077	0.093	0.071	0.047	0.055	0.101	0.126	0.167	0.18	0.122	0.109	0.122	0.111	0.15	0.069	0.029	0.037	0.035	0.035	0.024	0.068	0.033	0.057	0.06	0.041	0.007	0.077	0.074	0.055	0.0	0.075	0.0	0.086	0.071	0.044	0.043	0.047	0.096	0.107	0.103	0.126	0.155	0.181	0.168	0.181	0.048	0.105	0.095	0.017	0.039	0.04	0.043	0.04	0.045	0.087	0.053	0.04	0.055	0.0	
Chromosome	4214560	C	A	0.452	0.485	0.48	0.481	0.533	0.441	0.444	0.525	0.503	0.477	0.478	0.474	0.465	0.518	0.466	0.465	0.544	0.5	0.53	0.506	0.48	0.485	0.401	0.533	0.478	0.449	0.475	0.494	0.517	0.494	0.476	0.515	0.502	0.45	0.481	0.463	0.458	0.491	0.505	0.538	0.511	0.524	0.498	0.496	0.478	0.497	0.486	0.431	0.453	0.479	0.42	0.509	0.468	0.49	0.472	0.509	0.462	0.494	0.408	0.494	0.506	0.43	0.49	0.489	0.515	0.442	0.432	0.326	0.498	
Chromosome	4214739	G	GT	0.34	0.327	0.388	0.339	0.395	0.304	0.332	0.352	0.324	0.364	0.304	0.32	0.338	0.351	0.336	0.368	0.472	0.392	0.342	0.38	0.312	0.339	0.353	0.34	0.358	0.313	0.303	0.316	0.331	0.332	0.321	0.353	0.358	0.305	0.333	0.327	0.332	0.362	0.287	0.317	0.332	0.357	0.306	0.309	0.32	0.334	0.355	0.331	0.371	0.301	0.321	0.371	0.324	0.352	0.367	0.535	0.391	0.331	0.26	0.338	0.314	0.329	0.36	0.327	0.316	0.303	0.304	0.266	0.329	
Chromosome	4214852	A	AG	0.06	0.066	0.067	0.066	0.074	0.043	0.078	0.072	0.05	0.058	0.023	0.048	0.056	0.076	0.083	0.069	0.07	0.099	0.049	0.107	0.048	0.074	0.046	0.047	0.057	0.059	0.07	0.045	0.05	0.069	0.061	0.07	0.062	0.073	0.066	0.022	0.065	0.047	0.037	0.051	0.087	0.097	0.015	0.066	0.044	0.084	0.064	0.024	0.074	0.088	0.054	0.039	0.026	0.069	0.048	0.065	0.06	0.058	0.082	0.057	0.058	0.053	0.058	0.067	0.049	0.073	0.054	0.058	0.045	
Chromosome	4214853	C	CAATGATCAATACCTGTGGAT	0.0	0.0	0.004	0.0	0.0	0.0	0.0	0.008	0.0	0.004	0.0	0.0	0.0	0.013	0.003	0.0	0.0	0.0	0.006	0.0	0.0	0.006	0.0	0.0	0.004	0.0	0.008	0.003	0.0	0.0	0.003	0.004	0.0	0.0	0.003	0.011	0.0	0.006	0.0	0.034	0.0	0.067	0.0	0.004	0.0	0.0	0.004	0.0	0.0	0.0	0.0	0.007	0.0	0.006	0.008	0.0	0.004	0.006	0.06	0.0	0.0	0.0	0.008	0.009	0.0	0.0	0.0	0.0	0.019	
Chromosome	4305867	T	G	0.11	0.157	0.178	0.157	0.039	0.192	0.198	0.168	0.134	0.163	0.163	0.09	0.059	0.1	0.075	0.113	0.139	0.22	0.164	0.161	0.175	0.176	0.223	0.236	0.134	0.094	0.114	0.114	0.069	0.082	0.097	0.074	0.076	0.092	0.08	0.006	0.155	0.188	0.125	0.015	0.153	0.0	0.122	0.193	0.19	0.087	0.101	0.159	0.205	0.221	0.198	0.237	0.17	0.239	0.218	0.154	0.169	0.12	0.0	0.088	0.109	0.087	0.115	0.091	0.132	0.064	0.082	0.06	0.0	
Chromosome	4317017	T	G	0.039	0.117	0.12	0.119	0.016	0.191	0.136	0.115	0.108	0.088	0.056	0.083	0.055	0.045	0.025	0.081	0.076	0.073	0.121	0.111	0.141	0.134	0.106	0.095	0.076	0.025	0.043	0.018	0.036	0.022	0.012	0.013	0.03	0.041	0.027	0.009	0.095	0.072	0.072	0.005	0.105	0.006	0.05	0.11	0.033	0.037	0.029	0.057	0.11	0.101	0.112	0.146	0.105	0.087	0.14	0.143	0.104	0.068	0.012	0.029	0.034	0.015	0.027	0.045	0.067	0.033	0.034	0.017	0.013	
Chromosome	4321113	C	G	0.232	0.197	0.172	0.201	0.32	0.181	0.244	0.181	0.175	0.189	0.202	0.281	0.14	0.18	0.141	0.18	0.159	0.216	0.21	0.189	0.182	0.207	0.219	0.201	0.141	0.179	0.176	0.176	0.207	0.257	0.188	0.218	0.239	0.171	0.249	0.25	0.255	0.236	0.209	0.344	0.193	0.216	0.128	0.181	0.201	0.213	0.223	0.241	0.172	0.171	0.198	0.134	0.202	0.182	0.231	0.229	0.059	0.158	0.257	0.254	0.245	0.255	0.133	0.18	0.201	0.242	0.244	0.217	0.234	
Chromosome	4362816	T	G	0.089	0.184	0.174	0.16	0.047	0.197	0.175	0.197	0.189	0.15	0.15	0.15	0.119	0.091	0.11	0.208	0.125	0.189	0.161	0.194	0.132	0.227	0.199	0.194	0.151	0.103	0.111	0.12	0.091	0.059	0.082	0.055	0.093	0.112	0.086	0.0	0.133	0.148	0.135	0.0	0.123	0.0	0.107	0.138	0.108	0.118	0.117	0.209	0.213	0.242	0.247	0.219	0.221	0.204	0.175	0.172	0.195	0.2	0.0	0.104	0.111	0.084	0.1	0.082	0.168	0.078	0.081	0.097	0.0	
Chromosome	4442222	A	T	0.18	0.103	0.085	0.269	0.063	0.255	0.214	0.217	0.135	0.221	0.2	0.221	0.087	0.078	0.091	0.08	0.102	0.208	0.182	0.263	0.264	0.223	0.248	0.216	0.092	0.094	0.086	0.064	0.096	0.193	0.207	0.099	0.204	0.145	0.235	0.0	0.24	0.255	0.154	0.0	0.163	0.0	0.117	0.132	0.239	0.189	0.196	0.295	0.261	0.208	0.274	0.241	0.156	0.231	0.286	0.042	0.073	0.078	0.0	0.219	0.166	0.166	0.113	0.077	0.206	0.192	0.198	0.159	0.0	
Chromosome	4442231	A	C	0.071	0.139	0.136	0.221	0.02	0.187	0.192	0.156	0.137	0.124	0.135	0.129	0.057	0.101	0.074	0.145	0.132	0.204	0.159	0.176	0.159	0.138	0.19	0.178	0.093	0.077	0.05	0.061	0.106	0.064	0.043	0.056	0.077	0.072	0.081	0.0	0.174	0.133	0.108	0.012	0.105	0.0	0.07	0.107	0.092	0.055	0.071	0.211	0.182	0.153	0.25	0.181	0.198	0.246	0.244	0.13	0.112	0.1	0.02	0.088	0.062	0.046	0.081	0.04	0.115	0.066	0.091	0.073	0.007	
Chromosome	4449585	A	C	0.09	0.153	0.168	0.207	0.083	0.189	0.209	0.286	0.174	0.106	0.16	0.162	0.081	0.115	0.118	0.223	0.18	0.175	0.234	0.186	0.238	0.183	0.143	0.221	0.168	0.102	0.133	0.137	0.105	0.109	0.093	0.068	0.122	0.102	0.106	0.011	0.17	0.213	0.157	0.0	0.176	0.0	0.058	0.177	0.17	0.097	0.103	0.146	0.238	0.248	0.23	0.192	0.15	0.226	0.25	0.179	0.165	0.173	0.01	0.111	0.115	0.1	0.146	0.114	0.118	0.128	0.147	0.072	0.0	
Chromosome	4449597	A	C	0.114	0.124	0.154	0.241	0.033	0.203	0.227	0.218	0.103	0.154	0.189	0.195	0.11	0.104	0.106	0.121	0.145	0.123	0.24	0.218	0.256	0.19	0.206	0.252	0.126	0.103	0.115	0.123	0.093	0.201	0.168	0.066	0.158	0.154	0.15	0.0	0.197	0.182	0.208	0.0	0.241	0.0	0.062	0.188	0.188	0.131	0.162	0.226	0.274	0.262	0.278	0.237	0.2	0.308	0.27	0.1	0.108	0.149	0.005	0.182	0.165	0.116	0.121	0.098	0.235	0.179	0.162	0.129	0.007	
Chromosome	4541919	G	C	0.123	0.195	0.149	0.11	0.088	0.144	0.204	0.192	0.281	0.212	0.137	0.144	0.202	0.129	0.139	0.126	0.152	0.14	0.231	0.254	0.22	0.156	0.216	0.25	0.129	0.136	0.123	0.148	0.163	0.129	0.148	0.136	0.14	0.15	0.165	0.01	0.202	0.178	0.283	0.017	0.178	0.022	0.135	0.168	0.159	0.199	0.166	0.247	0.244	0.291	0.269	0.204	0.268	0.204	0.204	0.207	0.16	0.2	0.017	0.161	0.165	0.15	0.163	0.148	0.182	0.163	0.166	0.191	0.021	
Chromosome	4619545	A	C	0.183	0.234	0.295	0.253	0.145	0.265	0.229	0.267	0.221	0.242	0.322	0.252	0.224	0.197	0.173	0.206	0.242	0.21	0.272	0.28	0.225	0.293	0.238	0.256	0.28	0.168	0.253	0.15	0.219	0.167	0.197	0.202	0.186	0.201	0.168	0.0	0.177	0.286	0.215	0.0	0.219	0.0	0.206	0.212	0.219	0.206	0.191	0.2	0.223	0.221	0.295	0.32	0.177	0.263	0.282	0.318	0.283	0.241	0.0	0.239	0.172	0.163	0.167	0.214	0.249	0.205	0.162	0.191	0.0	
Chromosome	4619554	A	C	0.164	0.122	0.116	0.24	0.08	0.206	0.213	0.211	0.084	0.273	0.258	0.234	0.137	0.146	0.118	0.132	0.079	0.186	0.203	0.232	0.207	0.25	0.24	0.227	0.15	0.114	0.109	0.085	0.128	0.166	0.198	0.114	0.197	0.188	0.191	0.006	0.172	0.247	0.194	0.0	0.229	0.0	0.086	0.193	0.212	0.195	0.146	0.178	0.214	0.215	0.224	0.177	0.156	0.191	0.196	0.176	0.098	0.083	0.0	0.186	0.146	0.16	0.111	0.139	0.206	0.218	0.171	0.163	0.0	
Chromosome	4639740	A	C	0.103	0.23	0.218	0.254	0.077	0.239	0.208	0.314	0.24	0.254	0.246	0.234	0.164	0.141	0.153	0.286	0.268	0.217	0.248	0.173	0.263	0.284	0.177	0.169	0.267	0.132	0.132	0.111	0.145	0.113	0.12	0.108	0.157	0.125	0.111	0.014	0.189	0.18	0.19	0.005	0.218	0.0	0.219	0.233	0.132	0.125	0.115	0.232	0.265	0.212	0.268	0.262	0.243	0.363	0.214	0.16	0.251	0.202	0.005	0.134	0.124	0.127	0.169	0.175	0.171	0.149	0.122	0.122	0.006	
Chromosome	4709847	G	GC	0.017	0.234	0.157	0.0	0.125	0.014	0.0	0.0	0.005	0.014	0.01	0.242	0.005	0.022	0.019	0.188	0.0	0.276	0.932	0.022	0.0	0.014	0.008	0.005	0.119	0.014	0.012	0.036	0.01	0.007	0.011	0.23	0.007	0.0	0.007	0.017	0.189	0.011	0.008	0.0	0.023	0.006	0.014	0.021	0.018	0.004	0.002	0.0	0.006	0.008	0.007	0.007	0.19	0.02	0.018	0.0	0.007	0.009	0.006	0.011	0.02	0.008	0.015	0.018	0.005	0.027	0.012	0.08	0.018	
Chromosome	4724239	C	G	0.013	0.045	0.067	0.043	0.005	0.045	0.01	0.039	0.034	0.016	0.036	0.01	0.034	0.009	0.022	0.079	0.08	0.079	0.029	0.009	0.052	0.044	0.024	0.031	0.059	0.027	0.02	0.016	0.015	0.0	0.004	0.008	0.01	0.0	0.0	0.005	0.0	0.025	0.028	0.0	0.025	0.0	0.024	0.007	0.015	0.0	0.007	0.083	0.02	0.066	0.043	0.03	0.03	0.045	0.052	0.131	0.111	0.053	0.006	0.0	0.003	0.009	0.032	0.009	0.009	0.015	0.015	0.01	0.0	
Chromosome	4724242	G	C	0.222	0.207	0.324	0.253	0.172	0.247	0.248	0.245	0.321	0.261	0.251	0.255	0.217	0.187	0.201	0.304	0.25	0.205	0.265	0.33	0.286	0.295	0.258	0.222	0.327	0.208	0.202	0.176	0.162	0.3	0.212	0.255	0.221	0.226	0.193	0.0	0.203	0.259	0.235	0.005	0.252	0.0	0.234	0.264	0.235	0.233	0.235	0.369	0.29	0.315	0.309	0.196	0.235	0.31	0.25	0.34	0.319	0.283	0.006	0.218	0.205	0.206	0.198	0.214	0.276	0.215	0.238	0.141	0.0	
Chromosome	4724246	A	C	0.306	0.22	0.297	0.348	0.171	0.299	0.304	0.243	0.243	0.289	0.344	0.258	0.223	0.244	0.235	0.284	0.262	0.278	0.311	0.315	0.245	0.342	0.275	0.318	0.268	0.261	0.269	0.232	0.23	0.31	0.277	0.203	0.235	0.269	0.275	0.0	0.272	0.29	0.267	0.0	0.327	0.006	0.157	0.354	0.294	0.358	0.288	0.386	0.398	0.367	0.33	0.206	0.277	0.389	0.23	0.233	0.248	0.219	0.0	0.281	0.263	0.26	0.281	0.251	0.312	0.275	0.296	0.192	0.0	
Chromosome	4738601	T	G	0.179	0.258	0.21	0.297	0.07	0.196	0.211	0.261	0.184	0.199	0.215	0.208	0.181	0.141	0.131	0.231	0.247	0.348	0.21	0.277	0.194	0.268	0.255	0.246	0.207	0.138	0.145	0.158	0.209	0.157	0.132	0.082	0.152	0.193	0.133	0.0	0.202	0.177	0.219	0.011	0.212	0.0	0.188	0.241	0.133	0.138	0.187	0.25	0.208	0.254	0.261	0.229	0.239	0.279	0.229	0.2	0.233	0.288	0.0	0.134	0.163	0.163	0.163	0.142	0.234	0.193	0.164	0.15	0.006	
Chromosome	4795816	T	G	0.176	0.156	0.123	0.223	0.104	0.226	0.265	0.184	0.159	0.223	0.239	0.23	0.187	0.138	0.152	0.184	0.179	0.191	0.232	0.262	0.226	0.233	0.22	0.223	0.12	0.107	0.144	0.145	0.146	0.17	0.161	0.131	0.188	0.157	0.158	0.0	0.203	0.203	0.249	0.0	0.231	0.014	0.096	0.267	0.111	0.207	0.164	0.237	0.199	0.344	0.315	0.248	0.242	0.24	0.294	0.147	0.184	0.167	0.0	0.178	0.191	0.202	0.18	0.145	0.236	0.2	0.154	0.196	0.019	
Chromosome	4819342	T	G	0.067	0.146	0.117	0.15	0.047	0.104	0.075	0.149	0.17	0.07	0.079	0.078	0.08	0.094	0.042	0.134	0.167	0.152	0.099	0.137	0.136	0.042	0.141	0.127	0.127	0.061	0.067	0.089	0.062	0.067	0.067	0.047	0.057	0.062	0.075	0.009	0.103	0.09	0.053	0.011	0.107	0.0	0.112	0.103	0.08	0.076	0.081	0.108	0.127	0.114	0.136	0.139	0.093	0.14	0.119	0.13	0.119	0.109	0.007	0.057	0.082	0.073	0.059	0.046	0.084	0.04	0.051	0.062	0.0	
Chromosome	4910340	A	C	0.158	0.155	0.127	0.175	0.098	0.189	0.195	0.207	0.127	0.177	0.157	0.167	0.15	0.091	0.099	0.109	0.147	0.182	0.169	0.174	0.241	0.2	0.199	0.206	0.176	0.122	0.111	0.103	0.117	0.09	0.111	0.126	0.125	0.132	0.126	0.011	0.193	0.183	0.197	0.017	0.203	0.011	0.113	0.155	0.145	0.138	0.113	0.118	0.176	0.219	0.191	0.167	0.23	0.168	0.2	0.175	0.153	0.132	0.006	0.156	0.12	0.1	0.123	0.117	0.133	0.141	0.124	0.123	0.009	
Chromosome	4948863	G	C	0.16	0.219	0.221	0.276	0.16	0.202	0.239	0.254	0.289	0.191	0.154	0.218	0.211	0.189	0.137	0.188	0.152	0.169	0.366	0.267	0.271	0.252	0.272	0.244	0.31	0.128	0.193	0.151	0.184	0.221	0.227	0.164	0.143	0.169	0.2	0.0	0.184	0.175	0.218	0.0	0.184	0.0	0.164	0.195	0.189	0.174	0.172	0.2	0.231	0.202	0.206	0.236	0.186	0.248	0.297	0.233	0.268	0.196	0.0	0.194	0.219	0.21	0.145	0.144	0.178	0.227	0.181	0.19	0.0	
Chromosome	4948868	T	G	0.188	0.194	0.16	0.263	0.117	0.217	0.29	0.282	0.193	0.254	0.245	0.267	0.157	0.175	0.134	0.16	0.123	0.244	0.353	0.357	0.28	0.333	0.274	0.236	0.203	0.187	0.165	0.176	0.198	0.181	0.21	0.129	0.154	0.203	0.19	0.0	0.259	0.212	0.23	0.006	0.221	0.0	0.109	0.271	0.223	0.159	0.172	0.242	0.248	0.311	0.252	0.239	0.192	0.26	0.333	0.231	0.221	0.169	0.0	0.211	0.226	0.247	0.12	0.186	0.174	0.221	0.226	0.217	0.0	
Chromosome	4987024	A	C	0.1	0.181	0.166	0.155	0.072	0.16	0.167	0.115	0.208	0.107	0.093	0.142	0.058	0.081	0.074	0.128	0.148	0.221	0.16	0.151	0.195	0.129	0.154	0.144	0.171	0.067	0.078	0.069	0.056	0.069	0.064	0.065	0.098	0.064	0.068	0.0	0.115	0.076	0.133	0.0	0.113	0.0	0.085	0.136	0.07	0.039	0.068	0.162	0.142	0.168	0.206	0.138	0.103	0.214	0.262	0.125	0.138	0.135	0.0	0.053	0.062	0.051	0.078	0.063	0.106	0.053	0.058	0.052	0.007	
Chromosome	5115073	C	G	0.033	0.104	0.101	0.081	0.029	0.083	0.073	0.077	0.092	0.042	0.065	0.063	0.032	0.063	0.009	0.107	0.151	0.1	0.09	0.082	0.071	0.1	0.085	0.064	0.048	0.03	0.059	0.038	0.044	0.028	0.022	0.028	0.03	0.026	0.011	0.0	0.049	0.026	0.068	0.006	0.057	0.0	0.063	0.033	0.025	0.03	0.031	0.073	0.131	0.07	0.059	0.085	0.108	0.075	0.139	0.079	0.106	0.088	0.005	0.032	0.028	0.013	0.025	0.076	0.067	0.03	0.033	0.035	0.0	
Chromosome	5115075	T	G	0.082	0.11	0.163	0.215	0.053	0.227	0.16	0.148	0.143	0.117	0.136	0.164	0.113	0.093	0.122	0.188	0.2	0.132	0.172	0.203	0.206	0.12	0.255	0.183	0.126	0.101	0.085	0.064	0.119	0.094	0.131	0.06	0.091	0.098	0.108	0.006	0.134	0.12	0.201	0.0	0.118	0.0	0.108	0.112	0.1	0.108	0.095	0.165	0.214	0.175	0.172	0.168	0.186	0.181	0.196	0.237	0.145	0.155	0.005	0.105	0.119	0.073	0.123	0.111	0.144	0.11	0.104	0.137	0.007	
Chromosome	5130927	C	G	0.107	0.14	0.142	0.121	0.082	0.221	0.125	0.215	0.137	0.161	0.1	0.138	0.136	0.082	0.134	0.151	0.255	0.237	0.136	0.189	0.16	0.226	0.173	0.119	0.157	0.111	0.099	0.108	0.113	0.132	0.112	0.152	0.153	0.137	0.101	0.0	0.169	0.183	0.172	0.0	0.179	0.0	0.118	0.161	0.129	0.127	0.133	0.148	0.186	0.135	0.118	0.126	0.163	0.218	0.123	0.271	0.2	0.143	0.0	0.093	0.089	0.139	0.119	0.155	0.183	0.13	0.115	0.113	0.0	
Chromosome	5130928	A	C,G	0.0	0.0	0.0	0.0	0.0	0.0	0.0	0.0	0.0	0.0	0.0	0.0	0.0	0.0	0.0	0.0	0.0	0.0	0.0	0.0	0.0	0.0	0.0	0.0	0.0	0.0	0.0	0.0	0.0	0.0	0.0	0.0	0.0	0.0	0.0	0.0	0.0	0.0	0.0	0.0	0.0	0.0	0.0	0.0	0.0	0.0	0.0	0.0	0.0	0.0	0.0	0.0	0.0	0.0	0.0	0.0	0.0	0.0	0.0	0.0	0.0	0.0	0.0	0.0	0.0	0.0	0.0	0.0	0.0	
Chromosome	5130937	T	G	0.169	0.151	0.153	0.219	0.115	0.267	0.211	0.31	0.163	0.263	0.168	0.215	0.185	0.127	0.164	0.132	0.172	0.32	0.226	0.245	0.306	0.336	0.298	0.204	0.097	0.136	0.137	0.136	0.153	0.199	0.189	0.094	0.207	0.208	0.158	0.0	0.279	0.272	0.248	0.0	0.271	0.013	0.094	0.224	0.187	0.196	0.17	0.238	0.264	0.19	0.258	0.224	0.281	0.371	0.215	0.194	0.142	0.171	0.0	0.18	0.19	0.194	0.119	0.182	0.248	0.174	0.18	0.172	0.0	
Chromosome	5231357	T	G	0.108	0.14	0.113	0.1	0.115	0.082	0.137	0.089	0.134	0.062	0.074	0.105	0.128	0.136	0.084	0.158	0.187	0.113	0.076	0.074	0.079	0.118	0.112	0.114	0.097	0.104	0.109	0.132	0.108	0.111	0.076	0.109	0.071	0.107	0.089	0.005	0.129	0.111	0.094	0.006	0.115	0.0	0.083	0.113	0.101	0.096	0.076	0.111	0.082	0.145	0.162	0.136	0.065	0.076	0.129	0.161	0.1	0.116	0.0	0.106	0.123	0.085	0.12	0.103	0.121	0.091	0.069	0.091	0.0	
Chromosome	5461789	T	G	0.108	0.316	0.327	0.353	0.107	0.359	0.451	0.46	0.412	0.349	0.333	0.346	0.225	0.197	0.174	0.5	0.404	0.315	0.39	0.494	0.459	0.457	0.602	0.455	0.442	0.239	0.237	0.217	0.231	0.174	0.22	0.145	0.17	0.168	0.167	0.0	0.33	0.357	0.409	0.008	0.326	0.006	0.263	0.33	0.181	0.164	0.215	0.327	0.487	0.46	0.532	0.438	0.352	0.44	0.413	0.6	0.472	0.342	0.011	0.163	0.144	0.082	0.179	0.278	0.232	0.118	0.137	0.175	0.01	
Chromosome	5468002	A	C	0.038	0.146	0.108	0.121	0.044	0.124	0.084	0.069	0.091	0.123	0.102	0.093	0.083	0.074	0.105	0.121	0.118	0.1	0.148	0.086	0.056	0.084	0.055	0.085	0.106	0.069	0.025	0.087	0.071	0.053	0.044	0.075	0.078	0.053	0.032	0.007	0.095	0.078	0.068	0.0	0.095	0.006	0.09	0.077	0.031	0.065	0.055	0.043	0.086	0.081	0.143	0.067	0.108	0.129	0.115	0.205	0.089	0.122	0.006	0.054	0.069	0.077	0.082	0.066	0.103	0.048	0.057	0.094	0.006	
Chromosome	5473426	A	C	0.113	0.102	0.094	0.219	0.067	0.193	0.205	0.216	0.11	0.161	0.175	0.13	0.067	0.074	0.106	0.108	0.129	0.222	0.194	0.227	0.316	0.27	0.171	0.186	0.171	0.053	0.1	0.087	0.079	0.093	0.081	0.036	0.126	0.087	0.1	0.016	0.073	0.213	0.114	0.0	0.127	0.0	0.042	0.142	0.108	0.129	0.097	0.083	0.239	0.162	0.176	0.194	0.149	0.202	0.179	0.148	0.121	0.14	0.0	0.075	0.108	0.058	0.077	0.094	0.132	0.103	0.14	0.125	0.007	
Chromosome	5499064	A	C	0.042	0.142	0.092	0.092	0.006	0.085	0.143	0.171	0.072	0.069	0.063	0.06	0.057	0.04	0.034	0.088	0.107	0.068	0.066	0.099	0.149	0.103	0.102	0.149	0.078	0.029	0.038	0.047	0.074	0.027	0.024	0.026	0.039	0.04	0.045	0.0	0.057	0.039	0.077	0.007	0.075	0.0	0.052	0.071	0.043	0.027	0.038	0.092	0.162	0.11	0.147	0.175	0.15	0.109	0.159	0.135	0.064	0.088	0.0	0.043	0.035	0.019	0.027	0.036	0.081	0.017	0.043	0.04	0.0	
Chromosome	5504057	G	C	0.004	0.093	0.05	0.024	0.007	0.011	0.0	0.051	0.062	0.022	0.026	0.032	0.036	0.025	0.017	0.083	0.072	0.025	0.019	0.038	0.056	0.105	0.019	0.058	0.093	0.016	0.02	0.0	0.013	0.009	0.013	0.005	0.025	0.007	0.007	0.0	0.038	0.026	0.054	0.0	0.025	0.006	0.038	0.048	0.015	0.004	0.005	0.013	0.02	0.043	0.019	0.031	0.049	0.034	0.011	0.138	0.124	0.095	0.012	0.017	0.006	0.004	0.0	0.021	0.029	0.019	0.019	0.014	0.007	
Chromosome	5521106	A	C	0.049	0.139	0.127	0.163	0.036	0.13	0.189	0.122	0.146	0.126	0.139	0.124	0.078	0.068	0.053	0.158	0.144	0.132	0.13	0.162	0.131	0.142	0.173	0.123	0.136	0.086	0.057	0.058	0.071	0.068	0.08	0.056	0.058	0.081	0.051	0.0	0.078	0.071	0.133	0.0	0.138	0.006	0.121	0.11	0.059	0.059	0.072	0.176	0.195	0.212	0.2	0.144	0.163	0.19	0.204	0.057	0.145	0.105	0.004	0.053	0.072	0.077	0.109	0.093	0.082	0.077	0.051	0.078	0.0	
Chromosome	5521109	A	C	0.077	0.133	0.113	0.109	0.03	0.151	0.144	0.111	0.146	0.139	0.135	0.081	0.082	0.05	0.068	0.157	0.189	0.169	0.147	0.154	0.19	0.153	0.109	0.133	0.135	0.095	0.119	0.06	0.066	0.06	0.076	0.053	0.09	0.058	0.05	0.0	0.091	0.134	0.139	0.011	0.178	0.0	0.094	0.114	0.04	0.042	0.075	0.179	0.18	0.167	0.189	0.174	0.131	0.214	0.155	0.121	0.139	0.156	0.0	0.076	0.052	0.096	0.112	0.075	0.087	0.063	0.062	0.057	0.006	
Chromosome	5649824	A	C	0.038	0.146	0.145	0.131	0.0	0.132	0.204	0.11	0.116	0.084	0.153	0.107	0.041	0.021	0.066	0.165	0.157	0.161	0.156	0.141	0.13	0.155	0.189	0.156	0.127	0.065	0.057	0.046	0.049	0.04	0.053	0.056	0.063	0.037	0.043	0.0	0.077	0.151	0.12	0.02	0.12	0.006	0.046	0.132	0.039	0.059	0.068	0.158	0.154	0.163	0.244	0.165	0.145	0.221	0.157	0.074	0.161	0.134	0.012	0.063	0.031	0.034	0.069	0.054	0.055	0.023	0.078	0.039	0.0	
Chromosome	5693406	T	TGG	0.009	0.0	0.0	0.017	0.0	0.0	0.014	0.027	0.016	0.013	0.0	0.0	0.007	0.0	0.0	0.0	0.0	0.022	0.0	0.012	0.0	0.0	0.022	0.014	0.008	0.0	0.006	0.0	0.0	0.009	0.005	0.0	0.005	0.0	0.0	0.0	0.007	0.009	0.0	0.0	0.0	0.0	0.0	0.014	0.014	0.005	0.0	0.0	0.024	0.041	0.033	0.029	0.024	0.012	0.019	0.0	0.0	0.0	0.0	0.0	0.0	0.004	0.0	0.0	0.006	0.004	0.014	0.0	0.0	
Chromosome	5693409	C	G	0.205	0.37	0.408	0.339	0.115	0.458	0.42	0.361	0.413	0.286	0.275	0.295	0.238	0.159	0.164	0.525	0.508	0.348	0.316	0.427	0.388	0.347	0.42	0.432	0.374	0.217	0.246	0.267	0.244	0.248	0.23	0.26	0.245	0.208	0.2	0.0	0.291	0.274	0.224	0.0	0.196	0.0	0.21	0.281	0.193	0.258	0.211	0.348	0.524	0.549	0.461	0.455	0.434	0.378	0.37	0.629	0.437	0.394	0.0	0.242	0.238	0.229	0.248	0.239	0.322	0.243	0.225	0.17	0.0	
Chromosome	5753558	A	C	0.077	0.133	0.089	0.136	0.011	0.26	0.148	0.171	0.106	0.113	0.133	0.094	0.119	0.096	0.091	0.156	0.149	0.154	0.138	0.147	0.164	0.133	0.161	0.142	0.066	0.059	0.101	0.041	0.056	0.058	0.045	0.065	0.042	0.073	0.073	0.006	0.105	0.064	0.106	0.0	0.156	0.006	0.034	0.085	0.085	0.064	0.069	0.153	0.187	0.167	0.19	0.144	0.22	0.222	0.21	0.107	0.157	0.081	0.017	0.053	0.074	0.061	0.08	0.066	0.084	0.034	0.061	0.059	0.0	
Chromosome	5787036	T	G	0.042	0.158	0.162	0.125	0.046	0.212	0.202	0.194	0.117	0.101	0.089	0.077	0.075	0.094	0.076	0.159	0.077	0.211	0.267	0.234	0.26	0.289	0.269	0.127	0.103	0.061	0.082	0.077	0.078	0.037	0.054	0.036	0.041	0.032	0.033	0.0	0.112	0.097	0.128	0.008	0.102	0.007	0.122	0.115	0.044	0.048	0.052	0.25	0.219	0.239	0.297	0.269	0.256	0.287	0.252	0.255	0.143	0.107	0.0	0.056	0.055	0.06	0.111	0.113	0.08	0.052	0.036	0.025	0.0	
Chromosome	5812482	A	C	0.256	0.482	0.423	0.312	0.248	0.364	0.286	0.176	0.433	0.274	0.256	0.256	0.232	0.276	0.298	0.516	0.469	0.357	0.236	0.3	0.447	0.264	0.375	0.394	0.43	0.339	0.29	0.267	0.379	0.224	0.271	0.217	0.243	0.243	0.247	0.006	0.34	0.26	0.306	0.036	0.263	0.006	0.41	0.374	0.302	0.23	0.234	0.362	0.365	0.422	0.321	0.273	0.357	0.362	0.512	0.263	0.417	0.381	0.0	0.25	0.252	0.225	0.308	0.432	0.394	0.266	0.202	0.209	0.007	
Chromosome	5815219	A	C	0.067	0.092	0.071	0.076	0.064	0.057	0.058	0.078	0.046	0.066	0.117	0.071	0.067	0.047	0.094	0.1	0.132	0.092	0.035	0.033	0.055	0.067	0.08	0.067	0.064	0.07	0.059	0.085	0.041	0.052	0.036	0.071	0.057	0.065	0.034	0.005	0.052	0.084	0.071	0.0	0.085	0.0	0.088	0.068	0.037	0.054	0.054	0.111	0.089	0.103	0.113	0.108	0.092	0.064	0.077	0.097	0.028	0.036	0.0	0.044	0.059	0.047	0.097	0.058	0.061	0.063	0.032	0.039	0.0	
Chromosome	5884206	A	C	0.112	0.12	0.065	0.09	0.089	0.187	0.179	0.103	0.062	0.113	0.131	0.128	0.073	0.1	0.101	0.074	0.094	0.141	0.089	0.087	0.087	0.124	0.035	0.141	0.097	0.071	0.073	0.061	0.074	0.08	0.127	0.066	0.107	0.106	0.062	0.0	0.152	0.1	0.157	0.008	0.123	0.0	0.14	0.126	0.053	0.078	0.083	0.155	0.147	0.188	0.181	0.105	0.092	0.102	0.095	0.111	0.081	0.071	0.0	0.091	0.066	0.079	0.053	0.094	0.067	0.114	0.119	0.096	0.0	
Chromosome	5917291	A	C	0.095	0.193	0.136	0.158	0.048	0.127	0.248	0.237	0.134	0.102	0.107	0.132	0.056	0.165	0.116	0.13	0.223	0.156	0.169	0.211	0.188	0.175	0.201	0.116	0.131	0.09	0.126	0.108	0.114	0.098	0.093	0.074	0.074	0.113	0.076	0.007	0.149	0.2	0.116	0.007	0.126	0.006	0.087	0.105	0.096	0.089	0.096	0.194	0.23	0.186	0.265	0.219	0.264	0.229	0.185	0.273	0.153	0.11	0.0	0.098	0.1	0.068	0.114	0.121	0.101	0.083	0.078	0.071	0.008	
Chromosome	6065279	A	C	0.132	0.166	0.196	0.177	0.092	0.213	0.229	0.288	0.165	0.171	0.211	0.178	0.14	0.127	0.136	0.215	0.134	0.203	0.27	0.198	0.23	0.222	0.204	0.207	0.184	0.102	0.126	0.117	0.118	0.119	0.136	0.049	0.13	0.136	0.117	0.0	0.129	0.199	0.181	0.0	0.173	0.0	0.161	0.157	0.11	0.107	0.121	0.198	0.196	0.284	0.145	0.16	0.215	0.28	0.21	0.2	0.21	0.181	0.0	0.152	0.167	0.17	0.132	0.108	0.122	0.111	0.13	0.125	0.0	
Chromosome	6075172	A	C	0.13	0.299	0.322	0.286	0.133	0.18	0.25	0.229	0.3	0.239	0.237	0.211	0.198	0.181	0.189	0.258	0.344	0.211	0.317	0.211	0.241	0.17	0.197	0.258	0.253	0.241	0.213	0.235	0.195	0.18	0.16	0.2	0.152	0.187	0.184	0.006	0.285	0.252	0.289	0.0	0.254	0.007	0.296	0.24	0.184	0.16	0.143	0.314	0.188	0.24	0.219	0.222	0.26	0.152	0.232	0.341	0.333	0.328	0.006	0.155	0.168	0.176	0.206	0.226	0.167	0.176	0.148	0.163	0.0	
Chromosome	6135889	T	G	0.068	0.151	0.15	0.174	0.045	0.228	0.201	0.267	0.148	0.14	0.163	0.132	0.118	0.12	0.104	0.127	0.141	0.179	0.236	0.245	0.292	0.219	0.175	0.139	0.158	0.108	0.13	0.168	0.131	0.068	0.057	0.079	0.062	0.082	0.079	0.0	0.162	0.145	0.147	0.016	0.134	0.0	0.105	0.157	0.098	0.069	0.092	0.274	0.24	0.203	0.239	0.27	0.183	0.2	0.227	0.194	0.173	0.166	0.006	0.066	0.11	0.081	0.136	0.144	0.178	0.095	0.071	0.067	0.007	
Chromosome	6135898	A	C	0.048	0.154	0.12	0.109	0.038	0.276	0.254	0.287	0.133	0.132	0.151	0.101	0.114	0.079	0.117	0.14	0.126	0.133	0.25	0.295	0.341	0.252	0.239	0.123	0.168	0.084	0.066	0.092	0.075	0.048	0.046	0.042	0.054	0.073	0.048	0.0	0.145	0.132	0.119	0.0	0.119	0.0	0.044	0.122	0.078	0.059	0.039	0.24	0.247	0.262	0.245	0.261	0.254	0.178	0.265	0.162	0.138	0.148	0.006	0.047	0.044	0.054	0.101	0.084	0.135	0.045	0.065	0.061	0.0	
Chromosome	6255217	A	C	0.094	0.111	0.063	0.137	0.107	0.12	0.144	0.154	0.13	0.124	0.097	0.084	0.118	0.083	0.098	0.119	0.103	0.158	0.112	0.11	0.117	0.117	0.13	0.071	0.13	0.075	0.062	0.103	0.056	0.073	0.058	0.077	0.084	0.066	0.075	0.0	0.11	0.126	0.101	0.0	0.066	0.018	0.055	0.093	0.108	0.099	0.078	0.093	0.172	0.067	0.131	0.109	0.144	0.146	0.13	0.047	0.066	0.084	0.006	0.084	0.076	0.074	0.058	0.084	0.082	0.066	0.086	0.093	0.007	
Chromosome	6255220	T	G	0.142	0.15	0.131	0.28	0.103	0.232	0.268	0.283	0.103	0.22	0.176	0.2	0.15	0.105	0.096	0.14	0.192	0.245	0.282	0.277	0.226	0.242	0.167	0.265	0.144	0.108	0.107	0.109	0.103	0.121	0.151	0.09	0.19	0.135	0.165	0.0	0.287	0.191	0.222	0.0	0.239	0.006	0.091	0.223	0.141	0.165	0.145	0.256	0.326	0.183	0.301	0.25	0.307	0.328	0.259	0.128	0.115	0.097	0.0	0.145	0.146	0.14	0.102	0.118	0.222	0.133	0.139	0.18	0.0	
Chromosome	6285462	A	C	0.054	0.068	0.028	0.075	0.008	0.176	0.083	0.16	0.045	0.104	0.102	0.08	0.052	0.032	0.046	0.058	0.034	0.091	0.181	0.172	0.183	0.217	0.167	0.106	0.059	0.067	0.072	0.024	0.071	0.046	0.049	0.022	0.04	0.058	0.035	0.0	0.102	0.135	0.094	0.0	0.038	0.006	0.037	0.162	0.052	0.05	0.033	0.22	0.112	0.218	0.176	0.14	0.142	0.179	0.136	0.0	0.051	0.034	0.0	0.076	0.068	0.027	0.044	0.052	0.052	0.043	0.055	0.064	0.0	
Chromosome	6336530	A	C	0.311	0.371	0.433	0.492	0.194	0.423	0.479	0.549	0.364	0.373	0.504	0.319	0.339	0.379	0.409	0.457	0.65	0.426	0.444	0.552	0.448	0.57	0.522	0.415	0.514	0.338	0.433	0.349	0.387	0.218	0.247	0.255	0.307	0.271	0.27	0.0	0.387	0.421	0.424	0.006	0.408	0.0	0.385	0.372	0.288	0.293	0.241	0.548	0.438	0.586	0.506	0.373	0.5	0.523	0.534	0.667	0.585	0.403	0.0	0.255	0.285	0.199	0.331	0.267	0.395	0.258	0.247	0.301	0.0	
Chromosome	6365110	A	C	0.056	0.117	0.083	0.074	0.06	0.084	0.152	0.08	0.093	0.109	0.088	0.089	0.056	0.077	0.057	0.083	0.13	0.134	0.099	0.136	0.121	0.099	0.113	0.088	0.068	0.057	0.047	0.05	0.085	0.066	0.089	0.04	0.05	0.064	0.043	0.005	0.094	0.095	0.093	0.0	0.119	0.0	0.06	0.073	0.07	0.038	0.068	0.102	0.114	0.089	0.112	0.125	0.136	0.145	0.089	0.07	0.087	0.065	0.0	0.07	0.046	0.061	0.057	0.067	0.073	0.057	0.064	0.037	0.0	
Chromosome	6398023	T	G	0.035	0.13	0.084	0.108	0.0	0.056	0.062	0.102	0.098	0.039	0.048	0.073	0.028	0.048	0.045	0.082	0.112	0.078	0.059	0.136	0.119	0.099	0.089	0.103	0.085	0.037	0.068	0.057	0.017	0.038	0.031	0.013	0.035	0.045	0.048	0.0	0.059	0.043	0.043	0.0	0.055	0.0	0.037	0.07	0.033	0.037	0.055	0.094	0.128	0.09	0.068	0.084	0.053	0.088	0.111	0.079	0.063	0.101	0.006	0.061	0.044	0.042	0.039	0.034	0.062	0.037	0.057	0.033	0.0	
Chromosome	6458276	T	G	0.134	0.174	0.168	0.144	0.135	0.17	0.152	0.155	0.139	0.152	0.154	0.131	0.119	0.164	0.163	0.152	0.081	0.123	0.133	0.088	0.157	0.154	0.132	0.136	0.123	0.148	0.145	0.118	0.147	0.113	0.143	0.093	0.155	0.125	0.07	0.0	0.131	0.146	0.176	0.005	0.155	0.0	0.107	0.149	0.11	0.117	0.096	0.135	0.134	0.165	0.195	0.145	0.179	0.197	0.138	0.026	0.106	0.125	0.0	0.105	0.119	0.112	0.127	0.101	0.114	0.103	0.122	0.066	0.0	
Chromosome	6478690	A	C	0.176	0.201	0.206	0.275	0.093	0.306	0.242	0.271	0.244	0.223	0.195	0.215	0.174	0.205	0.192	0.207	0.183	0.27	0.239	0.265	0.26	0.193	0.248	0.271	0.253	0.176	0.176	0.124	0.199	0.203	0.196	0.146	0.195	0.176	0.141	0.0	0.27	0.287	0.257	0.006	0.327	0.0	0.112	0.229	0.196	0.202	0.182	0.363	0.285	0.252	0.296	0.308	0.305	0.296	0.255	0.241	0.199	0.18	0.0	0.193	0.166	0.147	0.188	0.162	0.247	0.124	0.19	0.182	0.023	
Chromosome	6478702	A	C	0.165	0.234	0.237	0.259	0.067	0.328	0.224	0.229	0.262	0.273	0.219	0.215	0.16	0.17	0.169	0.228	0.167	0.173	0.264	0.313	0.289	0.181	0.205	0.216	0.255	0.147	0.168	0.198	0.167	0.116	0.158	0.13	0.131	0.136	0.102	0.005	0.226	0.227	0.246	0.0	0.298	0.0	0.123	0.2	0.152	0.139	0.142	0.347	0.32	0.324	0.312	0.315	0.296	0.268	0.261	0.222	0.224	0.273	0.005	0.154	0.117	0.124	0.164	0.186	0.224	0.088	0.134	0.114	0.007	
Chromosome	6501291	C	G	0.217	0.276	0.274	0.246	0.25	0.211	0.201	0.196	0.331	0.28	0.243	0.194	0.263	0.18	0.253	0.272	0.347	0.213	0.212	0.205	0.214	0.209	0.226	0.284	0.329	0.273	0.211	0.262	0.28	0.235	0.218	0.213	0.231	0.164	0.154	0.062	0.277	0.245	0.315	0.076	0.253	0.06	0.246	0.277	0.149	0.199	0.228	0.176	0.252	0.217	0.184	0.267	0.198	0.158	0.284	0.348	0.292	0.286	0.051	0.185	0.241	0.189	0.258	0.275	0.211	0.219	0.183	0.242	0.014	
Chromosome	6619890	A	C	0.027	0.12	0.115	0.146	0.026	0.08	0.073	0.075	0.06	0.087	0.1	0.11	0.057	0.034	0.049	0.062	0.072	0.11	0.072	0.076	0.053	0.086	0.051	0.097	0.091	0.058	0.058	0.01	0.051	0.039	0.015	0.017	0.04	0.048	0.035	0.0	0.101	0.07	0.034	0.006	0.069	0.0	0.042	0.101	0.027	0.045	0.04	0.078	0.142	0.077	0.08	0.094	0.096	0.048	0.091	0.125	0.057	0.096	0.006	0.052	0.047	0.034	0.042	0.021	0.049	0.02	0.024	0.018	0.0	
Chromosome	6635084	T	G	0.324	0.342	0.32	0.234	0.159	0.246	0.196	0.289	0.322	0.305	0.327	0.36	0.328	0.298	0.282	0.405	0.37	0.245	0.32	0.268	0.333	0.227	0.275	0.272	0.33	0.363	0.326	0.31	0.323	0.28	0.258	0.274	0.284	0.278	0.298	0.0	0.327	0.292	0.321	0.0	0.313	0.0	0.339	0.294	0.278	0.268	0.288	0.245	0.348	0.238	0.316	0.31	0.25	0.308	0.292	0.4	0.316	0.379	0.0	0.329	0.293	0.32	0.328	0.326	0.281	0.277	0.274	0.283	0.0	
Chromosome	6687516	C	G	0.122	0.385	0.349	0.193	0.094	0.203	0.172	0.16	0.435	0.179	0.184	0.199	0.247	0.231	0.15	0.415	0.488	0.211	0.25	0.325	0.234	0.275	0.271	0.211	0.392	0.191	0.206	0.23	0.189	0.061	0.075	0.163	0.144	0.091	0.084	0.0	0.184	0.171	0.158	0.0	0.121	0.0	0.253	0.158	0.102	0.113	0.102	0.269	0.315	0.235	0.258	0.314	0.139	0.281	0.229	0.558	0.367	0.383	0.0	0.093	0.099	0.071	0.189	0.224	0.174	0.119	0.094	0.076	0.0	
Chromosome	6687520	G	C	0.231	0.311	0.413	0.242	0.181	0.286	0.258	0.238	0.504	0.228	0.278	0.223	0.262	0.184	0.259	0.375	0.453	0.136	0.263	0.313	0.274	0.2	0.336	0.32	0.56	0.257	0.238	0.232	0.234	0.146	0.214	0.237	0.215	0.192	0.161	0.0	0.261	0.207	0.242	0.0	0.238	0.0	0.381	0.302	0.226	0.212	0.181	0.346	0.383	0.324	0.371	0.393	0.171	0.36	0.302	0.441	0.5	0.411	0.005	0.221	0.206	0.159	0.209	0.26	0.269	0.216	0.177	0.223	0.005	
Chromosome	6687524	T	G	0.332	0.291	0.372	0.348	0.115	0.434	0.459	0.475	0.46	0.342	0.451	0.34	0.288	0.226	0.232	0.425	0.429	0.333	0.458	0.512	0.505	0.57	0.53	0.45	0.446	0.277	0.215	0.257	0.276	0.27	0.319	0.195	0.285	0.314	0.265	0.0	0.447	0.368	0.432	0.0	0.394	0.012	0.245	0.444	0.299	0.311	0.257	0.525	0.611	0.5	0.592	0.5	0.578	0.471	0.426	0.429	0.311	0.333	0.004	0.296	0.303	0.247	0.204	0.318	0.328	0.289	0.293	0.267	0.005	
Chromosome	6687528	A	G,C	0.0	0.0	0.0	0.0	0.0	0.012	0.0	0.0	0.0	0.0	0.0	0.0	0.0	0.0	0.0	0.009	0.0	0.0	0.0	0.0	0.0	0.0	0.0	0.006	0.0	0.0	0.0	0.0	0.0	0.0	0.0	0.0	0.0	0.0	0.0	0.0	0.011	0.0	0.0	0.0	0.0	0.0	0.0	0.0	0.0	0.0	0.0	0.0	0.009	0.0	0.0	0.0	0.0	0.0	0.012	0.0	0.0	0.007	0.0	0.0	0.0	0.0	0.0	0.007	0.0	0.0	0.0	0.003	0.0	
Chromosome	6687534	G	GC	0.007	0.069	0.044	0.049	0.007	0.053	0.041	0.035	0.066	0.015	0.021	0.013	0.02	0.024	0.009	0.03	0.041	0.033	0.041	0.033	0.051	0.051	0.042	0.034	0.071	0.016	0.026	0.01	0.021	0.0	0.004	0.015	0.018	0.006	0.004	0.0	0.017	0.036	0.017	0.0	0.028	0.0	0.06	0.013	0.011	0.004	0.012	0.013	0.058	0.0	0.024	0.026	0.022	0.065	0.057	0.157	0.087	0.09	0.0	0.018	0.01	0.01	0.014	0.029	0.015	0.003	0.003	0.007	0.0	
Chromosome	6687723	A	C	0.063	0.122	0.137	0.08	0.088	0.034	0.093	0.043	0.087	0.108	0.102	0.08	0.082	0.135	0.066	0.093	0.111	0.078	0.104	0.039	0.074	0.113	0.063	0.079	0.07	0.11	0.094	0.105	0.094	0.043	0.048	0.077	0.095	0.053	0.056	0.0	0.084	0.063	0.106	0.005	0.121	0.0	0.074	0.088	0.098	0.068	0.066	0.086	0.107	0.068	0.058	0.089	0.083	0.084	0.048	0.115	0.08	0.053	0.004	0.071	0.1	0.055	0.092	0.055	0.072	0.074	0.061	0.059	0.0	
Chromosome	6689701	T	G	0.191	0.191	0.19	0.265	0.135	0.242	0.216	0.23	0.15	0.229	0.226	0.309	0.221	0.161	0.144	0.135	0.153	0.256	0.262	0.262	0.265	0.265	0.247	0.271	0.184	0.164	0.223	0.184	0.173	0.254	0.189	0.131	0.244	0.248	0.223	0.0	0.213	0.217	0.257	0.005	0.335	0.005	0.134	0.243	0.279	0.143	0.21	0.232	0.285	0.268	0.216	0.208	0.234	0.205	0.25	0.218	0.18	0.137	0.0	0.233	0.238	0.206	0.17	0.168	0.225	0.271	0.209	0.183	0.0	
Chromosome	6689708	G	C	0.153	0.319	0.322	0.268	0.128	0.22	0.274	0.263	0.257	0.22	0.203	0.291	0.27	0.201	0.179	0.297	0.295	0.247	0.271	0.239	0.283	0.271	0.227	0.212	0.295	0.211	0.251	0.222	0.187	0.188	0.138	0.157	0.188	0.169	0.151	0.0	0.184	0.216	0.185	0.005	0.311	0.005	0.183	0.246	0.205	0.16	0.187	0.225	0.274	0.266	0.259	0.246	0.191	0.193	0.235	0.375	0.313	0.265	0.0	0.154	0.19	0.164	0.239	0.231	0.177	0.196	0.143	0.183	0.0	
Chromosome	6689709	A	C	0.17	0.341	0.382	0.294	0.117	0.236	0.26	0.272	0.328	0.265	0.239	0.282	0.303	0.246	0.215	0.327	0.351	0.283	0.286	0.292	0.307	0.307	0.265	0.297	0.298	0.251	0.257	0.265	0.2	0.216	0.153	0.217	0.234	0.219	0.222	0.009	0.214	0.252	0.259	0.005	0.341	0.01	0.217	0.247	0.216	0.186	0.185	0.248	0.32	0.288	0.248	0.261	0.234	0.252	0.263	0.431	0.373	0.317	0.008	0.193	0.261	0.21	0.243	0.261	0.218	0.214	0.187	0.197	0.0	
Chromosome	6778445	A	C	0.117	0.273	0.271	0.198	0.106	0.236	0.159	0.199	0.245	0.182	0.18	0.221	0.224	0.193	0.236	0.3	0.27	0.214	0.214	0.144	0.16	0.269	0.287	0.244	0.26	0.239	0.215	0.223	0.219	0.145	0.135	0.188	0.169	0.141	0.178	0.146	0.205	0.268	0.227	0.218	0.211	0.211	0.19	0.263	0.162	0.211	0.164	0.23	0.25	0.295	0.179	0.209	0.182	0.215	0.148	0.369	0.254	0.265	0.182	0.191	0.181	0.17	0.234	0.23	0.232	0.159	0.145	0.203	0.226	
Chromosome	6778451	T	A	0.231	0.208	0.19	0.176	0.236	0.227	0.189	0.231	0.142	0.185	0.153	0.211	0.196	0.209	0.183	0.23	0.196	0.257	0.206	0.159	0.182	0.186	0.284	0.204	0.174	0.176	0.233	0.218	0.208	0.263	0.252	0.286	0.241	0.287	0.263	0.0	0.16	0.224	0.202	0.0	0.171	0.0	0.224	0.188	0.245	0.205	0.254	0.202	0.194	0.181	0.16	0.152	0.219	0.211	0.164	0.206	0.12	0.188	0.0	0.216	0.232	0.208	0.181	0.185	0.248	0.246	0.282	0.229	0.0	
Chromosome	6778460	G	C	0.212	0.292	0.239	0.268	0.152	0.338	0.173	0.278	0.264	0.234	0.211	0.276	0.235	0.201	0.232	0.358	0.265	0.246	0.25	0.16	0.228	0.245	0.333	0.237	0.235	0.218	0.175	0.237	0.224	0.211	0.207	0.267	0.248	0.245	0.258	0.089	0.212	0.275	0.257	0.149	0.235	0.18	0.243	0.284	0.281	0.258	0.229	0.297	0.248	0.315	0.241	0.226	0.259	0.266	0.208	0.418	0.265	0.258	0.146	0.238	0.255	0.228	0.238	0.203	0.283	0.266	0.236	0.237	0.13	
Chromosome	6913446	T	G	0.158	0.161	0.16	0.191	0.117	0.162	0.122	0.196	0.15	0.167	0.142	0.164	0.122	0.108	0.139	0.112	0.121	0.151	0.16	0.159	0.201	0.175	0.225	0.139	0.122	0.154	0.139	0.151	0.138	0.186	0.143	0.159	0.175	0.162	0.237	0.005	0.154	0.189	0.178	0.005	0.209	0.0	0.089	0.201	0.128	0.146	0.146	0.113	0.233	0.25	0.175	0.205	0.175	0.207	0.275	0.016	0.125	0.145	0.0	0.175	0.186	0.198	0.145	0.158	0.154	0.235	0.183	0.19	0.005	
Chromosome	6923330	T	G	0.29	0.46	0.412	0.466	0.253	0.352	0.347	0.411	0.365	0.397	0.421	0.319	0.333	0.374	0.324	0.472	0.587	0.472	0.467	0.396	0.397	0.383	0.427	0.39	0.423	0.307	0.372	0.351	0.382	0.258	0.264	0.271	0.31	0.292	0.261	0.0	0.392	0.372	0.322	0.0	0.42	0.006	0.265	0.283	0.261	0.294	0.261	0.339	0.411	0.474	0.417	0.493	0.376	0.471	0.507	0.588	0.413	0.437	0.0	0.261	0.3	0.279	0.36	0.294	0.352	0.236	0.273	0.232	0.014	
Chromosome	6923333	C	G	0.196	0.236	0.175	0.213	0.079	0.163	0.169	0.177	0.197	0.165	0.209	0.19	0.174	0.156	0.136	0.266	0.274	0.264	0.288	0.219	0.21	0.163	0.209	0.237	0.161	0.172	0.223	0.154	0.156	0.143	0.168	0.149	0.174	0.161	0.151	0.0	0.175	0.217	0.172	0.0	0.208	0.0	0.134	0.158	0.137	0.222	0.175	0.106	0.184	0.207	0.225	0.238	0.167	0.166	0.233	0.246	0.217	0.155	0.0	0.163	0.178	0.151	0.197	0.171	0.185	0.134	0.175	0.153	0.0	
Chromosome	6923335	A	C	0.23	0.327	0.244	0.268	0.167	0.234	0.256	0.336	0.232	0.278	0.272	0.238	0.218	0.259	0.206	0.286	0.424	0.346	0.358	0.269	0.266	0.289	0.295	0.29	0.264	0.244	0.278	0.245	0.262	0.218	0.217	0.208	0.226	0.219	0.207	0.0	0.328	0.267	0.236	0.01	0.306	0.0	0.144	0.213	0.23	0.25	0.221	0.193	0.284	0.285	0.279	0.267	0.26	0.254	0.292	0.273	0.329	0.279	0.01	0.233	0.221	0.207	0.252	0.207	0.223	0.18	0.201	0.24	0.007	
Chromosome	6923341	A	C	0.214	0.25	0.206	0.241	0.074	0.236	0.254	0.324	0.235	0.237	0.226	0.27	0.153	0.106	0.121	0.229	0.2	0.292	0.325	0.274	0.226	0.287	0.249	0.286	0.158	0.146	0.105	0.158	0.147	0.135	0.148	0.098	0.175	0.178	0.203	0.005	0.244	0.272	0.234	0.016	0.305	0.0	0.129	0.2	0.204	0.193	0.187	0.184	0.259	0.301	0.315	0.324	0.258	0.296	0.358	0.256	0.187	0.196	0.0	0.218	0.216	0.204	0.145	0.146	0.206	0.173	0.194	0.206	0.006	
Chromosome	6966376	T	G	0.285	0.5	0.486	0.379	0.341	0.413	0.413	0.413	0.54	0.416	0.309	0.425	0.448	0.357	0.442	0.483	0.545	0.41	0.383	0.276	0.327	0.306	0.373	0.401	0.476	0.483	0.439	0.405	0.444	0.352	0.329	0.396	0.346	0.312	0.312	0.0	0.355	0.342	0.365	0.0	0.273	0.0	0.41	0.392	0.327	0.396	0.323	0.394	0.346	0.365	0.368	0.378	0.429	0.364	0.301	0.308	0.398	0.47	0.0	0.304	0.335	0.345	0.511	0.354	0.393	0.324	0.346	0.338	0.0	
Chromosome	6966410	A	C	0.172	0.444	0.432	0.343	0.219	0.337	0.389	0.365	0.436	0.36	0.241	0.359	0.336	0.325	0.389	0.48	0.479	0.284	0.419	0.375	0.337	0.34	0.495	0.331	0.413	0.365	0.331	0.378	0.375	0.263	0.27	0.323	0.307	0.257	0.241	0.0	0.362	0.313	0.301	0.0	0.333	0.0	0.261	0.333	0.294	0.248	0.229	0.333	0.528	0.369	0.359	0.455	0.477	0.427	0.417	0.476	0.316	0.481	0.006	0.227	0.275	0.201	0.406	0.393	0.351	0.195	0.199	0.255	0.0	
