chromosome	pos	ref	mut	APAW	LzdC	LzdA	LzdB	Ana1	BedA	BedB	BedC	BedD	CipA	CipB	CipC	CLFA	CLFB	CLFC	CombA2	CombA3	CombA	CombAu1	CombAu3	CombAu5	CombB	CombC	CycloA	CycloB	CycloC	EMBA	EMBB	EMBC	INH1	INH2	INHA	M91	M92	M9B	MA_F1	MA_F2	MA_F3	MA_H1	MA_H2	MA_H3	MA_S1	MA_S2	MA_S3	MMCA	MMCB	MMCC	MockA	MockB	MockC	MockD	MockE	MockF	MockG	MockH	MockI	MockJ	MockK	MockL	NANOA	NANOB	NANOC	RIFA	RIFB	RIFC	UV1	UV2	UV3	WT_Msm
Chromosome	35052	T	A	0.163	0.329	0.147	0.169	0.091	0.242	0.257	0.277	0.177	0.232	0.177	0.209	0.115	0.113	0.073	0.151	0.184	0.247	0.289	0.267	0.205	0.29	0.208	0.368	0.175	0.083	0.108	0.181	0.104	0.218	0.185	0.139	0.221	0.211	0.163	0.0	0.26	0.183	0.219	0.0	0.192	0.0	0.12	0.241	0.185	0.197	0.212	0.289	0.279	0.258	0.315	0.289	0.326	0.392	0.299	0.25	0.2	0.169	0.0	0.206	0.186	0.142	0.125	0.073	0.244	0.153	0.224	0.168	0.0	
Chromosome	57112	A	C	0.187	0.316	0.008	0.031	0.078	0.217	0.229	0.168	0.042	0.218	0.208	0.251	0.074	0.107	0.107	0.045	0.034	0.274	0.212	0.264	0.225	0.233	0.206	0.272	0.03	0.072	0.082	0.085	0.079	0.188	0.172	0.037	0.189	0.151	0.149	0.0	0.164	0.182	0.235	0.0	0.238	0.006	0.05	0.189	0.212	0.198	0.19	0.216	0.236	0.206	0.221	0.272	0.273	0.195	0.228	0.051	0.03	0.036	0.009	0.183	0.167	0.183	0.098	0.101	0.225	0.199	0.191	0.18	0.006	
Chromosome	57124	A	C	0.278	0.361	0.104	0.11	0.188	0.272	0.292	0.272	0.13	0.286	0.326	0.326	0.207	0.178	0.188	0.142	0.111	0.284	0.296	0.372	0.336	0.313	0.306	0.364	0.086	0.15	0.198	0.19	0.168	0.254	0.263	0.127	0.246	0.231	0.224	0.005	0.284	0.254	0.308	0.0	0.302	0.012	0.159	0.257	0.269	0.273	0.262	0.344	0.284	0.302	0.256	0.25	0.289	0.295	0.325	0.111	0.07	0.107	0.004	0.224	0.254	0.235	0.173	0.207	0.311	0.307	0.275	0.272	0.012	
Chromosome	64992	T	G	0.148	0.302	0.298	0.246	0.15	0.294	0.305	0.25	0.251	0.171	0.238	0.23	0.174	0.157	0.208	0.27	0.26	0.276	0.337	0.376	0.369	0.325	0.306	0.257	0.188	0.17	0.184	0.168	0.178	0.136	0.128	0.12	0.176	0.125	0.14	0.028	0.22	0.283	0.287	0.022	0.29	0.015	0.195	0.228	0.193	0.177	0.154	0.349	0.34	0.421	0.366	0.394	0.373	0.364	0.368	0.222	0.261	0.27	0.006	0.189	0.15	0.113	0.23	0.221	0.22	0.121	0.148	0.162	0.067	
Chromosome	65001	A	C	0.148	0.251	0.226	0.254	0.099	0.358	0.298	0.298	0.303	0.251	0.247	0.336	0.211	0.201	0.171	0.294	0.235	0.371	0.396	0.439	0.471	0.317	0.361	0.23	0.254	0.219	0.232	0.221	0.235	0.163	0.164	0.131	0.248	0.182	0.174	0.0	0.255	0.25	0.265	0.007	0.304	0.0	0.172	0.219	0.208	0.158	0.185	0.345	0.429	0.337	0.325	0.398	0.336	0.387	0.371	0.324	0.272	0.256	0.0	0.119	0.196	0.172	0.242	0.174	0.21	0.17	0.17	0.152	0.0	
Chromosome	249685	T	G	0.142	0.207	0.276	0.245	0.141	0.373	0.327	0.294	0.225	0.256	0.203	0.226	0.188	0.19	0.165	0.264	0.302	0.259	0.252	0.416	0.333	0.319	0.35	0.219	0.204	0.211	0.199	0.234	0.165	0.121	0.144	0.089	0.155	0.146	0.125	0.0	0.23	0.227	0.235	0.0	0.19	0.029	0.196	0.23	0.139	0.123	0.12	0.357	0.331	0.375	0.236	0.362	0.324	0.324	0.435	0.344	0.255	0.217	0.0	0.137	0.141	0.121	0.219	0.157	0.229	0.175	0.132	0.127	0.0	
Chromosome	315407	A	C	0.034	0.154	0.058	0.067	0.0	0.121	0.13	0.113	0.091	0.078	0.057	0.095	0.061	0.022	0.03	0.059	0.083	0.08	0.107	0.126	0.15	0.103	0.135	0.143	0.048	0.058	0.057	0.033	0.065	0.056	0.055	0.05	0.06	0.037	0.034	0.0	0.082	0.068	0.128	0.0	0.118	0.0	0.025	0.062	0.032	0.038	0.057	0.092	0.176	0.132	0.129	0.112	0.098	0.1	0.126	0.052	0.022	0.056	0.005	0.052	0.079	0.055	0.064	0.061	0.073	0.041	0.035	0.052	0.0	
Chromosome	417971	T	A	0.145	0.166	0.19	0.23	0.06	0.152	0.169	0.145	0.198	0.142	0.104	0.123	0.162	0.12	0.098	0.213	0.196	0.121	0.137	0.16	0.157	0.167	0.199	0.174	0.206	0.114	0.118	0.109	0.092	0.158	0.133	0.167	0.132	0.109	0.111	0.0	0.117	0.173	0.133	0.0	0.091	0.0	0.135	0.104	0.194	0.155	0.15	0.074	0.152	0.193	0.162	0.211	0.107	0.134	0.203	0.324	0.234	0.167	0.0	0.158	0.146	0.142	0.121	0.092	0.159	0.15	0.142	0.134	0.0	
Chromosome	431649	CT	.	0.005	0.032	0.032	0.0	0.028	0.025	0.0	0.011	0.018	0.02	0.0	0.0	0.0	0.0	0.005	0.007	0.01	0.0	0.01	0.023	0.0	0.008	0.009	0.0	0.0	0.016	0.012	0.0	0.011	0.004	0.0	0.012	0.0	0.007	0.0	0.012	0.016	0.007	0.0	0.007	0.006	0.0	0.008	0.0	0.016	0.009	0.008	0.012	0.0	0.0	0.0	0.008	0.0	0.0	0.01	0.0	0.0	0.018	0.006	0.006	0.0	0.004	0.017	0.013	0.01	0.004	0.006	0.004	0.027	
Chromosome	431650	T	.	0.0	0.0	0.0	0.0	0.0	0.0	0.0	0.0	0.0	0.0	0.0	0.0	0.0	0.0	0.0	0.0	0.0	0.0	0.0	0.0	0.0	0.0	0.0	0.0	0.0	0.0	0.0	0.0	0.0	0.0	0.0	0.0	0.0	0.0	0.0	0.0	0.0	0.0	0.0	0.0	0.0	0.0	0.0	0.0	0.0	0.0	0.0	0.0	0.0	0.0	0.0	0.0	0.0	0.0	0.0	0.0	0.0	0.0	0.0	0.0	0.0	0.0	0.0	0.0	0.0	0.0	0.0	0.0	0.0	
Chromosome	499545	A	C	0.035	0.14	0.037	0.049	0.023	0.064	0.124	0.054	0.025	0.029	0.038	0.059	0.054	0.057	0.056	0.032	0.055	0.062	0.09	0.098	0.037	0.128	0.104	0.064	0.042	0.036	0.026	0.06	0.06	0.023	0.022	0.025	0.036	0.026	0.025	0.0	0.075	0.052	0.052	0.006	0.06	0.0	0.028	0.018	0.045	0.032	0.027	0.126	0.145	0.121	0.086	0.105	0.082	0.087	0.077	0.0	0.029	0.066	0.0	0.026	0.03	0.026	0.037	0.047	0.048	0.036	0.023	0.021	0.0	
Chromosome	560472	T	G	0.128	0.24	0.174	0.241	0.048	0.259	0.304	0.276	0.242	0.24	0.261	0.274	0.128	0.103	0.093	0.193	0.213	0.289	0.248	0.238	0.259	0.295	0.26	0.206	0.245	0.12	0.118	0.091	0.082	0.085	0.097	0.112	0.102	0.129	0.116	0.006	0.176	0.186	0.155	0.0	0.272	0.005	0.148	0.209	0.144	0.133	0.14	0.208	0.225	0.238	0.165	0.278	0.239	0.226	0.229	0.277	0.228	0.207	0.004	0.144	0.131	0.085	0.092	0.113	0.164	0.087	0.128	0.102	0.006	
Chromosome	702177	T	G	0.091	0.193	0.178	0.121	0.074	0.233	0.175	0.217	0.166	0.159	0.168	0.17	0.125	0.129	0.114	0.171	0.216	0.172	0.141	0.124	0.151	0.166	0.159	0.159	0.119	0.09	0.132	0.142	0.1	0.139	0.081	0.102	0.128	0.098	0.101	0.0	0.128	0.186	0.205	0.0	0.178	0.0	0.101	0.183	0.108	0.117	0.135	0.144	0.164	0.111	0.154	0.136	0.187	0.173	0.134	0.294	0.184	0.156	0.0	0.095	0.131	0.128	0.09	0.115	0.117	0.094	0.094	0.096	0.007	
Chromosome	706123	T	G	0.145	0.251	0.159	0.108	0.094	0.195	0.196	0.2	0.155	0.187	0.222	0.226	0.158	0.104	0.112	0.173	0.132	0.2	0.212	0.221	0.237	0.163	0.243	0.209	0.172	0.167	0.155	0.149	0.15	0.167	0.092	0.128	0.16	0.141	0.143	0.0	0.209	0.181	0.209	0.006	0.205	0.005	0.114	0.151	0.106	0.158	0.138	0.219	0.212	0.236	0.263	0.204	0.225	0.25	0.253	0.205	0.168	0.171	0.005	0.139	0.15	0.164	0.11	0.167	0.186	0.162	0.134	0.171	0.007	
Chromosome	794705	A	C	0.027	0.09	0.032	0.083	0.052	0.053	0.074	0.058	0.038	0.054	0.065	0.059	0.063	0.054	0.099	0.09	0.103	0.092	0.09	0.065	0.069	0.079	0.022	0.07	0.065	0.054	0.056	0.034	0.074	0.038	0.047	0.026	0.029	0.04	0.045	0.01	0.054	0.075	0.039	0.0	0.08	0.0	0.062	0.056	0.049	0.038	0.032	0.029	0.047	0.047	0.041	0.064	0.055	0.061	0.054	0.016	0.071	0.062	0.005	0.051	0.065	0.036	0.059	0.06	0.031	0.031	0.035	0.052	0.0	
Chromosome	938667	C	G	0.003	0.041	0.02	0.009	0.026	0.0	0.0	0.0	0.0	0.0	0.0	0.0	0.018	0.013	0.009	0.019	0.073	0.021	0.0	0.0	0.0	0.0	0.0	0.008	0.0	0.011	0.021	0.023	0.0	0.0	0.0	0.016	0.003	0.005	0.0	0.0	0.005	0.0	0.0	0.0	0.0	0.005	0.0	0.0	0.023	0.004	0.0	0.0	0.0	0.0	0.006	0.0	0.0	0.0	0.0	0.0	0.011	0.011	0.0	0.0	0.0	0.005	0.008	0.005	0.0	0.003	0.0	0.0	0.0	
Chromosome	1253485	A	C	0.062	0.101	0.077	0.126	0.02	0.071	0.049	0.061	0.089	0.088	0.087	0.093	0.086	0.08	0.089	0.085	0.094	0.035	0.065	0.091	0.071	0.093	0.112	0.079	0.083	0.064	0.094	0.066	0.076	0.06	0.075	0.066	0.063	0.057	0.039	0.005	0.145	0.104	0.07	0.0	0.101	0.005	0.057	0.06	0.072	0.052	0.049	0.067	0.07	0.053	0.086	0.132	0.062	0.105	0.135	0.176	0.116	0.089	0.0	0.057	0.081	0.065	0.088	0.053	0.071	0.048	0.061	0.05	0.0	
Chromosome	1341528	A	C	0.0	0.0	0.0	0.0	0.0	0.0	0.0	0.0	0.0	0.0	0.0	0.013	0.011	0.0	0.0	0.0	0.0	0.0	0.0	0.0	0.0	0.0	0.0	0.0	0.0	0.0	0.0	0.0	0.009	0.011	0.0	0.0	0.0	0.0	0.0	0.0	0.0	0.0	0.0	0.0	0.0	0.0	0.0	0.0	0.0	0.0	0.0	0.0	0.0	0.0	0.0	0.0	0.0	0.0	0.0	0.0	0.0	0.0	0.0	0.0	0.0	0.0	0.0	0.0	0.0	0.0	0.0	0.0	0.0	
Chromosome	1341536	C	G	0.351	0.305	0.323	0.246	0.368	0.385	0.231	0.244	0.232	0.315	0.047	0.111	0.312	0.309	0.326	0.5	0.569	0.314	0.354	0.333	0.346	0.354	0.293	0.347	0.257	0.391	0.349	0.385	0.32	0.432	0.33	0.359	0.316	0.292	0.268	0.292	0.294	0.383	0.444	0.209	0.275	0.217	0.468	0.277	0.402	0.278	0.385	0.414	0.377	0.333	0.267	0.231	0.462	0.176	0.469	0.538	0.571	0.264	0.262	0.398	0.261	0.344	0.288	0.364	0.275	0.38	0.427	0.495	0.149	
Chromosome	1341538	A	C	0.283	0.259	0.286	0.143	0.316	0.185	0.132	0.114	0.188	0.259	0.046	0.096	0.242	0.206	0.283	0.45	0.424	0.278	0.261	0.256	0.231	0.235	0.273	0.247	0.188	0.351	0.274	0.32	0.275	0.371	0.26	0.27	0.241	0.254	0.192	0.271	0.254	0.283	0.333	0.136	0.25	0.17	0.379	0.16	0.323	0.231	0.276	0.25	0.327	0.278	0.129	0.211	0.393	0.135	0.323	0.308	0.51	0.217	0.227	0.336	0.213	0.258	0.242	0.323	0.215	0.301	0.294	0.357	0.128	
Chromosome	1341539	C	T	0.265	0.238	0.281	0.143	0.286	0.222	0.132	0.114	0.164	0.241	0.046	0.096	0.198	0.197	0.256	0.426	0.413	0.229	0.239	0.231	0.269	0.231	0.273	0.23	0.162	0.33	0.274	0.301	0.25	0.329	0.26	0.25	0.241	0.237	0.194	0.245	0.239	0.286	0.333	0.091	0.235	0.17	0.364	0.18	0.309	0.226	0.261	0.286	0.314	0.278	0.129	0.179	0.393	0.132	0.323	0.308	0.5	0.196	0.205	0.324	0.21	0.25	0.227	0.297	0.226	0.301	0.277	0.344	0.109	
Chromosome	1385245	A	C	0.089	0.164	0.158	0.167	0.083	0.153	0.126	0.137	0.108	0.179	0.161	0.137	0.184	0.178	0.179	0.172	0.167	0.203	0.158	0.089	0.115	0.1	0.134	0.105	0.096	0.155	0.121	0.189	0.165	0.103	0.121	0.082	0.091	0.126	0.105	0.006	0.14	0.172	0.144	0.012	0.157	0.0	0.124	0.121	0.125	0.124	0.099	0.154	0.137	0.14	0.131	0.114	0.135	0.198	0.075	0.186	0.132	0.158	0.0	0.117	0.139	0.103	0.197	0.17	0.174	0.1	0.09	0.115	0.007	
Chromosome	1437874	T	G	0.067	0.108	0.09	0.109	0.065	0.063	0.103	0.071	0.121	0.098	0.116	0.065	0.185	0.142	0.175	0.115	0.138	0.088	0.065	0.086	0.058	0.092	0.125	0.101	0.123	0.141	0.161	0.165	0.117	0.121	0.108	0.091	0.099	0.072	0.096	0.004	0.098	0.101	0.109	0.005	0.127	0.0	0.092	0.115	0.114	0.096	0.137	0.079	0.113	0.107	0.138	0.118	0.102	0.049	0.115	0.148	0.068	0.131	0.004	0.082	0.084	0.092	0.166	0.203	0.132	0.07	0.13	0.083	0.011	
Chromosome	1756627	T	G	0.135	0.184	0.099	0.086	0.048	0.225	0.149	0.21	0.097	0.142	0.17	0.136	0.126	0.139	0.101	0.108	0.082	0.211	0.201	0.176	0.201	0.218	0.148	0.152	0.061	0.101	0.099	0.1	0.115	0.094	0.092	0.077	0.128	0.11	0.079	0.005	0.177	0.178	0.104	0.007	0.155	0.006	0.086	0.165	0.108	0.112	0.116	0.257	0.2	0.134	0.205	0.272	0.225	0.252	0.211	0.125	0.045	0.109	0.006	0.105	0.115	0.042	0.083	0.083	0.155	0.104	0.104	0.087	0.0	
Chromosome	1787487	T	G	0.139	0.249	0.212	0.187	0.062	0.315	0.247	0.187	0.22	0.223	0.221	0.225	0.131	0.193	0.117	0.223	0.176	0.24	0.181	0.238	0.304	0.275	0.243	0.234	0.261	0.157	0.106	0.13	0.146	0.14	0.115	0.136	0.162	0.14	0.196	0.0	0.194	0.233	0.197	0.006	0.223	0.006	0.18	0.216	0.156	0.156	0.167	0.191	0.237	0.241	0.227	0.211	0.196	0.221	0.255	0.212	0.259	0.203	0.006	0.154	0.16	0.174	0.179	0.128	0.239	0.144	0.158	0.127	0.007	
Chromosome	2195100	T	G	0.089	0.184	0.15	0.143	0.085	0.124	0.186	0.12	0.178	0.192	0.205	0.162	0.186	0.129	0.143	0.174	0.151	0.198	0.141	0.22	0.198	0.168	0.155	0.199	0.129	0.151	0.145	0.137	0.179	0.112	0.094	0.09	0.114	0.142	0.121	0.0	0.156	0.119	0.225	0.0	0.156	0.005	0.149	0.074	0.142	0.103	0.093	0.132	0.184	0.188	0.225	0.17	0.144	0.201	0.16	0.14	0.164	0.128	0.0	0.119	0.12	0.141	0.158	0.131	0.204	0.109	0.116	0.088	0.007	
Chromosome	2195144	T	G	0.142	0.205	0.107	0.083	0.092	0.217	0.177	0.189	0.099	0.226	0.268	0.225	0.162	0.072	0.084	0.129	0.1	0.244	0.254	0.201	0.19	0.203	0.194	0.234	0.093	0.124	0.058	0.129	0.163	0.164	0.174	0.063	0.161	0.17	0.181	0.0	0.202	0.254	0.218	0.006	0.251	0.006	0.068	0.187	0.164	0.145	0.177	0.233	0.247	0.229	0.25	0.221	0.208	0.22	0.191	0.147	0.07	0.083	0.0	0.171	0.199	0.159	0.15	0.156	0.186	0.196	0.16	0.124	0.0	
Chromosome	2520402	GGCC	G	0.013	0.007	0.007	0.0	0.0	0.007	0.008	0.009	0.005	0.0	0.0	0.007	0.0	0.0	0.009	0.0	0.01	0.012	0.007	0.0	0.0	0.007	0.008	0.016	0.012	0.005	0.011	0.015	0.005	0.0	0.011	0.007	0.003	0.003	0.0	0.0	0.005	0.0	0.012	0.008	0.0	0.005	0.006	0.011	0.008	0.0	0.005	0.009	0.0	0.0	0.0	0.008	0.027	0.007	0.009	0.0	0.0	0.009	0.013	0.002	0.003	0.006	0.0	0.0	0.009	0.003	0.003	0.009	0.019	
Chromosome	2579189	A	C	0.173	0.239	0.275	0.243	0.134	0.268	0.276	0.242	0.322	0.271	0.222	0.31	0.219	0.219	0.213	0.261	0.246	0.282	0.237	0.297	0.183	0.206	0.319	0.253	0.25	0.187	0.23	0.232	0.224	0.248	0.226	0.202	0.21	0.225	0.223	0.006	0.273	0.263	0.274	0.0	0.395	0.0	0.226	0.303	0.277	0.259	0.226	0.283	0.34	0.287	0.219	0.263	0.281	0.333	0.308	0.238	0.256	0.256	0.0	0.225	0.219	0.226	0.154	0.254	0.234	0.26	0.238	0.244	0.013	
Chromosome	2648054	T	G	0.09	0.132	0.128	0.1	0.082	0.069	0.076	0.044	0.102	0.064	0.078	0.097	0.133	0.093	0.124	0.102	0.109	0.095	0.041	0.098	0.094	0.085	0.075	0.071	0.087	0.084	0.077	0.083	0.102	0.067	0.052	0.07	0.071	0.078	0.065	0.011	0.099	0.091	0.041	0.0	0.115	0.01	0.135	0.095	0.086	0.065	0.07	0.069	0.128	0.082	0.085	0.056	0.144	0.17	0.088	0.098	0.119	0.122	0.0	0.054	0.048	0.028	0.108	0.066	0.064	0.052	0.057	0.058	0.0	
Chromosome	2672182	G	.	0.0	0.0	0.0	0.0	0.0	0.0	0.0	0.0	0.0	0.0	0.0	0.0	0.0	0.0	0.0	0.0	0.0	0.0	0.0	0.0	0.0	0.0	0.0	0.0	0.0	0.0	0.0	0.0	0.0	0.0	0.0	0.0	0.0	0.0	0.0	0.0	0.0	0.0	0.0	0.0	0.0	0.0	0.0	0.0	0.0	0.0	0.0	0.0	0.0	0.0	0.0	0.0	0.0	0.0	0.0	0.0	0.0	0.0	0.0	0.0	0.0	0.0	0.0	0.0	0.0	0.0	0.0	0.0	0.0	
Chromosome	2732108	CA	C	0.018	0.036	0.036	0.013	0.016	0.007	0.0	0.016	0.007	0.009	0.012	0.0	0.019	0.026	0.015	0.023	0.016	0.01	0.007	0.007	0.007	0.007	0.006	0.0	0.0	0.02	0.019	0.018	0.026	0.006	0.01	0.007	0.006	0.008	0.012	0.006	0.005	0.01	0.005	0.006	0.0	0.023	0.011	0.01	0.008	0.007	0.011	0.017	0.007	0.0	0.0	0.0	0.008	0.0	0.009	0.0	0.007	0.004	0.006	0.004	0.007	0.007	0.004	0.005	0.008	0.006	0.002	0.008	0.007	
Chromosome	2732115	C	CT	0.009	0.036	0.025	0.004	0.0	0.0	0.0	0.0	0.0	0.0	0.0	0.0	0.019	0.018	0.004	0.019	0.017	0.01	0.0	0.0	0.0	0.0	0.0	0.0	0.0	0.02	0.009	0.014	0.023	0.0	0.0	0.0	0.0	0.0	0.0	0.0	0.0	0.0	0.0	0.0	0.0	0.0	0.0	0.005	0.0	0.004	0.0	0.0	0.0	0.0	0.0	0.0	0.0	0.0	0.0	0.0	0.0	0.004	0.0	0.0	0.0	0.002	0.0	0.0	0.0	0.0	0.0	0.0	0.0	
Chromosome	2794622	A	C	0.105	0.177	0.131	0.144	0.072	0.139	0.187	0.188	0.168	0.172	0.177	0.178	0.088	0.08	0.105	0.192	0.193	0.205	0.198	0.168	0.164	0.145	0.173	0.197	0.249	0.132	0.128	0.111	0.126	0.089	0.105	0.088	0.102	0.077	0.077	0.006	0.188	0.135	0.164	0.0	0.156	0.012	0.123	0.155	0.057	0.105	0.106	0.162	0.188	0.185	0.234	0.217	0.209	0.219	0.172	0.319	0.214	0.16	0.0	0.08	0.072	0.092	0.126	0.114	0.117	0.072	0.086	0.084	0.014	
Chromosome	2952396	T	G	0.089	0.21	0.18	0.169	0.085	0.217	0.175	0.175	0.207	0.18	0.152	0.203	0.18	0.095	0.114	0.259	0.289	0.123	0.199	0.264	0.271	0.257	0.11	0.21	0.172	0.144	0.122	0.151	0.14	0.086	0.082	0.087	0.06	0.105	0.056	0.005	0.139	0.194	0.109	0.0	0.186	0.0	0.096	0.168	0.063	0.09	0.12	0.186	0.203	0.243	0.2	0.145	0.219	0.211	0.21	0.182	0.209	0.188	0.0	0.096	0.073	0.061	0.136	0.102	0.103	0.051	0.091	0.075	0.0	
Chromosome	3015755	A	C	0.034	0.147	0.034	0.078	0.008	0.12	0.154	0.16	0.096	0.097	0.075	0.07	0.035	0.063	0.046	0.066	0.064	0.143	0.106	0.11	0.073	0.138	0.118	0.055	0.035	0.03	0.04	0.02	0.034	0.039	0.009	0.018	0.012	0.039	0.032	0.006	0.05	0.071	0.083	0.0	0.068	0.0	0.017	0.063	0.027	0.019	0.03	0.123	0.112	0.157	0.162	0.155	0.133	0.15	0.116	0.14	0.044	0.077	0.006	0.037	0.042	0.023	0.043	0.02	0.059	0.024	0.042	0.035	0.006	
Chromosome	3030967	A	C	0.347	0.54	0.586	0.61	0.255	0.5	0.368	0.451	0.587	0.396	0.345	0.489	0.437	0.421	0.388	0.566	0.676	0.512	0.409	0.514	0.563	0.43	0.37	0.488	0.567	0.506	0.368	0.451	0.35	0.307	0.314	0.456	0.34	0.377	0.383	0.0	0.375	0.446	0.483	0.007	0.438	0.0	0.456	0.394	0.337	0.331	0.378	0.623	0.525	0.565	0.522	0.614	0.5	0.455	0.6	0.634	0.724	0.594	0.0	0.359	0.361	0.402	0.407	0.389	0.368	0.286	0.403	0.299	0.0	
Chromosome	3291173	G	C	0.0	0.033	0.005	0.009	0.0	0.007	0.0	0.0	0.0	0.0	0.0	0.0	0.007	0.004	0.008	0.014	0.011	0.0	0.0	0.0	0.0	0.0	0.0	0.009	0.0	0.0	0.0	0.009	0.009	0.0	0.0	0.0	0.0	0.0	0.0	0.0	0.0	0.0	0.0	0.0	0.0	0.006	0.0	0.0	0.0	0.0	0.0	0.0	0.0	0.0	0.0	0.0	0.0	0.0	0.0	0.0	0.0	0.01	0.0	0.0	0.0	0.0	0.0	0.0	0.004	0.0	0.002	0.0	0.0	
Chromosome	3291177	C	A	0.003	0.032	0.005	0.01	0.0	0.0	0.0	0.0	0.0	0.0	0.007	0.0	0.008	0.0	0.008	0.014	0.006	0.0	0.0	0.0	0.0	0.0	0.0	0.009	0.0	0.0	0.0	0.009	0.01	0.0	0.0	0.0	0.0	0.0	0.0	0.0	0.006	0.0	0.0	0.0	0.0	0.0	0.0	0.0	0.0	0.0	0.0	0.0	0.0	0.0	0.0	0.0	0.0	0.0	0.0	0.0	0.006	0.01	0.0	0.0	0.0	0.0	0.0	0.0	0.008	0.0	0.002	0.0	0.0	
Chromosome	3641529	G	.	0.0	0.0	0.0	0.0	0.0	0.0	0.0	0.0	0.0	0.0	0.0	0.0	0.0	0.0	0.0	0.0	0.0	0.0	0.0	0.0	0.0	0.0	0.0	0.0	0.0	0.0	0.0	0.0	0.0	0.0	0.0	0.0	0.0	0.0	0.0	0.0	0.0	0.0	0.0	0.0	0.0	0.0	0.0	0.0	0.0	0.0	0.0	0.0	0.0	0.0	0.0	0.0	0.0	0.0	0.0	0.0	0.0	0.0	0.0	0.0	0.0	0.0	0.0	0.0	0.0	0.0	0.0	0.0	0.0	
Chromosome	3641534	T	.	0.0	0.0	0.0	0.0	0.0	0.0	0.0	0.0	0.0	0.0	0.0	0.0	0.0	0.0	0.0	0.0	0.0	0.0	0.0	0.0	0.0	0.0	0.0	0.0	0.0	0.0	0.0	0.0	0.0	0.0	0.0	0.0	0.0	0.0	0.0	0.0	0.0	0.0	0.0	0.0	0.0	0.0	0.0	0.0	0.0	0.0	0.0	0.0	0.0	0.0	0.0	0.0	0.0	0.0	0.0	0.0	0.0	0.0	0.0	0.0	0.0	0.0	0.0	0.0	0.0	0.0	0.0	0.0	0.0	
Chromosome	3641536	A	.	0.0	0.0	0.0	0.0	0.0	0.0	0.0	0.0	0.0	0.0	0.0	0.0	0.0	0.0	0.0	0.0	0.0	0.0	0.0	0.0	0.0	0.0	0.0	0.0	0.0	0.0	0.0	0.0	0.0	0.0	0.0	0.0	0.0	0.0	0.0	0.0	0.0	0.0	0.0	0.0	0.0	0.0	0.0	0.0	0.0	0.0	0.0	0.0	0.0	0.0	0.0	0.0	0.0	0.0	0.0	0.0	0.0	0.0	0.0	0.0	0.0	0.0	0.0	0.0	0.0	0.0	0.0	0.0	0.0	
Chromosome	3777637	A	C	0.147	0.23	0.219	0.211	0.108	0.253	0.286	0.32	0.217	0.283	0.261	0.265	0.153	0.228	0.209	0.331	0.224	0.237	0.292	0.281	0.223	0.308	0.21	0.256	0.254	0.293	0.188	0.189	0.138	0.196	0.201	0.169	0.161	0.185	0.179	0.0	0.31	0.262	0.275	0.0	0.264	0.007	0.218	0.222	0.146	0.205	0.184	0.233	0.378	0.218	0.275	0.316	0.418	0.315	0.24	0.51	0.287	0.219	0.0	0.188	0.154	0.143	0.242	0.248	0.215	0.151	0.174	0.155	0.006	
Chromosome	3847886	T	A	0.206	0.258	0.267	0.251	0.167	0.214	0.246	0.165	0.36	0.279	0.2	0.241	0.186	0.171	0.147	0.297	0.26	0.225	0.3	0.203	0.205	0.235	0.234	0.259	0.333	0.253	0.227	0.134	0.206	0.159	0.258	0.204	0.24	0.2	0.207	0.0	0.243	0.263	0.259	0.0	0.274	0.0	0.238	0.245	0.229	0.269	0.219	0.236	0.183	0.256	0.22	0.195	0.187	0.223	0.237	0.408	0.286	0.291	0.0	0.274	0.253	0.219	0.169	0.238	0.27	0.242	0.245	0.224	0.0	
Chromosome	3847896	T	A	0.133	0.153	0.106	0.134	0.093	0.109	0.172	0.145	0.167	0.104	0.119	0.12	0.057	0.127	0.103	0.152	0.142	0.141	0.164	0.133	0.092	0.138	0.162	0.171	0.173	0.118	0.119	0.077	0.122	0.072	0.146	0.109	0.158	0.128	0.133	0.0	0.118	0.125	0.155	0.0	0.164	0.0	0.133	0.137	0.146	0.183	0.162	0.152	0.142	0.125	0.148	0.145	0.092	0.175	0.118	0.105	0.147	0.166	0.0	0.203	0.169	0.147	0.113	0.136	0.15	0.17	0.175	0.152	0.0	
Chromosome	3862940	A	C	0.051	0.134	0.104	0.087	0.065	0.212	0.213	0.23	0.109	0.142	0.053	0.131	0.045	0.109	0.068	0.082	0.104	0.129	0.195	0.154	0.248	0.154	0.2	0.108	0.096	0.055	0.074	0.091	0.098	0.056	0.065	0.042	0.06	0.056	0.067	0.0	0.094	0.054	0.076	0.0	0.135	0.0	0.054	0.092	0.095	0.051	0.065	0.12	0.202	0.156	0.122	0.185	0.153	0.151	0.255	0.156	0.036	0.064	0.0	0.057	0.043	0.046	0.069	0.045	0.097	0.048	0.047	0.034	0.0	
Chromosome	3897777	A	T	0.006	0.03	0.012	0.032	0.015	0.0	0.0	0.0	0.0	0.0	0.0	0.006	0.013	0.005	0.004	0.043	0.044	0.018	0.0	0.0	0.0	0.0	0.0	0.016	0.0	0.004	0.005	0.018	0.026	0.007	0.004	0.007	0.003	0.007	0.0	0.0	0.0	0.0	0.0	0.0	0.0	0.0	0.0	0.005	0.0	0.0	0.002	0.0	0.0	0.009	0.006	0.0	0.0	0.0	0.0	0.0	0.0	0.027	0.005	0.002	0.003	0.005	0.0	0.01	0.004	0.003	0.003	0.0	0.0	
Chromosome	3897778	A	T	0.006	0.03	0.012	0.032	0.015	0.0	0.0	0.0	0.0	0.0	0.0	0.006	0.013	0.005	0.004	0.043	0.044	0.028	0.0	0.0	0.0	0.0	0.0	0.016	0.0	0.004	0.005	0.017	0.027	0.003	0.004	0.008	0.003	0.007	0.0	0.0	0.0	0.0	0.0	0.0	0.0	0.0	0.0	0.005	0.0	0.004	0.002	0.0	0.0	0.009	0.006	0.0	0.0	0.0	0.0	0.0	0.005	0.031	0.0	0.002	0.003	0.003	0.004	0.01	0.0	0.003	0.0	0.0	0.0	
Chromosome	4028636	G	C	0.279	0.371	0.427	0.389	0.3	0.337	0.26	0.358	0.423	0.302	0.41	0.268	0.354	0.34	0.379	0.403	0.396	0.186	0.377	0.333	0.231	0.31	0.363	0.345	0.397	0.33	0.393	0.339	0.353	0.376	0.345	0.346	0.347	0.374	0.317	0.005	0.328	0.386	0.311	0.0	0.41	0.0	0.431	0.335	0.384	0.371	0.322	0.412	0.315	0.304	0.327	0.374	0.347	0.333	0.364	0.426	0.414	0.393	0.0	0.328	0.339	0.366	0.279	0.317	0.314	0.374	0.341	0.41	0.0	
Chromosome	4214560	C	A	0.452	0.481	0.485	0.48	0.533	0.441	0.444	0.525	0.503	0.477	0.478	0.474	0.465	0.518	0.466	0.465	0.544	0.5	0.53	0.506	0.48	0.485	0.401	0.533	0.478	0.449	0.475	0.494	0.517	0.494	0.476	0.515	0.502	0.45	0.481	0.463	0.458	0.491	0.505	0.538	0.511	0.524	0.498	0.496	0.478	0.497	0.486	0.431	0.453	0.479	0.42	0.509	0.468	0.49	0.472	0.509	0.462	0.494	0.408	0.494	0.506	0.43	0.49	0.489	0.515	0.442	0.432	0.326	0.498	
Chromosome	4214739	G	GT	0.34	0.339	0.327	0.388	0.395	0.304	0.332	0.352	0.324	0.364	0.304	0.32	0.338	0.351	0.336	0.368	0.472	0.392	0.342	0.38	0.312	0.339	0.353	0.34	0.358	0.313	0.303	0.316	0.331	0.332	0.321	0.353	0.358	0.305	0.333	0.327	0.332	0.362	0.287	0.317	0.332	0.357	0.306	0.309	0.32	0.334	0.355	0.331	0.371	0.301	0.321	0.371	0.324	0.352	0.367	0.535	0.391	0.331	0.26	0.338	0.314	0.329	0.36	0.327	0.316	0.303	0.304	0.266	0.329	
Chromosome	4214852	A	AG	0.06	0.066	0.066	0.067	0.074	0.043	0.078	0.072	0.05	0.058	0.023	0.048	0.056	0.076	0.083	0.069	0.07	0.099	0.049	0.107	0.048	0.074	0.046	0.047	0.057	0.059	0.07	0.045	0.05	0.069	0.061	0.07	0.062	0.073	0.066	0.022	0.065	0.047	0.037	0.051	0.087	0.097	0.015	0.066	0.044	0.084	0.064	0.024	0.074	0.088	0.054	0.039	0.026	0.069	0.048	0.065	0.06	0.058	0.082	0.057	0.058	0.053	0.058	0.067	0.049	0.073	0.054	0.058	0.045	
Chromosome	4214853	C	CAAT	0.0	0.0	0.0	0.004	0.0	0.0	0.0	0.008	0.0	0.004	0.0	0.0	0.0	0.013	0.003	0.0	0.0	0.0	0.006	0.0	0.0	0.006	0.0	0.0	0.004	0.0	0.008	0.003	0.0	0.0	0.003	0.004	0.0	0.0	0.003	0.011	0.0	0.006	0.0	0.034	0.0	0.067	0.0	0.004	0.0	0.0	0.004	0.0	0.0	0.0	0.0	0.007	0.0	0.006	0.008	0.0	0.004	0.006	0.06	0.0	0.0	0.0	0.008	0.009	0.0	0.0	0.0	0.0	0.019	
Chromosome	4214855	A	ATCAAT	0.045	0.058	0.065	0.071	0.048	0.05	0.07	0.072	0.049	0.05	0.009	0.039	0.042	0.082	0.072	0.07	0.066	0.096	0.044	0.102	0.049	0.067	0.041	0.045	0.046	0.048	0.066	0.041	0.039	0.058	0.066	0.071	0.069	0.069	0.071	0.022	0.059	0.048	0.036	0.045	0.078	0.078	0.015	0.062	0.044	0.067	0.06	0.04	0.07	0.081	0.048	0.052	0.027	0.07	0.056	0.107	0.055	0.061	0.05	0.052	0.072	0.057	0.058	0.058	0.057	0.062	0.05	0.051	0.032	
Chromosome	4214859	C	T	0.036	0.051	0.051	0.056	0.045	0.042	0.073	0.065	0.044	0.036	0.009	0.041	0.049	0.07	0.058	0.061	0.05	0.085	0.033	0.101	0.052	0.059	0.036	0.042	0.04	0.046	0.059	0.039	0.032	0.057	0.062	0.066	0.066	0.069	0.059	0.023	0.056	0.049	0.025	0.046	0.073	0.077	0.015	0.061	0.039	0.061	0.052	0.043	0.065	0.051	0.049	0.041	0.028	0.071	0.058	0.088	0.05	0.058	0.052	0.05	0.059	0.048	0.051	0.052	0.051	0.05	0.047	0.05	0.028	
Chromosome	4214862	C	G	0.033	0.037	0.047	0.052	0.041	0.043	0.067	0.058	0.034	0.032	0.005	0.036	0.04	0.059	0.05	0.062	0.051	0.076	0.02	0.088	0.042	0.06	0.03	0.035	0.04	0.037	0.056	0.036	0.029	0.051	0.06	0.066	0.06	0.057	0.046	0.023	0.04	0.031	0.025	0.029	0.061	0.066	0.01	0.049	0.034	0.057	0.041	0.034	0.048	0.044	0.029	0.021	0.022	0.056	0.057	0.09	0.046	0.052	0.041	0.038	0.047	0.038	0.047	0.044	0.044	0.04	0.029	0.04	0.014	
Chromosome	4214864	C	A	0.031	0.024	0.033	0.045	0.03	0.034	0.057	0.057	0.03	0.032	0.01	0.045	0.04	0.042	0.044	0.055	0.051	0.066	0.021	0.084	0.034	0.048	0.045	0.031	0.032	0.03	0.049	0.036	0.022	0.051	0.043	0.055	0.052	0.049	0.04	0.018	0.034	0.019	0.024	0.024	0.037	0.066	0.01	0.041	0.03	0.051	0.035	0.034	0.034	0.038	0.028	0.021	0.022	0.042	0.048	0.078	0.034	0.041	0.03	0.033	0.038	0.038	0.035	0.04	0.044	0.04	0.035	0.037	0.014	
Chromosome	4676705	T	G	0.075	0.203	0.118	0.188	0.039	0.244	0.272	0.285	0.092	0.163	0.137	0.157	0.109	0.151	0.138	0.163	0.119	0.176	0.208	0.197	0.215	0.242	0.197	0.156	0.123	0.141	0.112	0.112	0.138	0.069	0.097	0.064	0.087	0.094	0.093	0.0	0.205	0.124	0.159	0.0	0.189	0.0	0.15	0.115	0.112	0.085	0.097	0.21	0.171	0.255	0.26	0.242	0.277	0.227	0.189	0.238	0.173	0.136	0.0	0.078	0.095	0.071	0.162	0.132	0.14	0.058	0.061	0.055	0.0	
Chromosome	4738593	T	G	0.097	0.268	0.172	0.237	0.031	0.179	0.202	0.241	0.214	0.183	0.142	0.2	0.133	0.139	0.101	0.289	0.269	0.154	0.148	0.238	0.213	0.319	0.172	0.299	0.22	0.115	0.132	0.082	0.122	0.114	0.129	0.088	0.098	0.114	0.091	0.0	0.173	0.165	0.22	0.006	0.173	0.0	0.122	0.183	0.112	0.096	0.109	0.207	0.203	0.242	0.261	0.25	0.243	0.269	0.239	0.227	0.254	0.228	0.0	0.11	0.104	0.095	0.101	0.14	0.197	0.11	0.133	0.072	0.0	
Chromosome	4738601	T	G	0.179	0.297	0.258	0.21	0.07	0.196	0.211	0.261	0.184	0.199	0.215	0.208	0.181	0.141	0.131	0.231	0.247	0.348	0.21	0.277	0.194	0.268	0.255	0.246	0.207	0.138	0.145	0.158	0.209	0.157	0.132	0.082	0.152	0.193	0.133	0.0	0.202	0.177	0.219	0.011	0.212	0.0	0.188	0.241	0.133	0.138	0.187	0.25	0.208	0.254	0.261	0.229	0.239	0.279	0.229	0.2	0.233	0.288	0.0	0.134	0.163	0.163	0.163	0.142	0.234	0.193	0.164	0.15	0.006	
Chromosome	4910328	C	CG	0.003	0.033	0.006	0.039	0.006	0.0	0.0	0.0	0.0	0.0	0.0	0.0	0.009	0.0	0.005	0.005	0.016	0.0	0.0	0.0	0.0	0.0	0.0	0.005	0.006	0.007	0.013	0.029	0.013	0.006	0.003	0.0	0.0	0.002	0.0	0.0	0.0	0.0	0.0	0.0	0.0	0.0	0.0	0.0	0.006	0.0	0.0	0.0	0.0	0.0	0.0	0.0	0.0	0.0	0.0	0.0	0.0	0.0	0.0	0.0	0.0	0.0	0.0	0.0	0.004	0.0	0.0	0.0	0.0	
Chromosome	4910332	G	T	0.003	0.04	0.006	0.041	0.006	0.008	0.0	0.0	0.0	0.007	0.0	0.01	0.013	0.0	0.005	0.006	0.026	0.0	0.015	0.007	0.0	0.006	0.0	0.005	0.005	0.007	0.013	0.03	0.017	0.006	0.008	0.0	0.003	0.002	0.0	0.0	0.005	0.0	0.004	0.0	0.01	0.0	0.0	0.0	0.01	0.0	0.0	0.013	0.007	0.0	0.0	0.0	0.022	0.0	0.009	0.0	0.0	0.0	0.0	0.003	0.0	0.003	0.0	0.0	0.012	0.003	0.0	0.0	0.0	
Chromosome	4910333	A	C	0.06	0.138	0.029	0.062	0.019	0.165	0.131	0.109	0.033	0.094	0.076	0.088	0.056	0.043	0.065	0.045	0.077	0.114	0.141	0.124	0.184	0.115	0.151	0.114	0.076	0.038	0.045	0.068	0.055	0.037	0.065	0.041	0.04	0.048	0.063	0.011	0.123	0.132	0.128	0.006	0.135	0.005	0.04	0.091	0.093	0.048	0.042	0.051	0.121	0.156	0.139	0.149	0.168	0.143	0.173	0.108	0.038	0.021	0.0	0.045	0.065	0.02	0.041	0.024	0.091	0.034	0.058	0.055	0.0	
Chromosome	4910338	G	T	0.006	0.05	0.005	0.038	0.006	0.008	0.008	0.0	0.005	0.007	0.005	0.0	0.008	0.0	0.004	0.01	0.016	0.0	0.0	0.014	0.0	0.02	0.0	0.015	0.01	0.003	0.013	0.032	0.015	0.009	0.005	0.0	0.003	0.007	0.0	0.005	0.009	0.0	0.009	0.006	0.005	0.0	0.0	0.0	0.012	0.003	0.004	0.026	0.006	0.008	0.0	0.007	0.014	0.0	0.0	0.0	0.0	0.004	0.0	0.002	0.003	0.0	0.0	0.004	0.019	0.007	0.002	0.003	0.0	
Chromosome	4910339	A	C	0.03	0.095	0.063	0.076	0.012	0.136	0.129	0.124	0.055	0.077	0.061	0.043	0.032	0.035	0.026	0.05	0.061	0.128	0.123	0.075	0.133	0.113	0.13	0.06	0.094	0.047	0.063	0.063	0.042	0.021	0.044	0.031	0.027	0.037	0.04	0.0	0.06	0.053	0.07	0.0	0.074	0.0	0.016	0.075	0.04	0.048	0.013	0.04	0.125	0.141	0.121	0.124	0.125	0.093	0.162	0.073	0.075	0.041	0.0	0.022	0.033	0.037	0.047	0.022	0.073	0.034	0.031	0.032	0.0	
Chromosome	4910340	AC	A	0.006	0.04	0.016	0.038	0.006	0.0	0.008	0.008	0.0	0.0	0.0	0.0	0.008	0.005	0.004	0.005	0.023	0.0	0.0	0.0	0.0	0.0	0.007	0.01	0.005	0.009	0.009	0.032	0.019	0.009	0.007	0.0	0.003	0.009	0.0	0.011	0.0	0.0	0.009	0.0	0.005	0.005	0.0	0.0	0.006	0.003	0.002	0.0	0.013	0.008	0.007	0.007	0.0	0.008	0.0	0.0	0.0	0.0	0.0	0.005	0.008	0.01	0.0	0.004	0.004	0.0	0.005	0.006	0.0	
Chromosome	4916965	T	G	0.083	0.127	0.071	0.136	0.08	0.073	0.075	0.076	0.065	0.119	0.055	0.088	0.091	0.115	0.128	0.121	0.088	0.11	0.051	0.068	0.083	0.092	0.059	0.082	0.063	0.074	0.078	0.096	0.092	0.074	0.069	0.114	0.061	0.087	0.057	0.0	0.116	0.115	0.117	0.01	0.082	0.005	0.06	0.122	0.062	0.05	0.096	0.083	0.079	0.068	0.086	0.098	0.134	0.107	0.057	0.106	0.06	0.122	0.0	0.06	0.06	0.085	0.127	0.109	0.078	0.027	0.044	0.049	0.013	
Chromosome	5062692	CCG	C	0.018	0.188	0.012	0.027	0.008	0.0	0.0	0.008	0.005	0.0	0.013	0.008	0.016	0.011	0.01	0.006	0.01	0.01	0.0	0.0	0.009	0.009	0.008	0.021	0.0	0.017	0.022	0.012	0.013	0.0	0.011	0.008	0.008	0.013	0.011	0.012	0.007	0.006	0.0	0.013	0.013	0.016	0.014	0.0	0.027	0.004	0.014	0.009	0.007	0.0	0.0	0.0	0.016	0.0	0.0	0.0	0.007	0.009	0.007	0.01	0.003	0.017	0.009	0.01	0.004	0.012	0.008	0.007	0.0	
Chromosome	5359307	A	C	0.12	0.215	0.127	0.142	0.051	0.295	0.265	0.266	0.089	0.15	0.182	0.175	0.149	0.141	0.12	0.105	0.148	0.242	0.268	0.265	0.267	0.25	0.301	0.241	0.127	0.13	0.121	0.099	0.113	0.131	0.147	0.071	0.163	0.119	0.131	0.005	0.205	0.227	0.258	0.0	0.231	0.005	0.142	0.197	0.145	0.132	0.149	0.25	0.301	0.293	0.333	0.247	0.211	0.302	0.34	0.093	0.115	0.121	0.0	0.134	0.144	0.091	0.115	0.132	0.16	0.144	0.123	0.108	0.0	
Chromosome	5461772	A	.	0.0	0.0	0.0	0.0	0.0	0.0	0.0	0.0	0.0	0.0	0.0	0.0	0.0	0.0	0.0	0.0	0.0	0.0	0.0	0.0	0.0	0.0	0.0	0.0	0.0	0.0	0.0	0.0	0.0	0.0	0.0	0.0	0.0	0.0	0.0	0.0	0.0	0.0	0.0	0.0	0.0	0.0	0.0	0.0	0.0	0.0	0.0	0.0	0.0	0.0	0.0	0.0	0.0	0.0	0.0	0.0	0.0	0.0	0.0	0.0	0.0	0.0	0.0	0.0	0.0	0.0	0.0	0.0	0.0	
Chromosome	5461782	C	.	0.0	0.0	0.0	0.0	0.0	0.0	0.0	0.0	0.0	0.0	0.0	0.0	0.0	0.0	0.0	0.0	0.0	0.0	0.0	0.0	0.0	0.0	0.0	0.0	0.0	0.0	0.0	0.0	0.0	0.0	0.0	0.0	0.0	0.0	0.0	0.0	0.0	0.0	0.0	0.0	0.0	0.0	0.0	0.0	0.0	0.0	0.0	0.0	0.0	0.0	0.0	0.0	0.0	0.0	0.0	0.0	0.0	0.0	0.0	0.0	0.0	0.0	0.0	0.0	0.0	0.0	0.0	0.0	0.0	
Chromosome	5461783	CGG	.	0.022	0.02	0.041	0.029	0.006	0.033	0.018	0.03	0.051	0.0	0.041	0.0	0.014	0.014	0.018	0.048	0.022	0.0	0.0	0.013	0.047	0.014	0.035	0.0	0.049	0.027	0.0	0.0	0.028	0.019	0.005	0.006	0.011	0.011	0.0	0.007	0.01	0.037	0.009	0.024	0.013	0.012	0.011	0.01	0.0	0.006	0.01	0.0	0.062	0.045	0.021	0.024	0.05	0.0	0.031	0.018	0.029	0.029	0.03	0.009	0.005	0.0	0.026	0.0	0.008	0.018	0.004	0.017	0.019	
Chromosome	5461784	GGCGGTGGCGGCGGCCGCCGCCACCGGCGGCGC	.	0.005	0.031	0.0	0.019	0.019	0.0	0.019	0.0	0.0	0.006	0.017	0.03	0.0	0.007	0.0	0.024	0.011	0.0	0.0	0.0	0.032	0.027	0.012	0.008	0.01	0.021	0.025	0.007	0.028	0.01	0.011	0.0	0.005	0.0	0.0	0.0	0.02	0.0	0.0	0.008	0.013	0.018	0.0	0.01	0.0	0.006	0.007	0.0	0.026	0.015	0.031	0.024	0.017	0.012	0.0	0.031	0.027	0.029	0.01	0.004	0.005	0.0	0.013	0.009	0.008	0.012	0.004	0.011	0.019	
Chromosome	5461786	CGGTGGCGGCGGCCGCCGCCACCGGCGGCGCCG	.	0.004	0.0	0.01	0.019	0.006	0.0	0.019	0.015	0.021	0.0	0.008	0.0	0.022	0.007	0.028	0.018	0.0	0.037	0.0	0.0	0.0	0.014	0.012	0.008	0.02	0.021	0.0	0.007	0.0	0.01	0.0	0.011	0.0	0.022	0.0	0.015	0.02	0.0	0.0	0.008	0.0	0.0	0.0	0.0	0.023	0.018	0.007	0.019	0.0	0.016	0.032	0.025	0.035	0.012	0.0	0.016	0.035	0.039	0.021	0.0	0.0	0.0	0.007	0.0	0.0	0.006	0.004	0.017	0.0	
Chromosome	5461792	C	.	0.0	0.0	0.0	0.0	0.0	0.0	0.0	0.0	0.0	0.0	0.0	0.0	0.0	0.0	0.0	0.0	0.0	0.0	0.0	0.0	0.0	0.0	0.0	0.0	0.0	0.0	0.0	0.0	0.0	0.0	0.0	0.0	0.0	0.0	0.0	0.0	0.0	0.0	0.0	0.0	0.0	0.0	0.0	0.0	0.0	0.0	0.0	0.0	0.0	0.0	0.0	0.0	0.0	0.0	0.0	0.0	0.0	0.0	0.0	0.0	0.0	0.0	0.0	0.0	0.0	0.0	0.0	0.0	0.0	
Chromosome	5672093	T	TTCTGGC	0.003	0.066	0.0	0.099	0.0	0.076	0.0	0.0	0.0	0.0	0.0	0.0	0.0	0.0	0.0	0.0	0.0	0.0	0.0	0.0	0.0	0.0	0.0	0.0	0.0	0.147	0.0	0.0	0.009	0.0	0.003	0.0	0.0	0.003	0.0	0.0	0.0	0.0	0.0	0.0	0.0	0.0	0.0	0.0	0.0	0.0	0.009	0.0	0.0	0.0	0.006	0.0	0.0	0.0	0.0	0.0	0.0	0.103	0.0	0.0	0.0	0.0	0.0	0.0	0.004	0.0	0.003	0.0	0.012	
Chromosome	5944504	C	G	0.003	0.049	0.015	0.024	0.005	0.0	0.014	0.0	0.0	0.014	0.005	0.0	0.032	0.014	0.024	0.023	0.061	0.0	0.0	0.0	0.008	0.0	0.0	0.016	0.0	0.01	0.016	0.023	0.03	0.0	0.006	0.01	0.01	0.007	0.0	0.0	0.0	0.0	0.0	0.0	0.0	0.005	0.0	0.0	0.017	0.006	0.008	0.0	0.006	0.0	0.0	0.0	0.0	0.0	0.0	0.0	0.0	0.035	0.0	0.0	0.0	0.0	0.0	0.02	0.003	0.0	0.0	0.0	0.0	
Chromosome	6075172	A	C	0.13	0.286	0.299	0.322	0.133	0.18	0.25	0.229	0.3	0.239	0.237	0.211	0.198	0.181	0.189	0.258	0.344	0.211	0.317	0.211	0.241	0.17	0.197	0.258	0.253	0.241	0.213	0.235	0.195	0.18	0.16	0.2	0.152	0.187	0.184	0.006	0.285	0.252	0.289	0.0	0.254	0.007	0.296	0.24	0.184	0.16	0.143	0.314	0.188	0.24	0.219	0.222	0.26	0.152	0.232	0.341	0.333	0.328	0.006	0.155	0.168	0.176	0.206	0.226	0.167	0.176	0.148	0.163	0.0	
Chromosome	6135889	T	G	0.068	0.174	0.151	0.15	0.045	0.228	0.201	0.267	0.148	0.14	0.163	0.132	0.118	0.12	0.104	0.127	0.141	0.179	0.236	0.245	0.292	0.219	0.175	0.139	0.158	0.108	0.13	0.168	0.131	0.068	0.057	0.079	0.062	0.082	0.079	0.0	0.162	0.145	0.147	0.016	0.134	0.0	0.105	0.157	0.098	0.069	0.092	0.274	0.24	0.203	0.239	0.27	0.183	0.2	0.227	0.194	0.173	0.166	0.006	0.066	0.11	0.081	0.136	0.144	0.178	0.095	0.071	0.067	0.007	
Chromosome	6336530	A	C	0.311	0.492	0.371	0.433	0.194	0.423	0.479	0.549	0.364	0.373	0.504	0.319	0.339	0.379	0.409	0.457	0.65	0.426	0.444	0.552	0.448	0.57	0.522	0.415	0.514	0.338	0.433	0.349	0.387	0.218	0.247	0.255	0.307	0.271	0.27	0.0	0.387	0.421	0.424	0.006	0.408	0.0	0.385	0.372	0.288	0.293	0.241	0.548	0.438	0.586	0.506	0.373	0.5	0.523	0.534	0.667	0.585	0.403	0.0	0.255	0.285	0.199	0.331	0.267	0.395	0.258	0.247	0.301	0.0	
Chromosome	6458276	T	G	0.134	0.144	0.174	0.168	0.135	0.17	0.152	0.155	0.139	0.152	0.154	0.131	0.119	0.164	0.163	0.152	0.081	0.123	0.133	0.088	0.157	0.154	0.132	0.136	0.123	0.148	0.145	0.118	0.147	0.113	0.143	0.093	0.155	0.125	0.07	0.0	0.131	0.146	0.176	0.005	0.155	0.0	0.107	0.149	0.11	0.117	0.096	0.135	0.134	0.165	0.195	0.145	0.179	0.197	0.138	0.026	0.106	0.125	0.0	0.105	0.119	0.112	0.127	0.101	0.114	0.103	0.122	0.066	0.0	
Chromosome	6478685	A	C	0.196	0.29	0.181	0.195	0.075	0.308	0.234	0.303	0.186	0.19	0.206	0.228	0.095	0.197	0.159	0.216	0.183	0.222	0.247	0.26	0.229	0.223	0.165	0.246	0.237	0.179	0.126	0.126	0.163	0.175	0.199	0.13	0.185	0.137	0.164	0.0	0.264	0.231	0.275	0.006	0.311	0.006	0.112	0.224	0.193	0.151	0.169	0.381	0.328	0.321	0.281	0.305	0.347	0.242	0.275	0.207	0.182	0.156	0.006	0.205	0.121	0.153	0.144	0.107	0.239	0.156	0.177	0.144	0.0	
Chromosome	6687534	G	C	0.133	0.246	0.362	0.419	0.108	0.237	0.316	0.244	0.351	0.147	0.223	0.186	0.228	0.228	0.236	0.429	0.451	0.233	0.337	0.211	0.293	0.276	0.233	0.215	0.436	0.18	0.23	0.177	0.179	0.13	0.172	0.205	0.142	0.13	0.161	0.0	0.233	0.21	0.214	0.0	0.238	0.0	0.291	0.185	0.125	0.16	0.165	0.221	0.204	0.312	0.252	0.179	0.247	0.269	0.253	0.392	0.435	0.324	0.004	0.161	0.182	0.155	0.168	0.211	0.19	0.12	0.163	0.191	0.0	
Chromosome	6923330	T	G	0.29	0.466	0.46	0.412	0.253	0.352	0.347	0.411	0.365	0.397	0.421	0.319	0.333	0.374	0.324	0.472	0.587	0.472	0.467	0.396	0.397	0.383	0.427	0.39	0.423	0.307	0.372	0.351	0.382	0.258	0.264	0.271	0.31	0.292	0.261	0.0	0.392	0.372	0.322	0.0	0.42	0.006	0.265	0.283	0.261	0.294	0.261	0.339	0.411	0.474	0.417	0.493	0.376	0.471	0.507	0.588	0.413	0.437	0.0	0.261	0.3	0.279	0.36	0.294	0.352	0.236	0.273	0.232	0.014	
