chromosome	pos	ref	mut	APAW	M92	M91	M9B	Ana1	BedA	BedB	BedC	BedD	CipA	CipB	CipC	CLFA	CLFB	CLFC	CombA2	CombA3	CombA	CombAu1	CombAu3	CombAu5	CombB	CombC	CycloA	CycloB	CycloC	EMBA	EMBB	EMBC	INH1	INH2	INHA	LzdA	LzdB	LzdC	MA_F1	MA_F2	MA_F3	MA_H1	MA_H2	MA_H3	MA_S1	MA_S2	MA_S3	MMCA	MMCB	MMCC	MockA	MockB	MockC	MockD	MockE	MockF	MockG	MockH	MockI	MockJ	MockK	MockL	NANOA	NANOB	NANOC	RIFA	RIFB	RIFC	UV1	UV2	UV3	WT_Msm
Chromosome	65001	A	C	0.148	0.182	0.248	0.174	0.099	0.358	0.298	0.298	0.303	0.251	0.247	0.336	0.211	0.201	0.171	0.294	0.235	0.371	0.396	0.439	0.471	0.317	0.361	0.23	0.254	0.219	0.232	0.221	0.235	0.163	0.164	0.131	0.226	0.254	0.251	0.0	0.255	0.25	0.265	0.007	0.304	0.0	0.172	0.219	0.208	0.158	0.185	0.345	0.429	0.337	0.325	0.398	0.336	0.387	0.371	0.324	0.272	0.256	0.0	0.119	0.196	0.172	0.242	0.174	0.21	0.17	0.17	0.152	0.0	
Chromosome	706123	T	G	0.145	0.141	0.16	0.143	0.094	0.195	0.196	0.2	0.155	0.187	0.222	0.226	0.158	0.104	0.112	0.173	0.132	0.2	0.212	0.221	0.237	0.163	0.243	0.209	0.172	0.167	0.155	0.149	0.15	0.167	0.092	0.128	0.159	0.108	0.251	0.0	0.209	0.181	0.209	0.006	0.205	0.005	0.114	0.151	0.106	0.158	0.138	0.219	0.212	0.236	0.263	0.204	0.225	0.25	0.253	0.205	0.168	0.171	0.005	0.139	0.15	0.164	0.11	0.167	0.186	0.162	0.134	0.171	0.007	
Chromosome	750559	T	G	0.012	0.136	0.003	0.0	0.0	0.012	0.014	0.104	0.0	0.011	0.0	0.0	0.015	0.005	0.004	0.169	0.0	0.017	0.006	0.01	0.03	0.022	0.0	0.023	0.004	0.003	0.004	0.0	0.004	0.014	0.0	0.05	0.0	0.014	0.005	0.0	0.004	0.0	0.0	0.007	0.004	0.0	0.091	0.03	0.022	0.036	0.002	0.0	0.0	0.0	0.031	0.005	0.0	0.04	0.007	0.0	0.0	0.0	0.0	0.002	0.007	0.003	0.0	0.004	0.036	0.006	0.004	0.0	0.0	
Chromosome	1332315	C	G	0.0	0.154	0.0	0.0	0.0	0.0	0.0	0.0	0.0	0.0	0.0	0.0	0.0	0.0	0.0	0.0	0.0	0.0	0.0	0.0	0.0	0.0	0.0	0.0	0.0	0.0	0.0	0.0	0.0	0.0	0.0	0.0	0.0	0.0	0.0	0.0	0.005	0.0	0.0	0.0	0.0	0.0	0.0	0.0	0.0	0.0	0.0	0.0	0.0	0.0	0.0	0.0	0.0	0.0	0.0	0.0	0.0	0.0	0.005	0.0	0.0	0.0	0.0	0.0	0.0	0.0	0.0	0.0	0.0	
Chromosome	1385245	A	C	0.089	0.126	0.091	0.105	0.083	0.153	0.126	0.137	0.108	0.179	0.161	0.137	0.184	0.178	0.179	0.172	0.167	0.203	0.158	0.089	0.115	0.1	0.134	0.105	0.096	0.155	0.121	0.189	0.165	0.103	0.121	0.082	0.158	0.167	0.164	0.006	0.14	0.172	0.144	0.012	0.157	0.0	0.124	0.121	0.125	0.124	0.099	0.154	0.137	0.14	0.131	0.114	0.135	0.198	0.075	0.186	0.132	0.158	0.0	0.117	0.139	0.103	0.197	0.17	0.174	0.1	0.09	0.115	0.007	
Chromosome	1574114	T	G	0.158	0.142	0.194	0.113	0.177	0.245	0.262	0.197	0.219	0.177	0.218	0.18	0.146	0.167	0.224	0.26	0.312	0.263	0.298	0.318	0.274	0.299	0.268	0.211	0.16	0.177	0.204	0.179	0.144	0.135	0.095	0.16	0.214	0.232	0.183	0.005	0.135	0.168	0.213	0.012	0.128	0.006	0.156	0.213	0.154	0.128	0.178	0.29	0.281	0.365	0.298	0.309	0.315	0.302	0.293	0.125	0.192	0.237	0.011	0.142	0.13	0.149	0.171	0.201	0.155	0.132	0.118	0.134	0.007	
Chromosome	2195100	T	G	0.089	0.142	0.114	0.121	0.085	0.124	0.186	0.12	0.178	0.192	0.205	0.162	0.186	0.129	0.143	0.174	0.151	0.198	0.141	0.22	0.198	0.168	0.155	0.199	0.129	0.151	0.145	0.137	0.179	0.112	0.094	0.09	0.15	0.143	0.184	0.0	0.156	0.119	0.225	0.0	0.156	0.005	0.149	0.074	0.142	0.103	0.093	0.132	0.184	0.188	0.225	0.17	0.144	0.201	0.16	0.14	0.164	0.128	0.0	0.119	0.12	0.141	0.158	0.131	0.204	0.109	0.116	0.088	0.007	
Chromosome	2204998	C	.	0.0	0.0	0.0	0.0	0.0	0.0	0.0	0.0	0.0	0.0	0.0	0.0	0.0	0.0	0.0	0.0	0.0	0.0	0.0	0.0	0.0	0.0	0.0	0.0	0.0	0.0	0.0	0.0	0.0	0.0	0.0	0.0	0.0	0.0	0.0	0.0	0.0	0.0	0.0	0.0	0.0	0.0	0.0	0.0	0.0	0.0	0.0	0.0	0.0	0.0	0.0	0.0	0.0	0.0	0.0	0.0	0.0	0.0	0.0	0.0	0.0	0.0	0.0	0.0	0.0	0.0	0.0	0.0	0.0	
Chromosome	2205000	A	.	0.0	0.0	0.0	0.0	0.0	0.0	0.0	0.0	0.0	0.0	0.0	0.0	0.0	0.0	0.0	0.0	0.0	0.0	0.0	0.0	0.0	0.0	0.0	0.0	0.0	0.0	0.0	0.0	0.0	0.0	0.0	0.0	0.0	0.0	0.0	0.0	0.0	0.0	0.0	0.0	0.0	0.0	0.0	0.0	0.0	0.0	0.0	0.0	0.0	0.0	0.0	0.0	0.0	0.0	0.0	0.0	0.0	0.0	0.0	0.0	0.0	0.0	0.0	0.0	0.0	0.0	0.0	0.0	0.0	
Chromosome	2429865	C	CG	0.043	0.299	0.013	0.008	0.012	0.007	0.0	0.212	0.018	0.004	0.011	0.011	0.004	0.005	0.0	0.011	0.006	0.0	0.0	0.006	0.0	0.013	0.0	0.255	0.546	0.648	0.004	0.004	0.02	0.01	0.01	0.007	0.01	0.299	0.0	0.0	0.009	0.0	0.005	0.006	0.0	0.006	0.02	0.017	0.01	0.018	0.013	0.024	0.019	0.014	0.159	0.02	0.008	0.005	0.088	0.0	0.015	0.186	0.005	0.009	0.002	0.007	0.436	0.525	0.327	0.212	0.009	0.012	0.0	
Chromosome	2535883	A	C	0.207	0.208	0.172	0.209	0.091	0.217	0.258	0.246	0.099	0.211	0.26	0.222	0.192	0.19	0.192	0.197	0.109	0.273	0.212	0.199	0.169	0.233	0.248	0.2	0.175	0.182	0.188	0.138	0.189	0.224	0.184	0.095	0.127	0.114	0.258	0.0	0.267	0.21	0.266	0.0	0.235	0.0	0.124	0.25	0.202	0.185	0.194	0.229	0.279	0.216	0.26	0.258	0.26	0.242	0.278	0.148	0.189	0.171	0.0	0.228	0.249	0.241	0.152	0.163	0.244	0.191	0.221	0.244	0.0	
Chromosome	2579189	A	C	0.173	0.225	0.21	0.223	0.134	0.268	0.276	0.242	0.322	0.271	0.222	0.31	0.219	0.219	0.213	0.261	0.246	0.282	0.237	0.297	0.183	0.206	0.319	0.253	0.25	0.187	0.23	0.232	0.224	0.248	0.226	0.202	0.275	0.243	0.239	0.006	0.273	0.263	0.274	0.0	0.395	0.0	0.226	0.303	0.277	0.259	0.226	0.283	0.34	0.287	0.219	0.263	0.281	0.333	0.308	0.238	0.256	0.256	0.0	0.225	0.219	0.226	0.154	0.254	0.234	0.26	0.238	0.244	0.013	
Chromosome	3030967	A	C	0.347	0.377	0.34	0.383	0.255	0.5	0.368	0.451	0.587	0.396	0.345	0.489	0.437	0.421	0.388	0.566	0.676	0.512	0.409	0.514	0.563	0.43	0.37	0.488	0.567	0.506	0.368	0.451	0.35	0.307	0.314	0.456	0.586	0.61	0.54	0.0	0.375	0.446	0.483	0.007	0.438	0.0	0.456	0.394	0.337	0.331	0.378	0.623	0.525	0.565	0.522	0.614	0.5	0.455	0.6	0.634	0.724	0.594	0.0	0.359	0.361	0.402	0.407	0.389	0.368	0.286	0.403	0.299	0.0	
Chromosome	3123426	T	G	0.146	0.163	0.154	0.142	0.126	0.244	0.243	0.258	0.263	0.228	0.21	0.237	0.243	0.218	0.161	0.27	0.245	0.343	0.197	0.273	0.209	0.254	0.204	0.286	0.241	0.283	0.173	0.237	0.205	0.135	0.095	0.131	0.256	0.257	0.206	0.006	0.287	0.24	0.205	0.0	0.195	0.007	0.176	0.237	0.155	0.113	0.163	0.248	0.169	0.377	0.25	0.245	0.33	0.227	0.246	0.348	0.246	0.188	0.0	0.189	0.178	0.115	0.226	0.19	0.214	0.123	0.119	0.135	0.0	
Chromosome	3260312	C	T	0.003	0.139	0.003	0.0	0.0	0.0	0.0	0.0	0.0	0.0	0.0	0.0	0.0	0.0	0.0	0.004	0.0	0.0	0.0	0.0	0.0	0.0	0.0	0.0	0.0	0.0	0.0	0.0	0.0	0.0	0.0	0.0	0.0	0.0	0.0	0.0	0.0	0.0	0.0	0.0	0.0	0.0	0.0	0.0	0.0	0.0	0.0	0.0	0.0	0.0	0.0	0.0	0.0	0.0	0.0	0.0	0.0	0.0	0.0	0.0	0.0	0.0	0.0	0.0	0.0	0.0	0.0	0.0	0.0	
Chromosome	3777637	A	C	0.147	0.185	0.161	0.179	0.108	0.253	0.286	0.32	0.217	0.283	0.261	0.265	0.153	0.228	0.209	0.331	0.224	0.237	0.292	0.281	0.223	0.308	0.21	0.256	0.254	0.293	0.188	0.189	0.138	0.196	0.201	0.169	0.219	0.211	0.23	0.0	0.31	0.262	0.275	0.0	0.264	0.007	0.218	0.222	0.146	0.205	0.184	0.233	0.378	0.218	0.275	0.316	0.418	0.315	0.24	0.51	0.287	0.219	0.0	0.188	0.154	0.143	0.242	0.248	0.215	0.151	0.174	0.155	0.006	
Chromosome	3847886	T	A	0.206	0.2	0.24	0.207	0.167	0.214	0.246	0.165	0.36	0.279	0.2	0.241	0.186	0.171	0.147	0.297	0.26	0.225	0.3	0.203	0.205	0.235	0.234	0.259	0.333	0.253	0.227	0.134	0.206	0.159	0.258	0.204	0.267	0.251	0.258	0.0	0.243	0.263	0.259	0.0	0.274	0.0	0.238	0.245	0.229	0.269	0.219	0.236	0.183	0.256	0.22	0.195	0.187	0.223	0.237	0.408	0.286	0.291	0.0	0.274	0.253	0.219	0.169	0.238	0.27	0.242	0.245	0.224	0.0	
Chromosome	3878365	G	A	0.0	0.294	0.0	0.626	0.0	0.0	0.0	0.0	0.0	0.0	0.0	0.0	0.0	0.0	0.0	0.0	0.0	0.0	0.0	0.0	0.0	0.0	0.0	0.0	0.0	0.0	0.0	0.0	0.0	0.0	0.004	0.0	0.0	0.0	0.0	0.0	0.0	0.0	0.0	0.0	0.0	0.0	0.0	0.0	0.0	0.0	0.0	0.0	0.0	0.0	0.0	0.0	0.0	0.0	0.0	0.0	0.0	0.0	0.0	0.0	0.0	0.0	0.0	0.0	0.0	0.0	0.0	0.0	0.0	
Chromosome	4000351	T	A	0.105	0.148	0.096	0.097	0.078	0.136	0.142	0.109	0.095	0.142	0.139	0.128	0.063	0.061	0.078	0.097	0.028	0.172	0.197	0.165	0.136	0.133	0.154	0.128	0.131	0.06	0.042	0.082	0.064	0.138	0.089	0.098	0.087	0.057	0.199	0.0	0.111	0.141	0.155	0.0	0.15	0.0	0.129	0.155	0.126	0.098	0.119	0.181	0.15	0.172	0.15	0.14	0.142	0.162	0.168	0.068	0.1	0.075	0.0	0.117	0.086	0.085	0.094	0.067	0.171	0.153	0.107	0.106	0.0	
Chromosome	4028619	A	C	0.27	0.347	0.328	0.261	0.071	0.232	0.165	0.295	0.007	0.236	0.352	0.197	0.057	0.07	0.056	0.014	0.01	0.122	0.278	0.264	0.23	0.258	0.259	0.223	0.008	0.057	0.069	0.047	0.077	0.32	0.277	0.057	0.048	0.045	0.27	0.005	0.296	0.308	0.273	0.016	0.386	0.006	0.045	0.305	0.331	0.3	0.256	0.376	0.179	0.223	0.216	0.288	0.264	0.242	0.283	0.0	0.01	0.017	0.0	0.303	0.351	0.327	0.073	0.036	0.263	0.323	0.33	0.352	0.007	
Chromosome	4214560	C	A	0.452	0.45	0.502	0.481	0.533	0.441	0.444	0.525	0.503	0.477	0.478	0.474	0.465	0.518	0.466	0.465	0.544	0.5	0.53	0.506	0.48	0.485	0.401	0.533	0.478	0.449	0.475	0.494	0.517	0.494	0.476	0.515	0.485	0.48	0.481	0.463	0.458	0.491	0.505	0.538	0.511	0.524	0.498	0.496	0.478	0.497	0.486	0.431	0.453	0.479	0.42	0.509	0.468	0.49	0.472	0.509	0.462	0.494	0.408	0.494	0.506	0.43	0.49	0.489	0.515	0.442	0.432	0.326	0.498	
Chromosome	4214739	G	GT	0.34	0.305	0.358	0.333	0.395	0.304	0.332	0.352	0.324	0.364	0.304	0.32	0.338	0.351	0.336	0.368	0.472	0.392	0.342	0.38	0.312	0.339	0.353	0.34	0.358	0.313	0.303	0.316	0.331	0.332	0.321	0.353	0.327	0.388	0.339	0.327	0.332	0.362	0.287	0.317	0.332	0.357	0.306	0.309	0.32	0.334	0.355	0.331	0.371	0.301	0.321	0.371	0.324	0.352	0.367	0.535	0.391	0.331	0.26	0.338	0.314	0.329	0.36	0.327	0.316	0.303	0.304	0.266	0.329	
Chromosome	4214852	A	AGCAATGATCAATACCTGTGGATGAGCCT	0.06	0.073	0.062	0.066	0.074	0.043	0.078	0.072	0.05	0.058	0.023	0.048	0.056	0.076	0.083	0.069	0.07	0.099	0.049	0.107	0.048	0.074	0.046	0.047	0.057	0.059	0.07	0.045	0.05	0.069	0.061	0.07	0.066	0.067	0.066	0.022	0.065	0.047	0.037	0.051	0.087	0.097	0.015	0.066	0.044	0.084	0.064	0.024	0.074	0.088	0.054	0.039	0.026	0.069	0.048	0.065	0.06	0.058	0.082	0.057	0.058	0.053	0.058	0.067	0.049	0.073	0.054	0.058	0.045	
Chromosome	4321127	T	G	0.238	0.235	0.257	0.294	0.379	0.264	0.255	0.221	0.239	0.246	0.245	0.347	0.237	0.287	0.256	0.268	0.262	0.256	0.246	0.254	0.255	0.257	0.273	0.236	0.128	0.306	0.288	0.271	0.285	0.321	0.243	0.25	0.262	0.236	0.282	0.282	0.337	0.311	0.283	0.407	0.268	0.317	0.202	0.285	0.27	0.298	0.291	0.264	0.208	0.222	0.265	0.157	0.237	0.218	0.26	0.286	0.123	0.223	0.307	0.318	0.297	0.336	0.252	0.232	0.239	0.316	0.281	0.266	0.331	
Chromosome	4535654	T	G	0.003	0.093	0.003	0.0	0.0	0.0	0.0	0.008	0.0	0.0	0.0	0.0	0.0	0.0	0.0	0.164	0.0	0.0	0.0	0.0	0.0	0.0	0.0	0.0	0.0	0.0	0.0	0.004	0.0	0.003	0.003	0.0	0.0	0.0	0.0	0.0	0.006	0.0	0.0	0.0	0.0	0.0	0.0	0.0	0.003	0.0	0.0	0.0	0.0	0.01	0.0	0.0	0.0	0.007	0.0	0.018	0.0	0.0	0.0	0.0	0.0	0.0	0.0	0.0	0.004	0.0	0.0	0.0	0.0	
Chromosome	4598154	G	A	0.0	0.313	0.0	0.0	0.0	0.0	0.0	0.0	0.0	0.0	0.0	0.0	0.0	0.0	0.0	0.0	0.0	0.0	0.0	0.0	0.0	0.0	0.0	0.0	0.0	0.0	0.0	0.0	0.0	0.0	0.0	0.0	0.0	0.0	0.0	0.0	0.0	0.0	0.0	0.0	0.0	0.0	0.0	0.0	0.0	0.0	0.003	0.0	0.0	0.0	0.0	0.0	0.0	0.0	0.0	0.0	0.0	0.0	0.0	0.0	0.0	0.0	0.0	0.006	0.005	0.0	0.0	0.0	0.0	
Chromosome	4693375	T	G	0.206	0.221	0.241	0.215	0.12	0.25	0.237	0.314	0.119	0.259	0.235	0.347	0.22	0.214	0.249	0.238	0.195	0.281	0.189	0.238	0.227	0.248	0.277	0.376	0.145	0.205	0.203	0.246	0.221	0.221	0.223	0.145	0.166	0.212	0.216	0.006	0.284	0.335	0.264	0.006	0.264	0.0	0.137	0.268	0.249	0.169	0.212	0.193	0.239	0.214	0.25	0.213	0.264	0.204	0.284	0.176	0.184	0.148	0.012	0.225	0.223	0.21	0.186	0.219	0.243	0.189	0.256	0.15	0.0	
Chromosome	4724246	A	C	0.306	0.269	0.235	0.275	0.171	0.299	0.304	0.243	0.243	0.289	0.344	0.258	0.223	0.244	0.235	0.284	0.262	0.278	0.311	0.315	0.245	0.342	0.275	0.318	0.268	0.261	0.269	0.232	0.23	0.31	0.277	0.203	0.22	0.297	0.348	0.0	0.272	0.29	0.267	0.0	0.327	0.006	0.157	0.354	0.294	0.358	0.288	0.386	0.398	0.367	0.33	0.206	0.277	0.389	0.23	0.233	0.248	0.219	0.0	0.281	0.263	0.26	0.281	0.251	0.312	0.275	0.296	0.192	0.0	
Chromosome	4748744	C	CG	0.008	0.0	0.0	0.004	0.0	0.0	0.0	0.011	0.004	0.005	0.013	0.0	0.005	0.005	0.0	0.0	0.0	0.0	0.0	0.0	0.0	0.008	0.009	0.007	0.0	0.0	0.0	0.01	0.014	0.0	0.004	0.0	0.0	0.0	0.0	0.0	0.008	0.0	0.006	0.0	0.0	0.0	0.0	0.006	0.005	0.004	0.012	0.0	0.0	0.011	0.0	0.0	0.0	0.007	0.0	0.0	0.009	0.004	0.0	0.004	0.016	0.0	0.0	0.0	0.0	0.005	0.011	0.005	0.0	
Chromosome	4935416	G	A	0.0	0.347	0.0	0.0	0.0	0.0	0.0	0.0	0.0	0.0	0.0	0.0	0.0	0.0	0.0	0.0	0.0	0.0	0.0	0.0	0.0	0.0	0.0	0.0	0.0	0.0	0.0	0.0	0.0	0.0	0.0	0.0	0.0	0.0	0.0	0.0	0.0	0.0	0.0	0.0	0.0	0.0	0.0	0.0	0.0	0.0	0.0	0.0	0.0	0.0	0.0	0.0	0.0	0.0	0.0	0.0	0.0	0.0	0.0	0.0	0.0	0.0	0.0	0.0	0.0	0.0	0.0	0.0	0.0	
Chromosome	5461761	C	.	0.0	0.0	0.0	0.0	0.0	0.0	0.0	0.0	0.0	0.0	0.0	0.0	0.0	0.0	0.0	0.0	0.0	0.0	0.0	0.0	0.0	0.0	0.0	0.0	0.0	0.0	0.0	0.0	0.0	0.0	0.0	0.0	0.0	0.0	0.0	0.0	0.0	0.0	0.0	0.0	0.0	0.0	0.0	0.0	0.0	0.0	0.0	0.0	0.0	0.0	0.0	0.0	0.0	0.0	0.0	0.0	0.0	0.0	0.0	0.0	0.0	0.0	0.0	0.0	0.0	0.0	0.0	0.0	0.0	
Chromosome	5897510	T	G	0.078	0.121	0.069	0.092	0.09	0.138	0.074	0.095	0.086	0.132	0.09	0.123	0.094	0.078	0.112	0.057	0.174	0.109	0.125	0.075	0.055	0.073	0.091	0.083	0.132	0.115	0.119	0.126	0.112	0.085	0.1	0.071	0.136	0.108	0.087	0.005	0.114	0.081	0.128	0.0	0.167	0.005	0.124	0.14	0.072	0.059	0.094	0.11	0.063	0.053	0.085	0.105	0.097	0.081	0.098	0.063	0.078	0.091	0.0	0.118	0.117	0.123	0.107	0.07	0.068	0.081	0.124	0.119	0.0	
Chromosome	6458276	T	G	0.134	0.125	0.155	0.07	0.135	0.17	0.152	0.155	0.139	0.152	0.154	0.131	0.119	0.164	0.163	0.152	0.081	0.123	0.133	0.088	0.157	0.154	0.132	0.136	0.123	0.148	0.145	0.118	0.147	0.113	0.143	0.093	0.174	0.168	0.144	0.0	0.131	0.146	0.176	0.005	0.155	0.0	0.107	0.149	0.11	0.117	0.096	0.135	0.134	0.165	0.195	0.145	0.179	0.197	0.138	0.026	0.106	0.125	0.0	0.105	0.119	0.112	0.127	0.101	0.114	0.103	0.122	0.066	0.0	
Chromosome	6478690	A	C	0.176	0.176	0.195	0.141	0.093	0.306	0.242	0.271	0.244	0.223	0.195	0.215	0.174	0.205	0.192	0.207	0.183	0.27	0.239	0.265	0.26	0.193	0.248	0.271	0.253	0.176	0.176	0.124	0.199	0.203	0.196	0.146	0.201	0.206	0.275	0.0	0.27	0.287	0.257	0.006	0.327	0.0	0.112	0.229	0.196	0.202	0.182	0.363	0.285	0.252	0.296	0.308	0.305	0.296	0.255	0.241	0.199	0.18	0.0	0.193	0.166	0.147	0.188	0.162	0.247	0.124	0.19	0.182	0.023	
Chromosome	6687520	G	C	0.231	0.192	0.215	0.161	0.181	0.286	0.258	0.238	0.504	0.228	0.278	0.223	0.262	0.184	0.259	0.375	0.453	0.136	0.263	0.313	0.274	0.2	0.336	0.32	0.56	0.257	0.238	0.232	0.234	0.146	0.214	0.237	0.311	0.413	0.242	0.0	0.261	0.207	0.242	0.0	0.238	0.0	0.381	0.302	0.226	0.212	0.181	0.346	0.383	0.324	0.371	0.393	0.171	0.36	0.302	0.441	0.5	0.411	0.005	0.221	0.206	0.159	0.209	0.26	0.269	0.216	0.177	0.223	0.005	
Chromosome	6687524	T	G	0.332	0.314	0.285	0.265	0.115	0.434	0.459	0.475	0.46	0.342	0.451	0.34	0.288	0.226	0.232	0.425	0.429	0.333	0.458	0.512	0.505	0.57	0.53	0.45	0.446	0.277	0.215	0.257	0.276	0.27	0.319	0.195	0.291	0.372	0.348	0.0	0.447	0.368	0.432	0.0	0.394	0.012	0.245	0.444	0.299	0.311	0.257	0.525	0.611	0.5	0.592	0.5	0.578	0.471	0.426	0.429	0.311	0.333	0.004	0.296	0.303	0.247	0.204	0.318	0.328	0.289	0.293	0.267	0.005	
Chromosome	6966410	A	C	0.172	0.257	0.307	0.241	0.219	0.337	0.389	0.365	0.436	0.36	0.241	0.359	0.336	0.325	0.389	0.48	0.479	0.284	0.419	0.375	0.337	0.34	0.495	0.331	0.413	0.365	0.331	0.378	0.375	0.263	0.27	0.323	0.444	0.432	0.343	0.0	0.362	0.313	0.301	0.0	0.333	0.0	0.261	0.333	0.294	0.248	0.229	0.333	0.528	0.369	0.359	0.455	0.477	0.427	0.417	0.476	0.316	0.481	0.006	0.227	0.275	0.201	0.406	0.393	0.351	0.195	0.199	0.255	0.0	
