chromosome	pos	ref	mut	APAW	M9B	M91	M92	Ana1	BedA	BedB	BedC	BedD	CipA	CipB	CipC	CLFA	CLFB	CLFC	CombA2	CombA3	CombA	CombAu1	CombAu3	CombAu5	CombB	CombC	CycloA	CycloB	CycloC	EMBA	EMBB	EMBC	INH1	INH2	INHA	LzdA	LzdB	LzdC	MA_F1	MA_F2	MA_F3	MA_H1	MA_H2	MA_H3	MA_S1	MA_S2	MA_S3	MMCA	MMCB	MMCC	MockA	MockB	MockC	MockD	MockE	MockF	MockG	MockH	MockI	MockJ	MockK	MockL	NANOA	NANOB	NANOC	RIFA	RIFB	RIFC	UV1	UV2	UV3	WT_Msm
Chromosome	59066	G	T	0.0	0.065	0.0	0.0	0.0	0.006	0.007	0.0	0.0	0.008	0.0	0.0	0.0	0.0	0.0	0.007	0.0	0.0	0.0	0.0	0.0	0.0	0.0	0.0	0.0	0.0	0.0	0.0	0.003	0.0	0.0	0.0	0.0	0.0	0.0	0.0	0.0	0.0	0.0	0.0	0.0	0.006	0.0	0.0	0.003	0.0	0.0	0.0	0.0	0.0	0.0	0.007	0.0	0.006	0.0	0.0	0.0	0.003	0.006	0.003	0.0	0.0	0.0	0.0	0.0	0.003	0.0	0.0	0.0	
Chromosome	199625	A	C	0.0	0.6	0.0	0.0	0.0	0.0	0.0	0.007	0.004	0.0	0.0	0.0	0.0	0.0	0.0	0.004	0.0	0.0	0.007	0.0	0.0	0.0	0.006	0.0	0.0	0.0	0.0	0.004	0.004	0.0	0.0	0.0	0.005	0.0	0.0	0.0	0.0	0.0	0.0	0.0	0.0	0.0	0.0	0.0	0.0	0.0	0.0	0.008	0.0	0.0	0.0	0.0	0.0	0.0	0.0	0.0	0.004	0.003	0.0	0.0	0.0	0.0	0.0	0.0	0.0	0.0	0.0	0.0	0.007	
Chromosome	308623	A	C	0.241	0.287	0.257	0.267	0.173	0.295	0.303	0.326	0.198	0.25	0.265	0.358	0.229	0.199	0.237	0.197	0.207	0.282	0.276	0.331	0.366	0.25	0.254	0.28	0.219	0.241	0.245	0.191	0.253	0.23	0.228	0.206	0.291	0.215	0.38	0.005	0.312	0.331	0.267	0.0	0.265	0.006	0.2	0.296	0.236	0.269	0.291	0.362	0.295	0.273	0.361	0.391	0.3	0.333	0.25	0.091	0.231	0.286	0.0	0.268	0.315	0.213	0.237	0.319	0.34	0.267	0.259	0.251	0.0	
Chromosome	431659	C	.	0.0	0.0	0.0	0.0	0.0	0.0	0.0	0.0	0.0	0.0	0.0	0.0	0.0	0.0	0.0	0.0	0.0	0.0	0.0	0.0	0.0	0.0	0.0	0.0	0.0	0.0	0.0	0.0	0.0	0.0	0.0	0.0	0.0	0.0	0.0	0.0	0.0	0.0	0.0	0.0	0.0	0.0	0.0	0.0	0.0	0.0	0.0	0.0	0.0	0.0	0.0	0.0	0.0	0.0	0.0	0.0	0.0	0.0	0.0	0.0	0.0	0.0	0.0	0.0	0.0	0.0	0.0	0.0	0.0	
Chromosome	431660	T	.	0.0	0.0	0.0	0.0	0.0	0.0	0.0	0.0	0.0	0.0	0.0	0.0	0.0	0.0	0.0	0.0	0.0	0.0	0.0	0.0	0.0	0.0	0.0	0.0	0.0	0.0	0.0	0.0	0.0	0.0	0.0	0.0	0.0	0.0	0.0	0.0	0.0	0.0	0.0	0.0	0.0	0.0	0.0	0.0	0.0	0.0	0.0	0.0	0.0	0.0	0.0	0.0	0.0	0.0	0.0	0.0	0.0	0.0	0.0	0.0	0.0	0.0	0.0	0.0	0.0	0.0	0.0	0.0	0.0	
Chromosome	431661	G	.	0.0	0.0	0.0	0.0	0.0	0.0	0.0	0.0	0.0	0.0	0.0	0.0	0.0	0.0	0.0	0.0	0.0	0.0	0.0	0.0	0.0	0.0	0.0	0.0	0.0	0.0	0.0	0.0	0.0	0.0	0.0	0.0	0.0	0.0	0.0	0.0	0.0	0.0	0.0	0.0	0.0	0.0	0.0	0.0	0.0	0.0	0.0	0.0	0.0	0.0	0.0	0.0	0.0	0.0	0.0	0.0	0.0	0.0	0.0	0.0	0.0	0.0	0.0	0.0	0.0	0.0	0.0	0.0	0.0	
Chromosome	431664	A	.	0.0	0.0	0.0	0.0	0.0	0.0	0.0	0.0	0.0	0.0	0.0	0.0	0.0	0.0	0.0	0.0	0.0	0.0	0.0	0.0	0.0	0.0	0.0	0.0	0.0	0.0	0.0	0.0	0.0	0.0	0.0	0.0	0.0	0.0	0.0	0.0	0.0	0.0	0.0	0.0	0.0	0.0	0.0	0.0	0.0	0.0	0.0	0.0	0.0	0.0	0.0	0.0	0.0	0.0	0.0	0.0	0.0	0.0	0.0	0.0	0.0	0.0	0.0	0.0	0.0	0.0	0.0	0.0	0.0	
Chromosome	706123	T	G	0.145	0.143	0.16	0.141	0.094	0.195	0.196	0.2	0.155	0.187	0.222	0.226	0.158	0.104	0.112	0.173	0.132	0.2	0.212	0.221	0.237	0.163	0.243	0.209	0.172	0.167	0.155	0.149	0.15	0.167	0.092	0.128	0.159	0.108	0.251	0.0	0.209	0.181	0.209	0.006	0.205	0.005	0.114	0.151	0.106	0.158	0.138	0.219	0.212	0.236	0.263	0.204	0.225	0.25	0.253	0.205	0.168	0.171	0.005	0.139	0.15	0.164	0.11	0.167	0.186	0.162	0.134	0.171	0.007	
Chromosome	917614	C	T	0.0	0.613	0.0	0.0	0.0	0.0	0.0	0.0	0.0	0.004	0.0	0.0	0.0	0.0	0.0	0.0	0.0	0.0	0.0	0.0	0.0	0.0	0.0	0.0	0.0	0.0	0.0	0.0	0.0	0.0	0.0	0.0	0.0	0.0	0.0	0.0	0.0	0.0	0.0	0.0	0.0	0.0	0.0	0.0	0.0	0.0	0.0	0.0	0.0	0.0	0.0	0.0	0.0	0.0	0.0	0.0	0.0	0.0	0.0	0.0	0.0	0.0	0.0	0.0	0.0	0.0	0.0	0.0	0.005	
Chromosome	1856956	A	C	0.08	0.111	0.133	0.073	0.09	0.135	0.157	0.143	0.103	0.159	0.119	0.127	0.104	0.134	0.094	0.111	0.108	0.164	0.173	0.147	0.144	0.148	0.179	0.124	0.099	0.113	0.113	0.081	0.105	0.086	0.076	0.083	0.104	0.105	0.146	0.0	0.119	0.107	0.13	0.012	0.167	0.0	0.077	0.145	0.1	0.081	0.071	0.144	0.11	0.142	0.113	0.167	0.17	0.161	0.147	0.111	0.099	0.109	0.013	0.122	0.064	0.103	0.104	0.079	0.107	0.075	0.092	0.073	0.0	
Chromosome	2195100	T	G	0.089	0.121	0.114	0.142	0.085	0.124	0.186	0.12	0.178	0.192	0.205	0.162	0.186	0.129	0.143	0.174	0.151	0.198	0.141	0.22	0.198	0.168	0.155	0.199	0.129	0.151	0.145	0.137	0.179	0.112	0.094	0.09	0.15	0.143	0.184	0.0	0.156	0.119	0.225	0.0	0.156	0.005	0.149	0.074	0.142	0.103	0.093	0.132	0.184	0.188	0.225	0.17	0.144	0.201	0.16	0.14	0.164	0.128	0.0	0.119	0.12	0.141	0.158	0.131	0.204	0.109	0.116	0.088	0.007	
Chromosome	2195144	T	G	0.142	0.181	0.161	0.17	0.092	0.217	0.177	0.189	0.099	0.226	0.268	0.225	0.162	0.072	0.084	0.129	0.1	0.244	0.254	0.201	0.19	0.203	0.194	0.234	0.093	0.124	0.058	0.129	0.163	0.164	0.174	0.063	0.107	0.083	0.205	0.0	0.202	0.254	0.218	0.006	0.251	0.006	0.068	0.187	0.164	0.145	0.177	0.233	0.247	0.229	0.25	0.221	0.208	0.22	0.191	0.147	0.07	0.083	0.0	0.171	0.199	0.159	0.15	0.156	0.186	0.196	0.16	0.124	0.0	
Chromosome	2535884	T	A	0.282	0.32	0.261	0.235	0.176	0.2	0.281	0.197	0.119	0.238	0.314	0.315	0.198	0.169	0.172	0.149	0.192	0.314	0.246	0.187	0.202	0.202	0.259	0.236	0.203	0.192	0.123	0.203	0.16	0.332	0.256	0.14	0.161	0.151	0.239	0.0	0.277	0.251	0.28	0.0	0.287	0.0	0.168	0.314	0.228	0.271	0.284	0.259	0.219	0.224	0.286	0.236	0.235	0.271	0.248	0.115	0.136	0.167	0.0	0.312	0.315	0.33	0.141	0.186	0.3	0.312	0.266	0.339	0.0	
Chromosome	2579189	A	C	0.173	0.223	0.21	0.225	0.134	0.268	0.276	0.242	0.322	0.271	0.222	0.31	0.219	0.219	0.213	0.261	0.246	0.282	0.237	0.297	0.183	0.206	0.319	0.253	0.25	0.187	0.23	0.232	0.224	0.248	0.226	0.202	0.275	0.243	0.239	0.006	0.273	0.263	0.274	0.0	0.395	0.0	0.226	0.303	0.277	0.259	0.226	0.283	0.34	0.287	0.219	0.263	0.281	0.333	0.308	0.238	0.256	0.256	0.0	0.225	0.219	0.226	0.154	0.254	0.234	0.26	0.238	0.244	0.013	
Chromosome	2753883	C	T	0.0	0.0	0.0	0.0	0.0	0.0	0.0	0.0	0.0	0.0	0.0	0.0	0.0	0.0	0.0	0.0	0.0	0.0	0.0	0.0	0.0	0.0	0.0	0.0	0.0	0.0	0.0	0.0	0.0	0.0	0.0	0.0	0.0	0.0	0.0	0.0	0.0	0.0	0.0	0.0	0.0	0.0	0.0	0.0	0.0	0.0	0.0	0.0	0.0	0.0	0.0	0.0	0.0	0.0	0.0	0.0	0.0	0.0	0.0	0.0	0.0	0.0	0.0	0.0	0.0	0.0	0.0	0.0	0.0	
Chromosome	2800790	C	G	0.196	0.237	0.273	0.232	0.266	0.288	0.211	0.261	0.253	0.288	0.314	0.296	0.25	0.253	0.256	0.264	0.289	0.344	0.215	0.191	0.224	0.229	0.191	0.238	0.299	0.291	0.215	0.164	0.262	0.25	0.254	0.286	0.275	0.249	0.24	0.148	0.278	0.279	0.253	0.194	0.204	0.132	0.298	0.189	0.225	0.217	0.247	0.258	0.234	0.23	0.163	0.252	0.232	0.259	0.222	0.364	0.307	0.259	0.132	0.276	0.227	0.238	0.333	0.228	0.241	0.226	0.257	0.258	0.102	
Chromosome	2800797	C	G	0.283	0.271	0.312	0.23	0.291	0.346	0.216	0.274	0.286	0.242	0.31	0.313	0.268	0.262	0.277	0.267	0.263	0.315	0.21	0.252	0.27	0.256	0.239	0.252	0.338	0.291	0.243	0.227	0.272	0.258	0.293	0.336	0.315	0.294	0.229	0.169	0.281	0.293	0.268	0.269	0.237	0.2	0.373	0.168	0.231	0.294	0.279	0.278	0.223	0.217	0.194	0.232	0.281	0.299	0.287	0.375	0.306	0.295	0.223	0.28	0.29	0.27	0.38	0.247	0.253	0.225	0.296	0.289	0.155	
Chromosome	2800804	T	G	0.218	0.215	0.27	0.158	0.199	0.231	0.178	0.222	0.259	0.229	0.33	0.295	0.228	0.251	0.203	0.268	0.266	0.239	0.22	0.224	0.159	0.182	0.2	0.256	0.251	0.289	0.154	0.205	0.267	0.183	0.202	0.226	0.302	0.254	0.253	0.204	0.302	0.251	0.263	0.205	0.21	0.187	0.276	0.217	0.213	0.215	0.212	0.222	0.259	0.19	0.163	0.165	0.293	0.255	0.227	0.345	0.287	0.27	0.195	0.224	0.256	0.157	0.301	0.198	0.228	0.198	0.198	0.192	0.215	
Chromosome	2829829	A	C	0.21	0.196	0.185	0.164	0.146	0.311	0.26	0.289	0.171	0.236	0.25	0.255	0.191	0.15	0.155	0.169	0.113	0.255	0.297	0.315	0.216	0.336	0.289	0.263	0.122	0.134	0.217	0.16	0.115	0.207	0.15	0.111	0.169	0.133	0.214	0.0	0.209	0.261	0.25	0.0	0.172	0.005	0.156	0.207	0.181	0.239	0.218	0.25	0.25	0.28	0.292	0.209	0.286	0.276	0.236	0.214	0.167	0.142	0.013	0.207	0.194	0.176	0.156	0.185	0.213	0.192	0.196	0.16	0.0	
Chromosome	2946508	A	C	0.246	0.213	0.201	0.204	0.101	0.217	0.231	0.185	0.093	0.214	0.243	0.283	0.125	0.082	0.143	0.089	0.048	0.182	0.213	0.25	0.216	0.198	0.211	0.218	0.103	0.136	0.094	0.074	0.169	0.226	0.268	0.122	0.069	0.05	0.24	0.007	0.327	0.318	0.269	0.007	0.321	0.013	0.123	0.293	0.197	0.281	0.231	0.284	0.258	0.273	0.293	0.171	0.168	0.185	0.333	0.056	0.071	0.058	0.0	0.227	0.227	0.227	0.159	0.182	0.219	0.23	0.269	0.168	0.01	
Chromosome	3123426	T	G	0.146	0.142	0.154	0.163	0.126	0.244	0.243	0.258	0.263	0.228	0.21	0.237	0.243	0.218	0.161	0.27	0.245	0.343	0.197	0.273	0.209	0.254	0.204	0.286	0.241	0.283	0.173	0.237	0.205	0.135	0.095	0.131	0.256	0.257	0.206	0.006	0.287	0.24	0.205	0.0	0.195	0.007	0.176	0.237	0.155	0.113	0.163	0.248	0.169	0.377	0.25	0.245	0.33	0.227	0.246	0.348	0.246	0.188	0.0	0.189	0.178	0.115	0.226	0.19	0.214	0.123	0.119	0.135	0.0	
Chromosome	3278750	A	C	0.195	0.181	0.191	0.18	0.123	0.16	0.238	0.298	0.071	0.182	0.231	0.234	0.11	0.096	0.111	0.043	0.092	0.169	0.267	0.224	0.148	0.254	0.182	0.245	0.033	0.102	0.081	0.114	0.138	0.171	0.196	0.058	0.038	0.04	0.221	0.0	0.207	0.215	0.223	0.0	0.23	0.0	0.045	0.203	0.227	0.205	0.179	0.19	0.245	0.22	0.242	0.127	0.171	0.101	0.214	0.152	0.088	0.044	0.0	0.209	0.224	0.188	0.085	0.094	0.2	0.193	0.235	0.218	0.0	
Chromosome	3777630	T	G	0.182	0.158	0.145	0.216	0.163	0.227	0.304	0.34	0.231	0.305	0.299	0.26	0.225	0.299	0.214	0.366	0.344	0.338	0.275	0.308	0.26	0.316	0.314	0.263	0.302	0.192	0.223	0.204	0.2	0.164	0.176	0.149	0.194	0.224	0.254	0.0	0.301	0.251	0.22	0.007	0.331	0.0	0.255	0.244	0.182	0.133	0.184	0.213	0.27	0.277	0.305	0.24	0.355	0.257	0.267	0.411	0.275	0.349	0.0	0.175	0.212	0.227	0.161	0.252	0.196	0.217	0.176	0.188	0.0	
Chromosome	3847886	T	A	0.206	0.207	0.24	0.2	0.167	0.214	0.246	0.165	0.36	0.279	0.2	0.241	0.186	0.171	0.147	0.297	0.26	0.225	0.3	0.203	0.205	0.235	0.234	0.259	0.333	0.253	0.227	0.134	0.206	0.159	0.258	0.204	0.267	0.251	0.258	0.0	0.243	0.263	0.259	0.0	0.274	0.0	0.238	0.245	0.229	0.269	0.219	0.236	0.183	0.256	0.22	0.195	0.187	0.223	0.237	0.408	0.286	0.291	0.0	0.274	0.253	0.219	0.169	0.238	0.27	0.242	0.245	0.224	0.0	
Chromosome	3878365	G	A	0.0	0.626	0.0	0.294	0.0	0.0	0.0	0.0	0.0	0.0	0.0	0.0	0.0	0.0	0.0	0.0	0.0	0.0	0.0	0.0	0.0	0.0	0.0	0.0	0.0	0.0	0.0	0.0	0.0	0.0	0.004	0.0	0.0	0.0	0.0	0.0	0.0	0.0	0.0	0.0	0.0	0.0	0.0	0.0	0.0	0.0	0.0	0.0	0.0	0.0	0.0	0.0	0.0	0.0	0.0	0.0	0.0	0.0	0.0	0.0	0.0	0.0	0.0	0.0	0.0	0.0	0.0	0.0	0.0	
Chromosome	4214560	C	A	0.452	0.481	0.502	0.45	0.533	0.441	0.444	0.525	0.503	0.477	0.478	0.474	0.465	0.518	0.466	0.465	0.544	0.5	0.53	0.506	0.48	0.485	0.401	0.533	0.478	0.449	0.475	0.494	0.517	0.494	0.476	0.515	0.485	0.48	0.481	0.463	0.458	0.491	0.505	0.538	0.511	0.524	0.498	0.496	0.478	0.497	0.486	0.431	0.453	0.479	0.42	0.509	0.468	0.49	0.472	0.509	0.462	0.494	0.408	0.494	0.506	0.43	0.49	0.489	0.515	0.442	0.432	0.326	0.498	
Chromosome	4214739	G	GT	0.34	0.333	0.358	0.305	0.395	0.304	0.332	0.352	0.324	0.364	0.304	0.32	0.338	0.351	0.336	0.368	0.472	0.392	0.342	0.38	0.312	0.339	0.353	0.34	0.358	0.313	0.303	0.316	0.331	0.332	0.321	0.353	0.327	0.388	0.339	0.327	0.332	0.362	0.287	0.317	0.332	0.357	0.306	0.309	0.32	0.334	0.355	0.331	0.371	0.301	0.321	0.371	0.324	0.352	0.367	0.535	0.391	0.331	0.26	0.338	0.314	0.329	0.36	0.327	0.316	0.303	0.304	0.266	0.329	
Chromosome	4214852	A	AG	0.06	0.066	0.062	0.073	0.074	0.043	0.078	0.072	0.05	0.058	0.023	0.048	0.056	0.076	0.083	0.069	0.07	0.099	0.049	0.107	0.048	0.074	0.046	0.047	0.057	0.059	0.07	0.045	0.05	0.069	0.061	0.07	0.066	0.067	0.066	0.022	0.065	0.047	0.037	0.051	0.087	0.097	0.015	0.066	0.044	0.084	0.064	0.024	0.074	0.088	0.054	0.039	0.026	0.069	0.048	0.065	0.06	0.058	0.082	0.057	0.058	0.053	0.058	0.067	0.049	0.073	0.054	0.058	0.045	
Chromosome	4214853	C	CAATGATCAATACCTGTGGAT	0.0	0.003	0.0	0.0	0.0	0.0	0.0	0.008	0.0	0.004	0.0	0.0	0.0	0.013	0.003	0.0	0.0	0.0	0.006	0.0	0.0	0.006	0.0	0.0	0.004	0.0	0.008	0.003	0.0	0.0	0.003	0.004	0.0	0.004	0.0	0.011	0.0	0.006	0.0	0.034	0.0	0.067	0.0	0.004	0.0	0.0	0.004	0.0	0.0	0.0	0.0	0.007	0.0	0.006	0.008	0.0	0.004	0.006	0.06	0.0	0.0	0.0	0.008	0.009	0.0	0.0	0.0	0.0	0.019	
Chromosome	4449597	A	C	0.114	0.15	0.158	0.154	0.033	0.203	0.227	0.218	0.103	0.154	0.189	0.195	0.11	0.104	0.106	0.121	0.145	0.123	0.24	0.218	0.256	0.19	0.206	0.252	0.126	0.103	0.115	0.123	0.093	0.201	0.168	0.066	0.124	0.154	0.241	0.0	0.197	0.182	0.208	0.0	0.241	0.0	0.062	0.188	0.188	0.131	0.162	0.226	0.274	0.262	0.278	0.237	0.2	0.308	0.27	0.1	0.108	0.149	0.005	0.182	0.165	0.116	0.121	0.098	0.235	0.179	0.162	0.129	0.007	
Chromosome	4661522	G	A	0.0	0.106	0.354	0.0	0.0	0.0	0.0	0.0	0.0	0.0	0.0	0.0	0.0	0.0	0.0	0.0	0.0	0.0	0.0	0.0	0.0	0.007	0.0	0.0	0.0	0.004	0.0	0.0	0.0	0.0	0.0	0.0	0.0	0.0	0.0	0.0	0.0	0.0	0.0	0.0	0.0	0.0	0.0	0.0	0.0	0.0	0.0	0.0	0.0	0.0	0.0	0.0	0.0	0.0	0.0	0.0	0.0	0.0	0.0	0.0	0.0	0.0	0.0	0.0	0.0	0.003	0.0	0.0	0.0	
Chromosome	4693127	A	G	0.046	0.223	0.067	0.027	0.0	0.081	0.036	0.075	0.008	0.096	0.01	0.042	0.0	0.0	0.0	0.0	0.0	0.018	0.046	0.039	0.089	0.027	0.099	0.044	0.0	0.0	0.0	0.0	0.008	0.074	0.067	0.0	0.0	0.0	0.069	0.023	0.057	0.042	0.037	0.031	0.022	0.057	0.0	0.046	0.063	0.05	0.032	0.023	0.041	0.018	0.071	0.039	0.065	0.019	0.053	0.0	0.0	0.0	0.037	0.074	0.052	0.056	0.0	0.0	0.045	0.045	0.044	0.028	0.052	
Chromosome	4693375	T	G	0.206	0.215	0.241	0.221	0.12	0.25	0.237	0.314	0.119	0.259	0.235	0.347	0.22	0.214	0.249	0.238	0.195	0.281	0.189	0.238	0.227	0.248	0.277	0.376	0.145	0.205	0.203	0.246	0.221	0.221	0.223	0.145	0.166	0.212	0.216	0.006	0.284	0.335	0.264	0.006	0.264	0.0	0.137	0.268	0.249	0.169	0.212	0.193	0.239	0.214	0.25	0.213	0.264	0.204	0.284	0.176	0.184	0.148	0.012	0.225	0.223	0.21	0.186	0.219	0.243	0.189	0.256	0.15	0.0	
Chromosome	5394573	C	CA	0.0	0.077	0.0	0.0	0.0	0.0	0.0	0.0	0.0	0.0	0.0	0.0	0.007	0.0	0.0	0.0	0.0	0.0	0.0	0.0	0.0	0.0	0.0	0.0	0.0	0.0	0.0	0.0	0.0	0.0	0.0	0.0	0.0	0.0	0.0	0.0	0.0	0.0	0.0	0.0	0.0	0.0	0.0	0.0	0.0	0.0	0.0	0.0	0.0	0.0	0.0	0.0	0.0	0.0	0.0	0.0	0.0	0.0	0.0	0.0	0.0	0.0	0.0	0.0	0.0	0.0	0.0	0.0	0.0	
Chromosome	5812482	A	C	0.256	0.247	0.243	0.243	0.248	0.364	0.286	0.176	0.433	0.274	0.256	0.256	0.232	0.276	0.298	0.516	0.469	0.357	0.236	0.3	0.447	0.264	0.375	0.394	0.43	0.339	0.29	0.267	0.379	0.224	0.271	0.217	0.482	0.423	0.312	0.006	0.34	0.26	0.306	0.036	0.263	0.006	0.41	0.374	0.302	0.23	0.234	0.362	0.365	0.422	0.321	0.273	0.357	0.362	0.512	0.263	0.417	0.381	0.0	0.25	0.252	0.225	0.308	0.432	0.394	0.266	0.202	0.209	0.007	
Chromosome	6336520	T	G	0.244	0.268	0.335	0.325	0.276	0.378	0.288	0.297	0.35	0.317	0.281	0.321	0.312	0.4	0.35	0.315	0.571	0.4	0.316	0.278	0.293	0.39	0.352	0.407	0.392	0.328	0.381	0.292	0.258	0.246	0.307	0.324	0.34	0.286	0.416	0.005	0.323	0.296	0.347	0.013	0.339	0.017	0.256	0.409	0.246	0.397	0.282	0.415	0.356	0.308	0.3	0.413	0.348	0.358	0.269	0.643	0.367	0.391	0.005	0.317	0.296	0.269	0.343	0.368	0.331	0.288	0.281	0.346	0.0	
Chromosome	6336529	A	C	0.121	0.135	0.164	0.164	0.022	0.274	0.284	0.228	0.048	0.167	0.188	0.147	0.047	0.05	0.047	0.062	0.083	0.273	0.229	0.193	0.25	0.287	0.33	0.346	0.071	0.049	0.073	0.028	0.033	0.111	0.135	0.02	0.014	0.048	0.218	0.0	0.175	0.186	0.197	0.0	0.208	0.0	0.013	0.202	0.075	0.184	0.141	0.266	0.274	0.296	0.212	0.247	0.167	0.264	0.25	0.0	0.13	0.045	0.0	0.152	0.141	0.137	0.051	0.029	0.15	0.127	0.172	0.159	0.0	
Chromosome	6336530	A	C	0.311	0.27	0.307	0.271	0.194	0.423	0.479	0.549	0.364	0.373	0.504	0.319	0.339	0.379	0.409	0.457	0.65	0.426	0.444	0.552	0.448	0.57	0.522	0.415	0.514	0.338	0.433	0.349	0.387	0.218	0.247	0.255	0.371	0.433	0.492	0.0	0.387	0.421	0.424	0.006	0.408	0.0	0.385	0.372	0.288	0.293	0.241	0.548	0.438	0.586	0.506	0.373	0.5	0.523	0.534	0.667	0.585	0.403	0.0	0.255	0.285	0.199	0.331	0.267	0.395	0.258	0.247	0.301	0.0	
Chromosome	6416078	C	G	0.042	0.062	0.042	0.044	0.0	0.036	0.076	0.057	0.0	0.03	0.036	0.029	0.01	0.01	0.017	0.0	0.01	0.057	0.057	0.05	0.031	0.038	0.04	0.06	0.032	0.012	0.014	0.022	0.013	0.044	0.036	0.015	0.021	0.011	0.005	0.046	0.017	0.011	0.041	0.044	0.029	0.036	0.005	0.023	0.03	0.017	0.041	0.071	0.056	0.029	0.062	0.028	0.031	0.076	0.028	0.0	0.01	0.009	0.042	0.042	0.038	0.046	0.021	0.005	0.033	0.049	0.046	0.039	0.012	
Chromosome	6696486	G	A	0.0	0.08	0.0	0.0	0.0	0.0	0.0	0.005	0.0	0.0	0.0	0.0	0.0	0.0	0.0	0.0	0.0	0.0	0.0	0.0	0.0	0.0	0.0	0.0	0.0	0.0	0.0	0.0	0.0	0.0	0.0	0.0	0.0	0.0	0.0	0.0	0.0	0.0	0.004	0.0	0.0	0.0	0.0	0.005	0.0	0.0	0.0	0.0	0.0	0.0	0.0	0.005	0.0	0.0	0.0	0.0	0.0	0.0	0.0	0.0	0.0	0.0	0.0	0.0	0.0	0.0	0.0	0.0	0.0	
Chromosome	6923330	T	G	0.29	0.261	0.31	0.292	0.253	0.352	0.347	0.411	0.365	0.397	0.421	0.319	0.333	0.374	0.324	0.472	0.587	0.472	0.467	0.396	0.397	0.383	0.427	0.39	0.423	0.307	0.372	0.351	0.382	0.258	0.264	0.271	0.46	0.412	0.466	0.0	0.392	0.372	0.322	0.0	0.42	0.006	0.265	0.283	0.261	0.294	0.261	0.339	0.411	0.474	0.417	0.493	0.376	0.471	0.507	0.588	0.413	0.437	0.0	0.261	0.3	0.279	0.36	0.294	0.352	0.236	0.273	0.232	0.014	
