chromosome	pos	ref	mut	APAW	MMCB	MMCA	MMCC	Ana1	BedA	BedB	BedC	BedD	CipA	CipB	CipC	CLFA	CLFB	CLFC	CombA2	CombA3	CombA	CombAu1	CombAu3	CombAu5	CombB	CombC	CycloA	CycloB	CycloC	EMBA	EMBB	EMBC	INH1	INH2	INHA	LzdA	LzdB	LzdC	M91	M92	M9B	MA_F1	MA_F2	MA_F3	MA_H1	MA_H2	MA_H3	MA_S1	MA_S2	MA_S3	MockA	MockB	MockC	MockD	MockE	MockF	MockG	MockH	MockI	MockJ	MockK	MockL	NANOA	NANOB	NANOC	RIFA	RIFB	RIFC	UV1	UV2	UV3	WT_Msm
Chromosome	35052	T	A	0.163	0.197	0.185	0.212	0.091	0.242	0.257	0.277	0.177	0.232	0.177	0.209	0.115	0.113	0.073	0.151	0.184	0.247	0.289	0.267	0.205	0.29	0.208	0.368	0.175	0.083	0.108	0.181	0.104	0.218	0.185	0.139	0.147	0.169	0.329	0.221	0.211	0.163	0.0	0.26	0.183	0.219	0.0	0.192	0.0	0.12	0.241	0.289	0.279	0.258	0.315	0.289	0.326	0.392	0.299	0.25	0.2	0.169	0.0	0.206	0.186	0.142	0.125	0.073	0.244	0.153	0.224	0.168	0.0	
Chromosome	142700	G	T	0.0	0.228	0.0	0.216	0.0	0.0	0.0	0.0	0.0	0.0	0.006	0.0	0.0	0.0	0.0	0.0	0.0	0.0	0.0	0.0	0.0	0.0	0.0	0.0	0.0	0.003	0.0	0.0	0.0	0.0	0.003	0.0	0.0	0.0	0.005	0.0	0.0	0.0	0.0	0.0	0.0	0.004	0.0	0.0	0.0	0.0	0.005	0.0	0.006	0.0	0.0	0.0	0.0	0.0	0.0	0.0	0.0	0.0	0.0	0.0	0.0	0.0	0.0	0.0	0.0	0.0	0.0	0.0	0.0	
Chromosome	277118	G	C	0.0	0.104	0.0	0.0	0.0	0.0	0.0	0.0	0.0	0.0	0.0	0.0	0.0	0.0	0.0	0.0	0.0	0.0	0.0	0.0	0.0	0.0	0.0	0.0	0.0	0.0	0.0	0.0	0.0	0.0	0.0	0.0	0.0	0.0	0.0	0.0	0.0	0.0	0.004	0.0	0.0	0.0	0.0	0.0	0.0	0.0	0.0	0.0	0.0	0.0	0.0	0.0	0.0	0.0	0.0	0.0	0.0	0.0	0.0	0.0	0.0	0.0	0.0	0.0	0.0	0.0	0.002	0.0	0.0	
Chromosome	367717	G	A	0.0	0.147	0.0	0.233	0.0	0.0	0.0	0.0	0.0	0.0	0.0	0.0	0.0	0.004	0.0	0.0	0.0	0.0	0.0	0.0	0.0	0.0	0.0	0.0	0.0	0.0	0.0	0.0	0.0	0.0	0.0	0.0	0.0	0.0	0.0	0.003	0.002	0.003	0.0	0.0	0.0	0.0	0.0	0.0	0.0	0.0	0.0	0.0	0.0	0.0	0.0	0.0	0.0	0.0	0.0	0.0	0.0	0.0	0.0	0.0	0.0	0.0	0.0	0.0	0.0	0.0	0.0	0.0	0.0	
Chromosome	379867	G	C	0.0	0.238	0.0	0.002	0.0	0.0	0.0	0.0	0.0	0.0	0.0	0.0	0.0	0.25	0.0	0.0	0.0	0.0	0.0	0.0	0.0	0.0	0.0	0.0	0.0	0.0	0.0	0.0	0.0	0.0	0.0	0.0	0.0	0.0	0.0	0.0	0.0	0.0	0.0	0.0	0.0	0.0	0.0	0.0	0.005	0.0	0.0	0.0	0.0	0.0	0.0	0.0	0.0	0.0	0.0	0.0	0.0	0.0	0.004	0.0	0.0	0.0	0.0	0.0	0.0	0.0	0.0	0.0	0.0	
Chromosome	467059	G	T	0.0	0.205	0.0	0.0	0.0	0.0	0.0	0.0	0.0	0.0	0.0	0.0	0.0	0.0	0.0	0.0	0.0	0.0	0.0	0.0	0.0	0.0	0.0	0.0	0.0	0.0	0.0	0.0	0.004	0.003	0.0	0.0	0.0	0.0	0.0	0.0	0.002	0.0	0.0	0.0	0.0	0.0	0.0	0.0	0.005	0.0	0.0	0.0	0.0	0.0	0.0	0.0	0.007	0.0	0.0	0.0	0.0	0.0	0.0	0.004	0.002	0.0	0.004	0.0	0.0	0.0	0.0	0.0	0.0	
Chromosome	516908	C	G	0.0	0.043	0.0	0.0	0.0	0.0	0.0	0.0	0.0	0.0	0.0	0.0	0.0	0.0	0.0	0.0	0.0	0.008	0.0	0.0	0.0	0.0	0.0	0.0	0.0	0.0	0.0	0.0	0.0	0.0	0.0	0.0	0.0	0.0	0.0	0.0	0.0	0.0	0.0	0.004	0.0	0.0	0.006	0.0	0.0	0.0	0.0	0.0	0.0	0.0	0.0	0.0	0.0	0.0	0.0	0.0	0.0	0.0	0.0	0.0	0.0	0.0	0.0	0.0	0.0	0.0	0.0	0.0	0.0	
Chromosome	537170	T	C	0.0	0.247	0.0	0.0	0.0	0.0	0.0	0.0	0.003	0.0	0.0	0.0	0.0	0.0	0.148	0.0	0.0	0.0	0.0	0.0	0.0	0.0	0.0	0.0	0.0	0.0	0.0	0.0	0.0	0.0	0.0	0.0	0.0	0.0	0.0	0.0	0.0	0.0	0.0	0.0	0.0	0.0	0.0	0.0	0.0	0.0	0.0	0.0	0.0	0.0	0.0	0.0	0.0	0.0	0.0	0.0	0.0	0.0	0.0	0.0	0.0	0.0	0.0	0.0	0.0	0.0	0.0	0.0	0.0	
Chromosome	706123	T	G	0.145	0.158	0.106	0.138	0.094	0.195	0.196	0.2	0.155	0.187	0.222	0.226	0.158	0.104	0.112	0.173	0.132	0.2	0.212	0.221	0.237	0.163	0.243	0.209	0.172	0.167	0.155	0.149	0.15	0.167	0.092	0.128	0.159	0.108	0.251	0.16	0.141	0.143	0.0	0.209	0.181	0.209	0.006	0.205	0.005	0.114	0.151	0.219	0.212	0.236	0.263	0.204	0.225	0.25	0.253	0.205	0.168	0.171	0.005	0.139	0.15	0.164	0.11	0.167	0.186	0.162	0.134	0.171	0.007	
Chromosome	739561	G	C	0.0	0.046	0.0	0.0	0.0	0.0	0.0	0.0	0.0	0.0	0.0	0.0	0.0	0.0	0.0	0.0	0.0	0.0	0.0	0.0	0.0	0.0	0.0	0.0	0.0	0.0	0.0	0.0	0.0	0.0	0.0	0.0	0.0	0.0	0.0	0.0	0.0	0.0	0.0	0.0	0.0	0.0	0.0	0.0	0.0	0.0	0.0	0.0	0.0	0.006	0.0	0.0	0.0	0.0	0.0	0.0	0.0	0.0	0.0	0.0	0.0	0.0	0.0	0.0	0.0	0.0	0.0	0.0	0.0	
Chromosome	787996	C	G	0.146	0.142	0.149	0.148	0.077	0.123	0.139	0.183	0.042	0.155	0.158	0.13	0.079	0.147	0.104	0.107	0.167	0.208	0.163	0.106	0.143	0.152	0.092	0.158	0.06	0.097	0.106	0.129	0.093	0.103	0.088	0.057	0.142	0.125	0.219	0.155	0.12	0.09	0.0	0.117	0.187	0.141	0.015	0.135	0.0	0.061	0.131	0.121	0.111	0.104	0.178	0.146	0.107	0.122	0.094	0.13	0.068	0.093	0.0	0.131	0.12	0.119	0.06	0.073	0.152	0.143	0.111	0.154	0.007	
Chromosome	788001	A	C	0.258	0.269	0.263	0.268	0.136	0.252	0.202	0.325	0.092	0.229	0.282	0.281	0.195	0.235	0.206	0.113	0.154	0.267	0.263	0.231	0.264	0.222	0.145	0.264	0.057	0.196	0.176	0.258	0.222	0.25	0.234	0.195	0.131	0.113	0.288	0.253	0.249	0.193	0.005	0.275	0.309	0.269	0.008	0.266	0.0	0.16	0.243	0.238	0.21	0.25	0.28	0.206	0.255	0.148	0.183	0.024	0.072	0.098	0.005	0.244	0.241	0.231	0.142	0.157	0.268	0.263	0.257	0.277	0.007	
Chromosome	788006	G	C	0.255	0.292	0.261	0.317	0.131	0.239	0.193	0.283	0.084	0.219	0.282	0.279	0.144	0.214	0.125	0.103	0.152	0.224	0.245	0.219	0.22	0.217	0.148	0.218	0.057	0.155	0.157	0.209	0.175	0.274	0.255	0.166	0.096	0.089	0.29	0.285	0.25	0.238	0.0	0.291	0.295	0.259	0.008	0.247	0.0	0.146	0.234	0.24	0.203	0.218	0.27	0.207	0.239	0.135	0.177	0.0	0.035	0.068	0.005	0.25	0.262	0.258	0.102	0.133	0.227	0.277	0.263	0.306	0.0	
Chromosome	1294732	T	C	0.0	0.119	0.0	0.0	0.0	0.007	0.0	0.0	0.0	0.0	0.0	0.0	0.0	0.0	0.0	0.0	0.0	0.0	0.0	0.0	0.0	0.007	0.0	0.0	0.0	0.0	0.0	0.0	0.0	0.0	0.0	0.0	0.005	0.0	0.0	0.0	0.0	0.0	0.0	0.0	0.0	0.0	0.005	0.0	0.0	0.004	0.0	0.0	0.0	0.0	0.0	0.0	0.0	0.0	0.0	0.0	0.0	0.0	0.0	0.003	0.0	0.0	0.0	0.0	0.0	0.0	0.003	0.0	0.0	
Chromosome	1341535	T	TGGCTCTTCGCACTTGACGGTGTAGAGA	0.0	0.0	0.0	0.0	0.0	0.0	0.0	0.0	0.0	0.0	0.0	0.0	0.0	0.0	0.0	0.0	0.0	0.0	0.0	0.0	0.0	0.0	0.0	0.0	0.0	0.0	0.0	0.0	0.0	0.0	0.0	0.0	0.0	0.0	0.0	0.0	0.0	0.0	0.0	0.0	0.0	0.0	0.0	0.0	0.0	0.0	0.0	0.0	0.0	0.0	0.0	0.0	0.0	0.0	0.0	0.0	0.0	0.0	0.0	0.0	0.0	0.0	0.0	0.0	0.0	0.0	0.0	0.0	0.0	
Chromosome	1341539	C	T	0.265	0.226	0.309	0.261	0.286	0.222	0.132	0.114	0.164	0.241	0.046	0.096	0.198	0.197	0.256	0.426	0.413	0.229	0.239	0.231	0.269	0.231	0.273	0.23	0.162	0.33	0.274	0.301	0.25	0.329	0.26	0.25	0.281	0.143	0.238	0.241	0.237	0.194	0.245	0.239	0.286	0.333	0.091	0.235	0.17	0.364	0.18	0.286	0.314	0.278	0.129	0.179	0.393	0.132	0.323	0.308	0.5	0.196	0.205	0.324	0.21	0.25	0.227	0.297	0.226	0.301	0.277	0.344	0.109	
Chromosome	1365152	G	T	0.0	0.179	0.0	0.0	0.0	0.0	0.0	0.0	0.004	0.0	0.0	0.0	0.0	0.0	0.0	0.005	0.0	0.0	0.0	0.0	0.0	0.0	0.0	0.0	0.0	0.0	0.0	0.0	0.0	0.0	0.0	0.0	0.0	0.0	0.004	0.0	0.0	0.006	0.0	0.0	0.0	0.005	0.005	0.0	0.0	0.0	0.0	0.0	0.0	0.0	0.0	0.0	0.0	0.0	0.0	0.0	0.0	0.0	0.0	0.003	0.0	0.0	0.0	0.0	0.0	0.0	0.0	0.0	0.0	
Chromosome	1414908	C	CG	0.0	0.187	0.0	0.0	0.0	0.0	0.0	0.0	0.0	0.0	0.006	0.0	0.0	0.0	0.0	0.0	0.0	0.0	0.0	0.0	0.0	0.0	0.0	0.0	0.0	0.0	0.0	0.0	0.0	0.0	0.0	0.0	0.0	0.0	0.0	0.0	0.0	0.0	0.0	0.0	0.0	0.0	0.0	0.0	0.0	0.0	0.0	0.0	0.0	0.0	0.0	0.0	0.0	0.0	0.0	0.0	0.0	0.0	0.0	0.0	0.0	0.0	0.0	0.0	0.0	0.0	0.0	0.0	0.0	
Chromosome	1431631	C	T	0.0	0.236	0.0	0.0	0.0	0.0	0.0	0.0	0.0	0.0	0.005	0.0	0.0	0.0	0.154	0.0	0.008	0.0	0.0	0.0	0.0	0.0	0.0	0.004	0.0	0.0	0.0	0.0	0.0	0.0	0.003	0.0	0.0	0.0	0.0	0.0	0.0	0.0	0.0	0.0	0.0	0.0	0.0	0.0	0.0	0.0	0.0	0.0	0.0	0.0	0.0	0.0	0.0	0.0	0.0	0.0	0.0	0.0	0.0	0.0	0.0	0.0	0.0	0.0	0.0	0.0	0.0	0.0	0.0	
Chromosome	1606589	G	T	0.0	0.206	0.0	0.0	0.0	0.0	0.015	0.0	0.0	0.0	0.006	0.0	0.0	0.254	0.0	0.006	0.0	0.0	0.0	0.0	0.0	0.011	0.0	0.0	0.0	0.0	0.0	0.0	0.0	0.0	0.004	0.0	0.0	0.0	0.0	0.003	0.0	0.0	0.0	0.0	0.0	0.0	0.0	0.005	0.009	0.0	0.0	0.0	0.0	0.01	0.0	0.0	0.0	0.0	0.008	0.0	0.006	0.004	0.0	0.0	0.0	0.0	0.0	0.0	0.0	0.0	0.0	0.0	0.0	
Chromosome	1777813	T	G	0.226	0.335	0.223	0.237	0.168	0.269	0.253	0.331	0.182	0.259	0.266	0.28	0.226	0.243	0.179	0.185	0.263	0.25	0.276	0.271	0.349	0.337	0.257	0.249	0.19	0.225	0.237	0.221	0.19	0.269	0.273	0.161	0.161	0.168	0.281	0.23	0.259	0.193	0.004	0.286	0.299	0.278	0.0	0.328	0.005	0.206	0.35	0.299	0.314	0.305	0.335	0.327	0.391	0.387	0.38	0.273	0.235	0.207	0.0	0.232	0.204	0.2	0.237	0.182	0.32	0.224	0.23	0.221	0.006	
Chromosome	1907566	A	G	0.0	0.235	0.0	0.0	0.0	0.0	0.0	0.0	0.0	0.0	0.0	0.0	0.0	0.0	0.0	0.0	0.0	0.0	0.0	0.0	0.0	0.0	0.0	0.0	0.0	0.0	0.0	0.0	0.0	0.0	0.0	0.0	0.0	0.004	0.0	0.003	0.0	0.0	0.0	0.0	0.0	0.0	0.005	0.0	0.0	0.0	0.0	0.0	0.0	0.0	0.006	0.0	0.0	0.0	0.0	0.0	0.0	0.0	0.0	0.0	0.0	0.0	0.0	0.0	0.0	0.0	0.0	0.0	0.0	
Chromosome	2038344	C	G	0.0	0.041	0.0	0.0	0.0	0.0	0.0	0.0	0.0	0.0	0.0	0.0	0.0	0.0	0.0	0.0	0.0	0.0	0.0	0.0	0.0	0.0	0.0	0.0	0.0	0.0	0.0	0.0	0.0	0.0	0.0	0.0	0.0	0.0	0.0	0.0	0.0	0.0	0.0	0.0	0.0	0.0	0.0	0.0	0.0	0.0	0.0	0.0	0.0	0.0	0.0	0.0	0.0	0.0	0.0	0.0	0.0	0.0	0.005	0.0	0.003	0.0	0.0	0.0	0.0	0.003	0.0	0.0	0.0	
Chromosome	2224338	G	GGCGTGACGAGGTCAGATGCCGACCAGA	0.512	0.536	0.488	0.495	0.4	0.529	0.452	0.526	0.458	0.51	0.468	0.391	0.508	0.377	0.481	0.48	0.556	0.667	0.582	0.439	0.484	0.55	0.614	0.562	0.453	0.455	0.581	0.577	0.597	0.517	0.567	0.456	0.634	0.483	0.611	0.543	0.571	0.532	0.364	0.571	0.442	0.538	0.204	0.56	0.417	0.537	0.571	0.519	0.613	0.545	0.533	0.591	0.5	0.474	0.744	0.562	0.538	0.5	0.354	0.504	0.531	0.582	0.479	0.5	0.687	0.553	0.574	0.447	0.333	
Chromosome	2563006	C	G	0.0	0.054	0.003	0.002	0.0	0.0	0.015	0.007	0.0	0.005	0.0	0.0	0.0	0.0	0.0	0.004	0.0	0.011	0.0	0.0	0.0	0.0	0.0	0.0	0.0	0.003	0.0	0.0	0.0	0.0	0.0	0.0	0.0	0.0	0.008	0.0	0.0	0.0	0.0	0.0	0.0	0.0	0.0	0.0	0.0	0.0	0.0	0.0	0.0	0.0	0.0	0.0	0.0	0.0	0.0	0.0	0.0	0.0	0.0	0.0	0.0	0.0	0.0	0.0	0.0	0.0	0.0	0.0	0.0	
Chromosome	2579189	A	C	0.173	0.259	0.277	0.226	0.134	0.268	0.276	0.242	0.322	0.271	0.222	0.31	0.219	0.219	0.213	0.261	0.246	0.282	0.237	0.297	0.183	0.206	0.319	0.253	0.25	0.187	0.23	0.232	0.224	0.248	0.226	0.202	0.275	0.243	0.239	0.21	0.225	0.223	0.006	0.273	0.263	0.274	0.0	0.395	0.0	0.226	0.303	0.283	0.34	0.287	0.219	0.263	0.281	0.333	0.308	0.238	0.256	0.256	0.0	0.225	0.219	0.226	0.154	0.254	0.234	0.26	0.238	0.244	0.013	
Chromosome	2598540	C	T	0.0	0.135	0.0	0.0	0.0	0.0	0.0	0.0	0.0	0.0	0.0	0.005	0.0	0.0	0.0	0.0	0.0	0.0	0.0	0.0	0.0	0.0	0.0	0.0	0.0	0.0	0.005	0.0	0.0	0.0	0.0	0.0	0.0	0.0	0.0	0.0	0.0	0.003	0.0	0.0	0.0	0.0	0.0	0.0	0.0	0.0	0.005	0.0	0.0	0.0	0.0	0.0	0.0	0.0	0.0	0.0	0.0	0.0	0.0	0.0	0.0	0.0	0.0	0.0	0.0	0.0	0.0	0.0	0.0	
Chromosome	2829829	A	C	0.21	0.239	0.181	0.218	0.146	0.311	0.26	0.289	0.171	0.236	0.25	0.255	0.191	0.15	0.155	0.169	0.113	0.255	0.297	0.315	0.216	0.336	0.289	0.263	0.122	0.134	0.217	0.16	0.115	0.207	0.15	0.111	0.169	0.133	0.214	0.185	0.164	0.196	0.0	0.209	0.261	0.25	0.0	0.172	0.005	0.156	0.207	0.25	0.25	0.28	0.292	0.209	0.286	0.276	0.236	0.214	0.167	0.142	0.013	0.207	0.194	0.176	0.156	0.185	0.213	0.192	0.196	0.16	0.0	
Chromosome	2838382	A	C	0.155	0.18	0.189	0.151	0.128	0.14	0.146	0.098	0.155	0.156	0.203	0.224	0.175	0.176	0.133	0.194	0.186	0.195	0.176	0.146	0.125	0.207	0.121	0.216	0.19	0.145	0.128	0.2	0.146	0.137	0.126	0.127	0.199	0.189	0.193	0.161	0.153	0.134	0.006	0.159	0.16	0.159	0.0	0.242	0.0	0.162	0.137	0.178	0.189	0.144	0.223	0.189	0.16	0.187	0.157	0.211	0.163	0.216	0.008	0.126	0.134	0.138	0.13	0.151	0.136	0.128	0.108	0.116	0.009	
Chromosome	2946508	A	C	0.246	0.281	0.197	0.231	0.101	0.217	0.231	0.185	0.093	0.214	0.243	0.283	0.125	0.082	0.143	0.089	0.048	0.182	0.213	0.25	0.216	0.198	0.211	0.218	0.103	0.136	0.094	0.074	0.169	0.226	0.268	0.122	0.069	0.05	0.24	0.201	0.204	0.213	0.007	0.327	0.318	0.269	0.007	0.321	0.013	0.123	0.293	0.284	0.258	0.273	0.293	0.171	0.168	0.185	0.333	0.056	0.071	0.058	0.0	0.227	0.227	0.227	0.159	0.182	0.219	0.23	0.269	0.168	0.01	
Chromosome	3015172	C	CG	0.0	0.15	0.0	0.0	0.0	0.0	0.0	0.0	0.0	0.0	0.0	0.0	0.0	0.0	0.0	0.0	0.0	0.0	0.0	0.0	0.0	0.0	0.0	0.0	0.0	0.0	0.0	0.0	0.0	0.0	0.0	0.0	0.0	0.0	0.0	0.003	0.0	0.0	0.0	0.0	0.0	0.0	0.0	0.0	0.0	0.0	0.0	0.0	0.0	0.0	0.0	0.0	0.0	0.0	0.0	0.0	0.0	0.0	0.0	0.0	0.0	0.0	0.0	0.0	0.0	0.0	0.0	0.0	0.0	
Chromosome	3030967	A	C	0.347	0.331	0.337	0.378	0.255	0.5	0.368	0.451	0.587	0.396	0.345	0.489	0.437	0.421	0.388	0.566	0.676	0.512	0.409	0.514	0.563	0.43	0.37	0.488	0.567	0.506	0.368	0.451	0.35	0.307	0.314	0.456	0.586	0.61	0.54	0.34	0.377	0.383	0.0	0.375	0.446	0.483	0.007	0.438	0.0	0.456	0.394	0.623	0.525	0.565	0.522	0.614	0.5	0.455	0.6	0.634	0.724	0.594	0.0	0.359	0.361	0.402	0.407	0.389	0.368	0.286	0.403	0.299	0.0	
Chromosome	3092801	G	.	0.0	0.0	0.0	0.0	0.0	0.0	0.0	0.0	0.0	0.0	0.0	0.0	0.0	0.0	0.0	0.0	0.0	0.0	0.0	0.0	0.0	0.0	0.0	0.0	0.0	0.0	0.0	0.0	0.0	0.0	0.0	0.0	0.0	0.0	0.0	0.0	0.0	0.0	0.0	0.0	0.0	0.0	0.0	0.0	0.0	0.0	0.0	0.0	0.0	0.0	0.0	0.0	0.0	0.0	0.0	0.0	0.0	0.0	0.0	0.0	0.0	0.0	0.0	0.0	0.0	0.0	0.0	0.0	0.0	
Chromosome	3092808	A	.	0.0	0.0	0.0	0.0	0.0	0.0	0.0	0.0	0.0	0.0	0.0	0.0	0.0	0.0	0.0	0.0	0.0	0.0	0.0	0.0	0.0	0.0	0.0	0.0	0.0	0.0	0.0	0.0	0.0	0.0	0.0	0.0	0.0	0.0	0.0	0.0	0.0	0.0	0.0	0.0	0.0	0.0	0.0	0.0	0.0	0.0	0.0	0.0	0.0	0.0	0.0	0.0	0.0	0.0	0.0	0.0	0.0	0.0	0.0	0.0	0.0	0.0	0.0	0.0	0.0	0.0	0.0	0.0	0.0	
Chromosome	3092809	G	.	0.0	0.0	0.0	0.0	0.0	0.0	0.0	0.0	0.0	0.0	0.0	0.0	0.0	0.0	0.0	0.0	0.0	0.0	0.0	0.0	0.0	0.0	0.0	0.0	0.0	0.0	0.0	0.0	0.0	0.0	0.0	0.0	0.0	0.0	0.0	0.0	0.0	0.0	0.0	0.0	0.0	0.0	0.0	0.0	0.0	0.0	0.0	0.0	0.0	0.0	0.0	0.0	0.0	0.0	0.0	0.0	0.0	0.0	0.0	0.0	0.0	0.0	0.0	0.0	0.0	0.0	0.0	0.0	0.0	
Chromosome	3092813	ACGCTCGATGTGAGCTGCCGC	.	0.02	0.009	0.018	0.009	0.045	0.019	0.021	0.0	0.009	0.014	0.028	0.0	0.0	0.015	0.015	0.022	0.0	0.0	0.0	0.018	0.026	0.0	0.021	0.014	0.0	0.0	0.008	0.018	0.0	0.013	0.015	0.007	0.011	0.01	0.016	0.022	0.005	0.007	0.015	0.0	0.0	0.0	0.009	0.0	0.007	0.022	0.014	0.062	0.018	0.019	0.022	0.0	0.023	0.0	0.022	0.053	0.017	0.0	0.008	0.023	0.0	0.021	0.009	0.02	0.009	0.0	0.005	0.012	0.0	
Chromosome	3093216	G	C	0.0	0.246	0.0	0.002	0.0	0.0	0.0	0.0	0.0	0.0	0.0	0.0	0.0	0.0	0.217	0.0	0.0	0.0	0.0	0.0	0.0	0.0	0.0	0.0	0.0	0.0	0.0	0.0	0.0	0.0	0.0	0.0	0.0	0.0	0.0	0.0	0.002	0.0	0.0	0.0	0.0	0.0	0.0	0.0	0.0	0.0	0.0	0.0	0.0	0.0	0.007	0.0	0.0	0.0	0.0	0.0	0.0	0.0	0.0	0.0	0.0	0.0	0.0	0.0	0.0	0.0	0.0	0.0	0.0	
Chromosome	3170971	CGG	C	0.007	0.177	0.008	0.007	0.007	0.022	0.023	0.0	0.012	0.009	0.02	0.007	0.013	0.0	0.004	0.005	0.011	0.009	0.007	0.013	0.0	0.012	0.0	0.004	0.0	0.012	0.013	0.016	0.009	0.011	0.003	0.0	0.021	0.01	0.005	0.009	0.011	0.003	0.006	0.012	0.013	0.017	0.007	0.019	0.007	0.009	0.006	0.0	0.0	0.0	0.012	0.007	0.008	0.007	0.008	0.029	0.013	0.003	0.0	0.015	0.005	0.009	0.015	0.006	0.009	0.004	0.014	0.012	0.0	
Chromosome	3320856	TCG	T	0.014	0.165	0.0	0.002	0.0	0.025	0.027	0.023	0.013	0.005	0.014	0.0	0.008	0.009	0.004	0.0	0.009	0.043	0.027	0.021	0.0	0.021	0.006	0.005	0.014	0.016	0.004	0.008	0.008	0.007	0.02	0.014	0.0	0.0	0.0	0.006	0.011	0.003	0.006	0.011	0.026	0.021	0.007	0.0	0.006	0.0	0.006	0.0	0.228	0.0	0.013	0.014	0.018	0.007	0.0	0.021	0.02	0.004	0.0	0.004	0.008	0.013	0.005	0.0	0.004	0.008	0.008	0.009	0.008	
Chromosome	3391354	G	A	0.0	0.163	0.0	0.211	0.0	0.0	0.0	0.0	0.0	0.0	0.0	0.0	0.0	0.0	0.0	0.0	0.0	0.0	0.0	0.0	0.0	0.0	0.0	0.0	0.0	0.0	0.0	0.0	0.0	0.0	0.004	0.0	0.0	0.0	0.0	0.0	0.0	0.0	0.0	0.0	0.0	0.0	0.005	0.0	0.0	0.0	0.0	0.0	0.0	0.0	0.0	0.0	0.009	0.0	0.0	0.0	0.0	0.0	0.0	0.0	0.0	0.0	0.0	0.0	0.0	0.0	0.0	0.0	0.0	
Chromosome	3457938	C	G	0.0	0.183	0.004	0.002	0.0	0.0	0.01	0.0	0.0	0.009	0.0	0.011	0.0	0.0	0.0	0.006	0.0	0.0	0.0	0.007	0.008	0.013	0.007	0.014	0.0	0.004	0.006	0.0	0.0	0.003	0.003	0.0	0.0	0.0	0.005	0.0	0.0	0.0	0.0	0.025	0.0	0.0	0.0	0.0	0.0	0.0	0.0	0.0	0.007	0.008	0.007	0.007	0.0	0.015	0.008	0.0	0.0	0.0	0.0	0.006	0.0	0.0	0.0	0.0	0.0	0.0	0.0	0.006	0.0	
Chromosome	3690141	A	G	0.0	0.171	0.0	0.223	0.0	0.0	0.0	0.0	0.0	0.0	0.0	0.0	0.0	0.0	0.0	0.0	0.0	0.0	0.0	0.0	0.0	0.0	0.0	0.0	0.0	0.0	0.0	0.0	0.0	0.0	0.0	0.0	0.0	0.0	0.0	0.0	0.0	0.0	0.0	0.0	0.0	0.0	0.0	0.0	0.005	0.0	0.0	0.0	0.0	0.0	0.0	0.0	0.0	0.0	0.0	0.0	0.0	0.0	0.0	0.0	0.0	0.0	0.0	0.0	0.0	0.0	0.0	0.0	0.0	
Chromosome	3782452	C	G	0.0	0.16	0.0	0.0	0.0	0.0	0.0	0.0	0.0	0.0	0.0	0.0	0.0	0.0	0.0	0.0	0.0	0.0	0.0	0.0	0.0	0.0	0.0	0.0	0.0	0.0	0.0	0.0	0.0	0.0	0.0	0.0	0.0	0.0	0.0	0.0	0.002	0.0	0.0	0.0	0.0	0.005	0.0	0.0	0.0	0.0	0.0	0.0	0.0	0.0	0.0	0.0	0.0	0.0	0.0	0.0	0.0	0.0	0.0	0.0	0.0	0.0	0.0	0.0	0.0	0.0	0.003	0.0	0.0	
Chromosome	3847886	T	A	0.206	0.269	0.229	0.219	0.167	0.214	0.246	0.165	0.36	0.279	0.2	0.241	0.186	0.171	0.147	0.297	0.26	0.225	0.3	0.203	0.205	0.235	0.234	0.259	0.333	0.253	0.227	0.134	0.206	0.159	0.258	0.204	0.267	0.251	0.258	0.24	0.2	0.207	0.0	0.243	0.263	0.259	0.0	0.274	0.0	0.238	0.245	0.236	0.183	0.256	0.22	0.195	0.187	0.223	0.237	0.408	0.286	0.291	0.0	0.274	0.253	0.219	0.169	0.238	0.27	0.242	0.245	0.224	0.0	
Chromosome	3847896	T	A	0.133	0.183	0.146	0.162	0.093	0.109	0.172	0.145	0.167	0.104	0.119	0.12	0.057	0.127	0.103	0.152	0.142	0.141	0.164	0.133	0.092	0.138	0.162	0.171	0.173	0.118	0.119	0.077	0.122	0.072	0.146	0.109	0.106	0.134	0.153	0.158	0.128	0.133	0.0	0.118	0.125	0.155	0.0	0.164	0.0	0.133	0.137	0.152	0.142	0.125	0.148	0.145	0.092	0.175	0.118	0.105	0.147	0.166	0.0	0.203	0.169	0.147	0.113	0.136	0.15	0.17	0.175	0.152	0.0	
Chromosome	3853306	T	C	0.0	0.194	0.0	0.0	0.0	0.0	0.0	0.0	0.0	0.0	0.0	0.006	0.0	0.0	0.0	0.006	0.0	0.0	0.0	0.0	0.0	0.007	0.0	0.0	0.0	0.0	0.0	0.0	0.0	0.0	0.0	0.0	0.0	0.0	0.0	0.0	0.0	0.0	0.0	0.0	0.0	0.0	0.0	0.0	0.0	0.0	0.0	0.0	0.0	0.0	0.0	0.0	0.0	0.0	0.0	0.0	0.0	0.0	0.0	0.0	0.0	0.0	0.0	0.0	0.004	0.0	0.0	0.0	0.0	
Chromosome	3937616	T	G	0.003	0.236	0.0	0.0	0.0	0.0	0.0	0.0	0.004	0.0	0.0	0.0	0.0	0.0	0.004	0.0	0.0	0.0	0.012	0.0	0.0	0.0	0.0	0.005	0.0	0.0	0.0	0.0	0.0	0.0	0.0	0.0	0.0	0.0	0.0	0.0	0.0	0.0	0.01	0.0	0.0	0.0	0.006	0.0	0.005	0.007	0.0	0.008	0.007	0.0	0.0	0.0	0.0	0.006	0.0	0.0	0.0	0.0	0.008	0.004	0.0	0.003	0.0	0.006	0.0	0.003	0.0	0.0	0.007	
Chromosome	4034651	C	T	0.0	0.07	0.0	0.0	0.0	0.0	0.0	0.0	0.0	0.0	0.0	0.0	0.0	0.0	0.0	0.0	0.0	0.0	0.0	0.0	0.0	0.0	0.0	0.0	0.0	0.0	0.0	0.0	0.0	0.0	0.0	0.0	0.0	0.0	0.0	0.0	0.0	0.0	0.0	0.072	0.0	0.0	0.0	0.0	0.0	0.0	0.0	0.0	0.0	0.0	0.0	0.0	0.0	0.0	0.0	0.0	0.0	0.0	0.0	0.0	0.0	0.0	0.0	0.0	0.0	0.0	0.0	0.0	0.0	
Chromosome	4034660	A	C	0.0	0.069	0.0	0.0	0.0	0.0	0.0	0.0	0.0	0.0	0.0	0.0	0.0	0.0	0.004	0.0	0.0	0.0	0.008	0.0	0.0	0.0	0.0	0.004	0.005	0.004	0.0	0.0	0.004	0.0	0.0	0.0	0.0	0.005	0.014	0.0	0.0	0.003	0.0	0.088	0.0	0.0	0.0	0.0	0.0	0.005	0.0	0.0	0.0	0.0	0.007	0.0	0.0	0.008	0.008	0.0	0.0	0.008	0.0	0.0	0.003	0.0	0.0	0.005	0.0	0.003	0.0	0.003	0.0	
Chromosome	4034661	A	G	0.0	0.069	0.0	0.0	0.006	0.0	0.0	0.0	0.0	0.0	0.0	0.0	0.0	0.0	0.0	0.0	0.0	0.0	0.0	0.0	0.0	0.0	0.0	0.0	0.0	0.0	0.0	0.0	0.0	0.0	0.0	0.0	0.0	0.0	0.0	0.0	0.0	0.0	0.0	0.089	0.0	0.0	0.0	0.0	0.0	0.0	0.0	0.0	0.0	0.0	0.0	0.0	0.0	0.0	0.0	0.0	0.0	0.0	0.0	0.0	0.0	0.0	0.0	0.0	0.0	0.0	0.0	0.0	0.0	
Chromosome	4034662	A	C	0.003	0.069	0.0	0.0	0.0	0.0	0.0	0.0	0.005	0.007	0.008	0.0	0.006	0.005	0.0	0.0	0.0	0.017	0.008	0.0	0.009	0.013	0.0	0.013	0.0	0.0	0.0	0.0	0.008	0.008	0.011	0.004	0.014	0.0	0.014	0.0	0.0	0.0	0.006	0.09	0.0	0.0	0.0	0.0	0.0	0.0	0.01	0.01	0.0	0.0	0.007	0.0	0.008	0.0	0.0	0.0	0.01	0.0	0.0	0.0	0.0	0.0	0.009	0.0	0.0	0.003	0.003	0.003	0.011	
Chromosome	4049318	G	C	0.0	0.097	0.0	0.0	0.0	0.0	0.0	0.0	0.0	0.0	0.0	0.0	0.0	0.0	0.0	0.0	0.0	0.0	0.0	0.0	0.0	0.0	0.0	0.0	0.0	0.0	0.0	0.0	0.0	0.0	0.0	0.0	0.0	0.0	0.0	0.0	0.0	0.0	0.0	0.0	0.0	0.0	0.0	0.0	0.0	0.0	0.005	0.0	0.0	0.0	0.0	0.0	0.0	0.0	0.0	0.0	0.0	0.0	0.0	0.0	0.0	0.003	0.0	0.0	0.0	0.0	0.0	0.0	0.0	
Chromosome	4156011	A	C	0.0	0.01	0.0	0.0	0.0	0.0	0.0	0.0	0.0	0.0	0.0	0.0	0.0	0.0	0.0	0.0	0.0	0.0	0.0	0.0	0.0	0.0	0.006	0.0	0.0	0.0	0.0	0.004	0.0	0.0	0.0	0.003	0.0	0.0	0.0	0.0	0.0	0.0	0.0	0.0	0.0	0.0	0.0	0.0	0.0	0.0	0.0	0.0	0.0	0.0	0.013	0.0	0.0	0.0	0.0	0.0	0.0	0.0	0.0	0.0	0.002	0.003	0.0	0.005	0.0	0.0	0.002	0.003	0.0	
Chromosome	4177101	C	T	0.0	0.039	0.0	0.0	0.0	0.0	0.0	0.0	0.0	0.0	0.009	0.0	0.0	0.0	0.0	0.0	0.0	0.0	0.0	0.0	0.0	0.0	0.0	0.0	0.0	0.0	0.0	0.0	0.0	0.0	0.0	0.004	0.0	0.0	0.0	0.0	0.0	0.0	0.0	0.0	0.0	0.0	0.0	0.0	0.0	0.0	0.0	0.0	0.0	0.0	0.0	0.0	0.0	0.0	0.0	0.0	0.0	0.0	0.005	0.0	0.0	0.0	0.0	0.0	0.0	0.0	0.0	0.0	0.0	
Chromosome	4212531	T	G	0.0	0.083	0.0	0.0	0.0	0.009	0.0	0.0	0.0	0.0	0.0	0.0	0.0	0.0	0.083	0.0	0.0	0.0	0.008	0.0	0.0	0.0	0.0	0.0	0.004	0.0	0.0	0.0	0.0	0.0	0.0	0.0	0.0	0.0	0.0	0.0	0.0	0.0	0.0	0.0	0.0	0.0	0.0	0.0	0.0	0.0	0.0	0.0	0.0	0.0	0.0	0.0	0.0	0.0	0.0	0.0	0.0	0.0	0.0	0.0	0.0	0.0	0.0	0.0	0.0	0.0	0.0	0.0	0.0	
Chromosome	4214560	C	A	0.452	0.497	0.478	0.486	0.533	0.441	0.444	0.525	0.503	0.477	0.478	0.474	0.465	0.518	0.466	0.465	0.544	0.5	0.53	0.506	0.48	0.485	0.401	0.533	0.478	0.449	0.475	0.494	0.517	0.494	0.476	0.515	0.485	0.48	0.481	0.502	0.45	0.481	0.463	0.458	0.491	0.505	0.538	0.511	0.524	0.498	0.496	0.431	0.453	0.479	0.42	0.509	0.468	0.49	0.472	0.509	0.462	0.494	0.408	0.494	0.506	0.43	0.49	0.489	0.515	0.442	0.432	0.326	0.498	
Chromosome	4214739	G	GT	0.34	0.334	0.32	0.355	0.395	0.304	0.332	0.352	0.324	0.364	0.304	0.32	0.338	0.351	0.336	0.368	0.472	0.392	0.342	0.38	0.312	0.339	0.353	0.34	0.358	0.313	0.303	0.316	0.331	0.332	0.321	0.353	0.327	0.388	0.339	0.358	0.305	0.333	0.327	0.332	0.362	0.287	0.317	0.332	0.357	0.306	0.309	0.331	0.371	0.301	0.321	0.371	0.324	0.352	0.367	0.535	0.391	0.331	0.26	0.338	0.314	0.329	0.36	0.327	0.316	0.303	0.304	0.266	0.329	
Chromosome	4214852	A	AGCAATGATCAATACCTGTGGATGAGCCT	0.06	0.084	0.044	0.064	0.074	0.043	0.078	0.072	0.05	0.058	0.023	0.048	0.056	0.076	0.083	0.069	0.07	0.099	0.049	0.107	0.048	0.074	0.046	0.047	0.057	0.059	0.07	0.045	0.05	0.069	0.061	0.07	0.066	0.067	0.066	0.062	0.073	0.066	0.022	0.065	0.047	0.037	0.051	0.087	0.097	0.015	0.066	0.024	0.074	0.088	0.054	0.039	0.026	0.069	0.048	0.065	0.06	0.058	0.082	0.057	0.058	0.053	0.058	0.067	0.049	0.073	0.054	0.058	0.045	
Chromosome	4235777	G	C	0.0	0.215	0.0	0.0	0.0	0.0	0.0	0.0	0.0	0.0	0.0	0.0	0.0	0.0	0.194	0.0	0.0	0.0	0.0	0.0	0.0	0.0	0.0	0.0	0.0	0.0	0.0	0.0	0.0	0.0	0.0	0.0	0.0	0.0	0.0	0.0	0.0	0.0	0.0	0.0	0.0	0.0	0.0	0.0	0.005	0.0	0.0	0.0	0.0	0.0	0.0	0.0	0.0	0.0	0.0	0.0	0.0	0.0	0.0	0.0	0.0	0.0	0.0	0.0	0.0	0.0	0.0	0.0	0.0	
Chromosome	4235778	G	A	0.0	0.217	0.0	0.0	0.0	0.0	0.0	0.0	0.0	0.0	0.0	0.0	0.0	0.0	0.193	0.0	0.0	0.0	0.0	0.0	0.0	0.0	0.0	0.0	0.0	0.0	0.0	0.0	0.0	0.0	0.0	0.0	0.0	0.0	0.0	0.0	0.0	0.0	0.0	0.0	0.0	0.0	0.0	0.0	0.0	0.0	0.0	0.01	0.0	0.0	0.0	0.0	0.0	0.0	0.0	0.0	0.0	0.0	0.0	0.0	0.0	0.0	0.0	0.0	0.0	0.0	0.0	0.0	0.0	
Chromosome	4267229	G	C	0.0	0.161	0.0	0.0	0.0	0.0	0.0	0.0	0.0	0.0	0.0	0.0	0.0	0.0	0.0	0.005	0.0	0.0	0.0	0.0	0.0	0.0	0.0	0.0	0.0	0.0	0.0	0.0	0.0	0.004	0.0	0.0	0.0	0.0	0.0	0.0	0.0	0.0	0.0	0.0	0.0	0.0	0.0	0.0	0.0	0.0	0.0	0.0	0.0	0.0	0.0	0.0	0.0	0.0	0.0	0.0	0.0	0.0	0.006	0.0	0.0	0.0	0.0	0.0	0.0	0.0	0.0	0.0	0.0	
Chromosome	4268710	A	G	0.0	0.193	0.0	0.209	0.0	0.0	0.0	0.0	0.0	0.0	0.0	0.0	0.0	0.0	0.0	0.0	0.0	0.0	0.0	0.0	0.0	0.0	0.0	0.008	0.0	0.0	0.0	0.0	0.0	0.0	0.0	0.0	0.0	0.0	0.0	0.0	0.0	0.0	0.0	0.0	0.0	0.0	0.0	0.0	0.0	0.0	0.0	0.0	0.0	0.0	0.0	0.0	0.0	0.0	0.0	0.0	0.0	0.0	0.0	0.0	0.0	0.0	0.004	0.0	0.004	0.0	0.0	0.0	0.0	
Chromosome	4300168	G	A	0.0	0.213	0.0	0.24	0.0	0.0	0.0	0.0	0.0	0.0	0.007	0.0	0.0	0.0	0.0	0.0	0.0	0.009	0.0	0.0	0.0	0.0	0.0	0.0	0.0	0.0	0.004	0.005	0.0	0.0	0.0	0.0	0.0	0.0	0.0	0.0	0.0	0.0	0.0	0.0	0.0	0.0	0.0	0.0	0.0	0.0	0.0	0.0	0.0	0.0	0.0	0.0	0.007	0.0	0.0	0.0	0.0	0.004	0.0	0.0	0.0	0.0	0.0	0.0	0.0	0.0	0.0	0.0	0.0	
Chromosome	4334540	G	GC	0.003	0.145	0.0	0.395	0.0	0.0	0.0	0.0	0.0	0.0	0.0	0.0	0.0	0.0	0.0	0.0	0.0	0.0	0.0	0.0	0.0	0.0	0.005	0.0	0.0	0.0	0.0	0.0	0.0	0.0	0.0	0.0	0.0	0.0	0.0	0.0	0.0	0.0	0.0	0.0	0.0	0.0	0.0	0.0	0.0	0.0	0.0	0.0	0.0	0.0	0.0	0.0	0.0	0.0	0.0	0.0	0.0	0.0	0.0	0.0	0.0	0.0	0.004	0.0	0.0	0.0	0.0	0.0	0.0	
Chromosome	4676636	G	T	0.003	0.24	0.0	0.0	0.0	0.0	0.0	0.0	0.0	0.0	0.007	0.0	0.0	0.0	0.0	0.0	0.0	0.0	0.0	0.0	0.0	0.0	0.0	0.0	0.0	0.0	0.0	0.0	0.0	0.0	0.0	0.0	0.0	0.0	0.0	0.0	0.0	0.0	0.0	0.0	0.0	0.0	0.0	0.0	0.0	0.0	0.006	0.0	0.0	0.0	0.0	0.0	0.008	0.0	0.0	0.0	0.0	0.0	0.0	0.0	0.0	0.0	0.0	0.0	0.004	0.0	0.005	0.0	0.0	
Chromosome	4693154	G	GGGGGGGGGGGGGGGGGGGGGGCGCCC	0.149	0.205	0.21	0.167	0.037	0.211	0.246	0.176	0.031	0.264	0.134	0.178	0.028	0.048	0.045	0.056	0.008	0.111	0.172	0.205	0.292	0.246	0.237	0.144	0.051	0.072	0.027	0.047	0.055	0.181	0.222	0.026	0.045	0.033	0.254	0.212	0.188	0.182	0.0	0.178	0.118	0.145	0.0	0.129	0.0	0.02	0.178	0.12	0.229	0.133	0.239	0.216	0.186	0.18	0.167	0.022	0.04	0.032	0.0	0.198	0.161	0.181	0.036	0.056	0.171	0.199	0.176	0.16	0.0	
Chromosome	4768896	G	C	0.003	0.237	0.0	0.0	0.0	0.0	0.0	0.0	0.0	0.0	0.0	0.0	0.0	0.0	0.0	0.0	0.0	0.0	0.0	0.0	0.0	0.0	0.0	0.0	0.0	0.0	0.0	0.0	0.0	0.0	0.0	0.0	0.0	0.0	0.0	0.0	0.0	0.0	0.0	0.0	0.0	0.0	0.0	0.0	0.005	0.0	0.0	0.0	0.0	0.0	0.0	0.0	0.0	0.0	0.0	0.0	0.0	0.0	0.0	0.0	0.0	0.0	0.0	0.0	0.0	0.0	0.0	0.0	0.0	
Chromosome	4837681	C	G	0.0	0.05	0.0	0.08	0.0	0.0	0.0	0.0	0.0	0.0	0.006	0.0	0.0	0.0	0.0	0.0	0.0	0.0	0.0	0.0	0.0	0.0	0.0	0.0	0.0	0.0	0.0	0.0	0.0	0.0	0.0	0.0	0.0	0.0	0.0	0.0	0.0	0.003	0.0	0.0	0.0	0.0	0.0	0.0	0.0	0.0	0.0	0.0	0.0	0.0	0.0	0.0	0.0	0.0	0.0	0.0	0.0	0.0	0.0	0.0	0.0	0.0	0.0	0.0	0.0	0.0	0.0	0.0	0.0	
Chromosome	4837684	A	G	0.0	0.048	0.0	0.082	0.0	0.0	0.0	0.0	0.0	0.0	0.006	0.0	0.0	0.0	0.0	0.0	0.0	0.0	0.0	0.0	0.0	0.0	0.0	0.0	0.0	0.0	0.0	0.0	0.0	0.0	0.0	0.0	0.0	0.0	0.0	0.0	0.0	0.0	0.0	0.0	0.0	0.0	0.0	0.0	0.006	0.0	0.0	0.0	0.0	0.0	0.0	0.0	0.0	0.0	0.0	0.0	0.0	0.0	0.0	0.0	0.0	0.0	0.0	0.0	0.0	0.0	0.0	0.0	0.0	
Chromosome	4837687	C	A	0.0	0.048	0.0	0.087	0.0	0.0	0.0	0.0	0.0	0.0	0.006	0.0	0.004	0.0	0.0	0.0	0.0	0.0	0.0	0.0	0.0	0.0	0.0	0.0	0.0	0.0	0.0	0.0	0.004	0.0	0.007	0.0	0.0	0.0	0.0	0.0	0.0	0.0	0.01	0.0	0.0	0.0	0.005	0.0	0.0	0.0	0.0	0.0	0.0	0.0	0.009	0.006	0.0	0.0	0.0	0.0	0.0	0.0	0.0	0.0	0.003	0.003	0.0	0.0	0.0	0.0	0.003	0.0	0.0	
Chromosome	4837688	C	T	0.0	0.057	0.0	0.084	0.0	0.0	0.0	0.0	0.0	0.0	0.006	0.0	0.0	0.0	0.0	0.0	0.0	0.0	0.0	0.0	0.0	0.0	0.0	0.0	0.0	0.0	0.0	0.0	0.0	0.0	0.0	0.0	0.0	0.0	0.0	0.0	0.0	0.0	0.0	0.0	0.0	0.0	0.0	0.005	0.0	0.0	0.0	0.0	0.0	0.0	0.0	0.0	0.0	0.0	0.0	0.0	0.0	0.0	0.0	0.0	0.0	0.0	0.0	0.0	0.0	0.0	0.0	0.0	0.0	
Chromosome	4837690	C	G	0.003	0.061	0.0	0.087	0.0	0.0	0.0	0.0	0.0	0.0	0.006	0.0	0.0	0.0	0.0	0.0	0.0	0.0	0.0	0.0	0.0	0.0	0.0	0.0	0.0	0.0	0.0	0.0	0.0	0.0	0.0	0.0	0.0	0.0	0.0	0.0	0.0	0.0	0.0	0.0	0.0	0.0	0.005	0.0	0.0	0.0	0.0	0.0	0.0	0.0	0.0	0.0	0.0	0.0	0.0	0.0	0.0	0.0	0.0	0.0	0.0	0.0	0.0	0.0	0.0	0.0	0.0	0.0	0.0	
Chromosome	4837697	AGGT	A	0.008	0.074	0.021	0.084	0.031	0.007	0.01	0.0	0.021	0.005	0.033	0.005	0.008	0.022	0.025	0.036	0.009	0.01	0.0	0.015	0.0	0.008	0.007	0.016	0.01	0.02	0.0	0.008	0.008	0.004	0.003	0.015	0.015	0.008	0.012	0.01	0.005	0.006	0.0	0.005	0.006	0.0	0.005	0.0	0.0	0.0	0.01	0.0	0.008	0.0	0.009	0.0	0.008	0.014	0.0	0.038	0.047	0.024	0.01	0.005	0.005	0.007	0.008	0.01	0.016	0.0	0.0	0.003	0.006	
Chromosome	4837701	C	A	0.0	0.069	0.0	0.076	0.0	0.0	0.0	0.0	0.0	0.0	0.006	0.0	0.0	0.0	0.004	0.0	0.0	0.0	0.0	0.0	0.009	0.008	0.0	0.004	0.0	0.0	0.0	0.0	0.0	0.0	0.0	0.0	0.0	0.0	0.0	0.0	0.0	0.0	0.0	0.0	0.0	0.0	0.0	0.005	0.0	0.0	0.0	0.0	0.009	0.0	0.0	0.0	0.0	0.0	0.0	0.0	0.0	0.0	0.0	0.0	0.0	0.0	0.004	0.0	0.0	0.0	0.003	0.0	0.0	
Chromosome	4837708	G	A	0.0	0.078	0.0	0.076	0.0	0.0	0.0	0.0	0.0	0.0	0.0	0.0	0.0	0.0	0.0	0.0	0.0	0.0	0.0	0.0	0.0	0.0	0.0	0.0	0.0	0.003	0.0	0.0	0.004	0.0	0.0	0.0	0.0	0.0	0.0	0.0	0.003	0.0	0.0	0.0	0.0	0.0	0.0	0.0	0.0	0.0	0.0	0.0	0.0	0.0	0.0	0.006	0.0	0.0	0.0	0.0	0.0	0.0	0.005	0.0	0.0	0.0	0.0	0.005	0.0	0.0	0.0	0.0	0.0	
Chromosome	5063146	T	TG	0.0	0.156	0.0	0.164	0.0	0.0	0.0	0.0	0.0	0.0	0.0	0.0	0.0	0.0	0.0	0.0	0.0	0.0	0.0	0.0	0.0	0.0	0.0	0.0	0.0	0.0	0.0	0.0	0.0	0.0	0.0	0.0	0.0	0.0	0.0	0.0	0.0	0.0	0.0	0.0	0.0	0.0	0.0	0.0	0.0	0.0	0.0	0.0	0.0	0.0	0.0	0.0	0.0	0.0	0.0	0.0	0.0	0.0	0.0	0.0	0.0	0.0	0.0	0.0	0.0	0.0	0.0	0.0	0.0	
Chromosome	5355871	C	A	0.0	0.208	0.0	0.0	0.0	0.0	0.0	0.0	0.0	0.0	0.0	0.0	0.0	0.0	0.162	0.0	0.0	0.0	0.006	0.0	0.0	0.006	0.006	0.0	0.0	0.0	0.0	0.0	0.0	0.0	0.003	0.0	0.0	0.0	0.0	0.0	0.0	0.0	0.0	0.0	0.004	0.0	0.0	0.0	0.0	0.0	0.0	0.0	0.0	0.0	0.0	0.0	0.007	0.0	0.0	0.0	0.0	0.0	0.0	0.0	0.003	0.007	0.0	0.0	0.0	0.0	0.0	0.0	0.0	
Chromosome	5461988	C	A	0.0	0.24	0.0	0.0	0.0	0.0	0.0	0.0	0.0	0.004	0.0	0.0	0.0	0.0	0.004	0.0	0.0	0.0	0.0	0.0	0.0	0.0	0.0	0.0	0.0	0.0	0.0	0.0	0.0	0.0	0.0	0.0	0.005	0.0	0.0	0.004	0.003	0.0	0.0	0.0	0.0	0.0	0.0	0.0	0.0	0.0	0.0	0.011	0.009	0.0	0.0	0.0	0.0	0.0	0.008	0.0	0.0	0.0	0.0	0.0	0.0	0.004	0.0	0.0	0.0	0.0	0.0	0.0	0.0	
Chromosome	5499010	C	G	0.0	0.204	0.0	0.23	0.0	0.0	0.0	0.0	0.0	0.0	0.0	0.0	0.0	0.0	0.0	0.0	0.0	0.0	0.0	0.0	0.0	0.0	0.0	0.0	0.0	0.0	0.0	0.0	0.0	0.0	0.0	0.0	0.0	0.0	0.0	0.0	0.0	0.0	0.0	0.0	0.0	0.0	0.0	0.0	0.0	0.0	0.0	0.0	0.0	0.0	0.0	0.0	0.0	0.0	0.0	0.0	0.0	0.0	0.0	0.0	0.0	0.0	0.0	0.0	0.0	0.0	0.0	0.0	0.0	
Chromosome	5590990	C	G	0.003	0.055	0.0	0.0	0.0	0.0	0.0	0.0	0.0	0.0	0.0	0.0	0.0	0.0	0.0	0.0	0.0	0.0	0.0	0.007	0.0	0.0	0.0	0.0	0.0	0.0	0.0	0.0	0.0	0.0	0.0	0.0	0.0	0.0	0.009	0.0	0.0	0.0	0.0	0.0	0.0	0.0	0.0	0.0	0.0	0.0	0.0	0.0	0.0	0.0	0.0	0.0	0.0	0.0	0.0	0.0	0.0	0.0	0.005	0.0	0.0	0.0	0.0	0.0	0.0	0.0	0.0	0.0	0.0	
Chromosome	5627230	C	A	0.0	0.222	0.0	0.0	0.0	0.007	0.0	0.0	0.0	0.0	0.0	0.0	0.0	0.0	0.0	0.0	0.0	0.0	0.0	0.0	0.0	0.0	0.0	0.0	0.0	0.0	0.0	0.0	0.0	0.0	0.0	0.003	0.0	0.0	0.0	0.0	0.002	0.003	0.0	0.0	0.0	0.0	0.0	0.0	0.0	0.0	0.0	0.0	0.006	0.0	0.0	0.0	0.0	0.0	0.0	0.0	0.0	0.0	0.0	0.0	0.0	0.0	0.004	0.0	0.0	0.004	0.0	0.0	0.0	
Chromosome	6197928	C	T	0.0	0.173	0.0	0.2	0.0	0.0	0.0	0.0	0.0	0.0	0.017	0.0	0.0	0.0	0.0	0.0	0.0	0.0	0.0	0.0	0.0	0.0	0.0	0.0	0.0	0.0	0.0	0.0	0.0	0.0	0.0	0.0	0.0	0.0	0.0	0.0	0.0	0.0	0.0	0.0	0.0	0.0	0.0	0.0	0.0	0.0	0.0	0.0	0.0	0.0	0.0	0.0	0.0	0.0	0.0	0.0	0.0	0.0	0.0	0.0	0.0	0.0	0.0	0.0	0.0	0.0	0.0	0.0	0.0	
Chromosome	6259435	TC	T	0.007	0.201	0.003	0.0	0.0	0.0	0.0	0.0	0.014	0.0	0.0	0.01	0.005	0.0	0.0	0.0	0.0	0.015	0.015	0.006	0.0	0.01	0.016	0.004	0.004	0.008	0.004	0.0	0.0	0.006	0.007	0.003	0.005	0.009	0.004	0.003	0.009	0.003	0.006	0.022	0.005	0.0	0.005	0.0	0.0	0.0	0.01	0.007	0.005	0.013	0.005	0.006	0.0	0.0	0.012	0.021	0.0	0.0	0.0	0.002	0.01	0.002	0.0	0.004	0.004	0.0	0.007	0.003	0.011	
Chromosome	6336520	T	G	0.244	0.397	0.246	0.282	0.276	0.378	0.288	0.297	0.35	0.317	0.281	0.321	0.312	0.4	0.35	0.315	0.571	0.4	0.316	0.278	0.293	0.39	0.352	0.407	0.392	0.328	0.381	0.292	0.258	0.246	0.307	0.324	0.34	0.286	0.416	0.335	0.325	0.268	0.005	0.323	0.296	0.347	0.013	0.339	0.017	0.256	0.409	0.415	0.356	0.308	0.3	0.413	0.348	0.358	0.269	0.643	0.367	0.391	0.005	0.317	0.296	0.269	0.343	0.368	0.331	0.288	0.281	0.346	0.0	
Chromosome	6433735	C	CCTGAGTTTGGACATGTCGGCCGGTTTT	0.0	0.031	0.0	0.0	0.0	0.0	0.0	0.0	0.0	0.0	0.0	0.0	0.0	0.0	0.0	0.0	0.0	0.0	0.0	0.0	0.0	0.0	0.0	0.0	0.0	0.0	0.0	0.0	0.0	0.0	0.0	0.0	0.0	0.0	0.0	0.0	0.0	0.0	0.0	0.0	0.0	0.0	0.0	0.0	0.0	0.0	0.0	0.0	0.0	0.0	0.0	0.0	0.0	0.0	0.0	0.0	0.0	0.0	0.0	0.0	0.0	0.0	0.0	0.0	0.0	0.0	0.0	0.0	0.0	
Chromosome	6501260	A	T	0.157	0.208	0.131	0.204	0.117	0.161	0.12	0.14	0.074	0.162	0.134	0.11	0.106	0.106	0.083	0.096	0.109	0.132	0.161	0.136	0.136	0.111	0.145	0.122	0.073	0.113	0.107	0.122	0.131	0.165	0.181	0.17	0.094	0.097	0.156	0.197	0.15	0.166	0.0	0.198	0.153	0.193	0.0	0.176	0.0	0.132	0.168	0.115	0.16	0.143	0.168	0.175	0.149	0.136	0.196	0.077	0.081	0.068	0.0	0.158	0.216	0.195	0.063	0.152	0.17	0.186	0.192	0.213	0.0	
Chromosome	6519481	C	T	0.0	0.14	0.0	0.166	0.0	0.0	0.0	0.0	0.003	0.0	0.0	0.0	0.0	0.0	0.0	0.0	0.0	0.0	0.0	0.0	0.0	0.0	0.0	0.0	0.0	0.0	0.0	0.0	0.0	0.0	0.0	0.004	0.0	0.0	0.0	0.0	0.0	0.004	0.0	0.0	0.0	0.0	0.0	0.0	0.0	0.0	0.0	0.0	0.0	0.0	0.0	0.0	0.0	0.0	0.0	0.0	0.0	0.0	0.0	0.0	0.0	0.0	0.0	0.0	0.0	0.0	0.0	0.0	0.006	
Chromosome	6687520	G	C	0.231	0.212	0.226	0.181	0.181	0.286	0.258	0.238	0.504	0.228	0.278	0.223	0.262	0.184	0.259	0.375	0.453	0.136	0.263	0.313	0.274	0.2	0.336	0.32	0.56	0.257	0.238	0.232	0.234	0.146	0.214	0.237	0.311	0.413	0.242	0.215	0.192	0.161	0.0	0.261	0.207	0.242	0.0	0.238	0.0	0.381	0.302	0.346	0.383	0.324	0.371	0.393	0.171	0.36	0.302	0.441	0.5	0.411	0.005	0.221	0.206	0.159	0.209	0.26	0.269	0.216	0.177	0.223	0.005	
Chromosome	6687524	T	G	0.332	0.311	0.299	0.257	0.115	0.434	0.459	0.475	0.46	0.342	0.451	0.34	0.288	0.226	0.232	0.425	0.429	0.333	0.458	0.512	0.505	0.57	0.53	0.45	0.446	0.277	0.215	0.257	0.276	0.27	0.319	0.195	0.291	0.372	0.348	0.285	0.314	0.265	0.0	0.447	0.368	0.432	0.0	0.394	0.012	0.245	0.444	0.525	0.611	0.5	0.592	0.5	0.578	0.471	0.426	0.429	0.311	0.333	0.004	0.296	0.303	0.247	0.204	0.318	0.328	0.289	0.293	0.267	0.005	
Chromosome	6863235	C	A	0.0	0.225	0.003	0.0	0.0	0.0	0.0	0.012	0.0	0.004	0.005	0.004	0.0	0.004	0.217	0.0	0.0	0.0	0.011	0.0	0.0	0.0	0.0	0.0	0.0	0.003	0.0	0.0	0.0	0.0	0.003	0.0	0.0	0.0	0.0	0.0	0.0	0.0	0.008	0.0	0.0	0.0	0.0	0.0	0.005	0.0	0.0	0.0	0.0	0.0	0.0	0.0	0.0	0.0	0.0	0.0	0.0	0.0	0.004	0.0	0.0	0.0	0.0	0.0	0.003	0.0	0.0	0.0	0.0	
Chromosome	6923330	T	G	0.29	0.294	0.261	0.261	0.253	0.352	0.347	0.411	0.365	0.397	0.421	0.319	0.333	0.374	0.324	0.472	0.587	0.472	0.467	0.396	0.397	0.383	0.427	0.39	0.423	0.307	0.372	0.351	0.382	0.258	0.264	0.271	0.46	0.412	0.466	0.31	0.292	0.261	0.0	0.392	0.372	0.322	0.0	0.42	0.006	0.265	0.283	0.339	0.411	0.474	0.417	0.493	0.376	0.471	0.507	0.588	0.413	0.437	0.0	0.261	0.3	0.279	0.36	0.294	0.352	0.236	0.273	0.232	0.014	
