chromosome	pos	ref	mut	APAW	MockL	MockA	MockB	MockC	MockD	MockE	MockF	MockG	MockH	MockI	MockJ	MockK	Ana1	BedA	BedB	BedC	BedD	CipA	CipB	CipC	CLFA	CLFB	CLFC	CombA2	CombA3	CombA	CombAu1	CombAu3	CombAu5	CombB	CombC	CycloA	CycloB	CycloC	EMBA	EMBB	EMBC	INH1	INH2	INHA	LzdA	LzdB	LzdC	M91	M92	M9B	MA_F1	MA_F2	MA_F3	MA_H1	MA_H2	MA_H3	MA_S1	MA_S2	MA_S3	MMCA	MMCB	MMCC	NANOA	NANOB	NANOC	RIFA	RIFB	RIFC	UV1	UV2	UV3	WT_Msm
Chromosome	521698	A	G	0.0	0.106	0.0	0.0	0.0	0.0	0.0	0.0	0.0	0.0	0.0	0.0	0.0	0.0	0.007	0.0	0.0	0.0	0.0	0.0	0.0	0.0	0.0	0.0	0.0	0.0	0.0	0.007	0.007	0.0	0.0	0.006	0.0	0.0	0.0	0.0	0.0	0.0	0.0	0.0	0.0	0.0	0.0	0.0	0.003	0.002	0.0	0.09	0.0	0.0	0.0	0.145	0.0	0.094	0.0	0.0	0.0	0.0	0.002	0.0	0.006	0.0	0.0	0.0	0.0	0.0	0.0	0.0	0.091	
Chromosome	521704	T	G	0.015	0.107	0.009	0.019	0.02	0.0	0.007	0.013	0.006	0.023	0.0	0.0	0.008	0.0	0.007	0.031	0.022	0.007	0.0	0.0	0.01	0.004	0.022	0.009	0.005	0.006	0.029	0.021	0.0	0.016	0.013	0.012	0.008	0.004	0.022	0.026	0.013	0.026	0.003	0.013	0.004	0.013	0.019	0.026	0.007	0.017	0.006	0.071	0.009	0.006	0.005	0.118	0.017	0.081	0.013	0.0	0.006	0.0	0.008	0.014	0.012	0.0	0.011	0.004	0.015	0.013	0.013	0.016	0.063	
Chromosome	1317042	CA	C	0.003	0.057	0.0	0.0	0.006	0.0	0.0	0.0	0.0	0.013	0.0	0.006	0.0	0.0	0.006	0.0	0.0	0.011	0.0	0.0	0.005	0.004	0.004	0.0	0.0	0.0	0.008	0.0	0.0	0.0	0.023	0.006	0.004	0.004	0.003	0.008	0.003	0.008	0.006	0.009	0.004	0.005	0.0	0.004	0.0	0.004	0.003	0.004	0.005	0.005	0.007	0.0	0.004	0.01	0.003	0.004	0.0	0.0	0.006	0.007	0.005	0.002	0.0	0.008	0.004	0.0	0.004	0.005	0.0	
Chromosome	1480926	C	G	0.271	0.182	0.337	0.252	0.284	0.273	0.318	0.267	0.301	0.233	0.286	0.236	0.302	0.396	0.261	0.215	0.243	0.32	0.23	0.262	0.262	0.391	0.299	0.303	0.291	0.378	0.288	0.229	0.234	0.27	0.213	0.254	0.299	0.361	0.347	0.368	0.306	0.347	0.327	0.265	0.413	0.272	0.348	0.29	0.282	0.31	0.285	0.242	0.331	0.266	0.281	0.259	0.315	0.175	0.423	0.312	0.236	0.271	0.27	0.262	0.292	0.265	0.381	0.374	0.236	0.275	0.218	0.229	0.224	
Chromosome	1609016	T	G	0.085	0.237	0.042	0.114	0.122	0.1	0.114	0.106	0.077	0.115	0.13	0.12	0.094	0.039	0.087	0.106	0.099	0.139	0.15	0.103	0.138	0.096	0.124	0.124	0.122	0.061	0.112	0.133	0.086	0.041	0.088	0.103	0.12	0.123	0.119	0.11	0.114	0.134	0.089	0.123	0.099	0.12	0.088	0.109	0.11	0.089	0.089	0.2	0.14	0.118	0.107	0.269	0.14	0.218	0.112	0.146	0.083	0.082	0.082	0.1	0.094	0.115	0.102	0.074	0.138	0.096	0.075	0.096	0.286	
Chromosome	2149905	C	G	0.0	0.199	0.0	0.0	0.0	0.0	0.0	0.0	0.0	0.0	0.0	0.0	0.0	0.0	0.0	0.0	0.0	0.0	0.0	0.0	0.0	0.0	0.0	0.0	0.0	0.0	0.0	0.0	0.0	0.0	0.0	0.0	0.0	0.0	0.0	0.0	0.0	0.0	0.0	0.0	0.0	0.0	0.0	0.0	0.0	0.003	0.0	0.007	0.0	0.0	0.0	0.0	0.0	0.0	0.0	0.0	0.0	0.0	0.0	0.0	0.0	0.0	0.0	0.0	0.0	0.0	0.0	0.0	0.0	
Chromosome	2224338	G	GGCGTGACGAGGTCAGATGCCGACC	0.512	0.354	0.519	0.613	0.545	0.533	0.591	0.5	0.474	0.744	0.562	0.538	0.5	0.4	0.529	0.452	0.526	0.458	0.51	0.468	0.391	0.508	0.377	0.481	0.48	0.556	0.667	0.582	0.439	0.484	0.55	0.614	0.562	0.453	0.455	0.581	0.577	0.597	0.517	0.567	0.456	0.634	0.483	0.611	0.543	0.571	0.532	0.364	0.571	0.442	0.538	0.204	0.56	0.417	0.537	0.571	0.488	0.536	0.495	0.504	0.531	0.582	0.479	0.5	0.687	0.553	0.574	0.447	0.333	
Chromosome	2335382	T	G	0.064	0.228	0.101	0.112	0.062	0.081	0.119	0.068	0.075	0.115	0.212	0.162	0.134	0.04	0.112	0.136	0.08	0.179	0.086	0.126	0.108	0.103	0.08	0.107	0.112	0.138	0.08	0.112	0.056	0.108	0.086	0.09	0.16	0.119	0.091	0.131	0.099	0.082	0.07	0.065	0.071	0.122	0.133	0.105	0.04	0.053	0.066	0.193	0.128	0.16	0.117	0.231	0.122	0.169	0.113	0.115	0.066	0.076	0.075	0.053	0.071	0.06	0.126	0.134	0.095	0.065	0.055	0.089	0.209	
Chromosome	2353086	A	C	0.015	0.071	0.0	0.0	0.022	0.0	0.01	0.015	0.013	0.0	0.0	0.0	0.0	0.007	0.024	0.0	0.014	0.017	0.005	0.005	0.0	0.017	0.005	0.008	0.005	0.009	0.013	0.018	0.0	0.009	0.0	0.007	0.018	0.0	0.008	0.004	0.008	0.004	0.003	0.003	0.004	0.011	0.0	0.0	0.006	0.009	0.006	0.062	0.012	0.0	0.006	0.116	0.0	0.057	0.01	0.014	0.007	0.004	0.002	0.002	0.0	0.0	0.0	0.005	0.0	0.003	0.008	0.006	0.094	
Chromosome	2743218	T	C	0.0	0.101	0.0	0.0	0.0	0.0	0.006	0.009	0.0	0.0	0.0	0.0	0.0	0.006	0.0	0.0	0.0	0.0	0.0	0.0	0.0	0.0	0.0	0.0	0.0	0.0	0.0	0.005	0.0	0.0	0.0	0.0	0.0	0.0	0.004	0.0	0.0	0.0	0.0	0.0	0.0	0.0	0.0	0.0	0.0	0.0	0.0	0.048	0.0	0.0	0.0	0.041	0.0	0.065	0.0	0.0	0.0	0.0	0.0	0.0	0.0	0.0	0.0	0.0	0.0	0.0	0.002	0.0	0.113	
Chromosome	3916386	T	TC	0.696	0.614	0.697	0.778	0.628	0.741	0.732	0.634	0.615	0.66	0.833	0.605	0.744	0.8	0.644	0.615	0.72	0.58	0.63	0.703	0.78	0.687	0.803	0.723	0.673	0.682	0.647	0.75	0.592	0.545	0.772	0.746	0.735	0.579	0.67	0.781	0.812	0.8	0.767	0.687	0.75	0.768	0.646	0.754	0.726	0.7	0.691	0.691	0.83	0.65	0.741	0.754	0.698	0.7	0.721	0.745	0.674	0.767	0.777	0.743	0.646	0.696	0.667	0.673	0.719	0.797	0.775	0.75	0.87	
Chromosome	3916393	G	A	0.542	0.483	0.424	0.372	0.486	0.389	0.37	0.487	0.564	0.479	0.429	0.628	0.575	0.455	0.643	0.559	0.423	0.53	0.491	0.389	0.533	0.607	0.431	0.557	0.642	0.607	0.421	0.404	0.521	0.511	0.339	0.453	0.608	0.608	0.484	0.516	0.467	0.511	0.482	0.469	0.458	0.478	0.516	0.419	0.551	0.479	0.402	0.275	0.339	0.561	0.534	0.283	0.444	0.357	0.561	0.347	0.515	0.403	0.426	0.497	0.479	0.487	0.545	0.453	0.539	0.4	0.462	0.503	0.259	
Chromosome	3916395	G	C	0.567	0.518	0.452	0.364	0.486	0.382	0.435	0.526	0.564	0.511	0.556	0.659	0.622	0.5	0.683	0.576	0.481	0.564	0.527	0.432	0.574	0.625	0.451	0.591	0.611	0.645	0.5	0.434	0.542	0.511	0.345	0.453	0.635	0.608	0.505	0.523	0.481	0.548	0.491	0.491	0.5	0.465	0.516	0.413	0.577	0.496	0.419	0.275	0.352	0.603	0.542	0.322	0.455	0.415	0.585	0.36	0.55	0.435	0.455	0.519	0.496	0.529	0.562	0.491	0.556	0.421	0.469	0.513	0.259	
Chromosome	3916396	A	C,AGCGTGCGTCAACTGCTGCAAAATC	0.165	0.193	0.103	0.023	0.132	0.143	0.043	0.135	0.077	0.109	0.1	0.114	0.112	0.093	0.075	0.102	0.056	0.114	0.148	0.158	0.089	0.089	0.171	0.092	0.094	0.031	0.15	0.093	0.021	0.205	0.158	0.094	0.054	0.127	0.141	0.106	0.063	0.12	0.088	0.054	0.129	0.141	0.122	0.094	0.11	0.103	0.114	0.216	0.192	0.06	0.102	0.2	0.091	0.244	0.048	0.1	0.157	0.147	0.099	0.102	0.085	0.098	0.063	0.132	0.067	0.14	0.124	0.087	0.423	
Chromosome	4214321	G	T	0.529	0.327	0.532	0.496	0.437	0.482	0.494	0.488	0.547	0.609	0.667	0.516	0.494	0.434	0.504	0.535	0.506	0.488	0.49	0.508	0.522	0.467	0.508	0.486	0.461	0.44	0.5	0.562	0.546	0.516	0.506	0.475	0.489	0.518	0.512	0.491	0.538	0.498	0.505	0.515	0.537	0.542	0.471	0.535	0.499	0.522	0.532	0.48	0.489	0.498	0.535	0.55	0.536	0.497	0.522	0.512	0.509	0.501	0.518	0.527	0.502	0.5	0.52	0.555	0.518	0.497	0.481	0.394	0.498	
Chromosome	4214326	C	A	0.527	0.332	0.544	0.495	0.458	0.492	0.5	0.477	0.562	0.611	0.663	0.526	0.493	0.448	0.506	0.551	0.508	0.494	0.501	0.496	0.524	0.477	0.511	0.498	0.472	0.443	0.506	0.555	0.525	0.537	0.51	0.476	0.49	0.5	0.517	0.491	0.534	0.5	0.506	0.524	0.531	0.543	0.486	0.537	0.498	0.516	0.526	0.482	0.477	0.503	0.535	0.554	0.536	0.501	0.527	0.52	0.513	0.503	0.516	0.53	0.503	0.497	0.512	0.551	0.514	0.503	0.483	0.401	0.495	
Chromosome	4214347	A	C	0.51	0.343	0.546	0.514	0.481	0.492	0.522	0.485	0.571	0.582	0.647	0.551	0.508	0.466	0.518	0.532	0.519	0.506	0.494	0.484	0.535	0.484	0.495	0.491	0.475	0.473	0.508	0.556	0.527	0.529	0.528	0.512	0.494	0.5	0.506	0.496	0.54	0.508	0.494	0.504	0.538	0.542	0.482	0.535	0.503	0.512	0.533	0.468	0.473	0.529	0.541	0.544	0.526	0.512	0.532	0.532	0.514	0.48	0.518	0.538	0.495	0.504	0.507	0.542	0.519	0.492	0.466	0.412	0.475	
Chromosome	4214560	C	A	0.452	0.408	0.431	0.453	0.479	0.42	0.509	0.468	0.49	0.472	0.509	0.462	0.494	0.533	0.441	0.444	0.525	0.503	0.477	0.478	0.474	0.465	0.518	0.466	0.465	0.544	0.5	0.53	0.506	0.48	0.485	0.401	0.533	0.478	0.449	0.475	0.494	0.517	0.494	0.476	0.515	0.485	0.48	0.481	0.502	0.45	0.481	0.463	0.458	0.491	0.505	0.538	0.511	0.524	0.498	0.496	0.478	0.497	0.486	0.494	0.506	0.43	0.49	0.489	0.515	0.442	0.432	0.326	0.498	
Chromosome	4214572	C	A	0.459	0.406	0.459	0.452	0.473	0.412	0.48	0.455	0.479	0.473	0.522	0.462	0.486	0.519	0.416	0.429	0.502	0.494	0.471	0.486	0.465	0.464	0.508	0.467	0.451	0.538	0.486	0.514	0.496	0.482	0.498	0.408	0.527	0.469	0.444	0.472	0.473	0.501	0.481	0.454	0.519	0.485	0.465	0.478	0.489	0.451	0.479	0.47	0.462	0.489	0.509	0.53	0.513	0.548	0.488	0.5	0.477	0.504	0.485	0.493	0.489	0.426	0.493	0.501	0.512	0.44	0.42	0.324	0.495	
Chromosome	4214624	G	T	0.448	0.378	0.438	0.421	0.397	0.385	0.465	0.392	0.463	0.462	0.491	0.472	0.401	0.487	0.407	0.436	0.455	0.444	0.45	0.447	0.459	0.435	0.469	0.439	0.447	0.524	0.416	0.5	0.464	0.442	0.441	0.378	0.51	0.412	0.391	0.45	0.471	0.45	0.439	0.427	0.477	0.418	0.416	0.428	0.461	0.421	0.448	0.407	0.434	0.451	0.476	0.503	0.453	0.507	0.467	0.444	0.435	0.464	0.448	0.451	0.436	0.409	0.476	0.485	0.462	0.409	0.377	0.333	0.511	
Chromosome	4214739	G	GT	0.34	0.26	0.331	0.371	0.301	0.321	0.371	0.324	0.352	0.367	0.535	0.391	0.331	0.395	0.304	0.332	0.352	0.324	0.364	0.304	0.32	0.338	0.351	0.336	0.368	0.472	0.392	0.342	0.38	0.312	0.339	0.353	0.34	0.358	0.313	0.303	0.316	0.331	0.332	0.321	0.353	0.327	0.388	0.339	0.358	0.305	0.333	0.327	0.332	0.362	0.287	0.317	0.332	0.357	0.306	0.309	0.32	0.334	0.355	0.338	0.314	0.329	0.36	0.327	0.316	0.303	0.304	0.266	0.329	
Chromosome	5672093	TTCTGGC	T	0.01	0.235	0.008	0.007	0.008	0.006	0.007	0.016	0.013	0.008	0.0	0.004	0.103	0.005	0.083	0.019	0.007	0.014	0.0	0.015	0.011	0.013	0.0	0.0	0.017	0.01	0.01	0.0	0.0	0.007	0.007	0.016	0.013	0.015	0.159	0.0	0.009	0.013	0.0	0.01	0.021	0.0	0.108	0.07	0.0	0.014	0.011	0.013	0.005	0.01	0.0	0.01	0.0	0.009	0.0	0.0	0.0	0.011	0.032	0.008	0.006	0.015	0.014	0.01	0.015	0.006	0.008	0.003	0.012	
Chromosome	6077105	C	CG	0.0	0.93	0.0	0.0	0.0	0.0	0.0	0.0	0.0	0.0	0.0	0.0	0.0	0.0	0.0	0.0	0.0	0.004	0.0	0.0	0.0	0.0	0.0	0.0	0.0	0.0	0.0	0.0	0.0	0.0	0.0	0.0	0.0	0.004	0.0	0.0	0.0	0.0	0.0	0.0	0.0	0.0	0.0	0.0	0.0	0.002	0.0	0.0	0.0	0.419	0.0	0.0	0.0	0.0	0.0	0.0	0.0	0.0	0.002	0.0	0.0	0.0	0.0	0.0	0.0	0.0	0.0	0.0	0.035	
Chromosome	6089017	A	C	0.003	0.133	0.0	0.0	0.0	0.0	0.0	0.008	0.006	0.0	0.0	0.0	0.003	0.0	0.0	0.0	0.0	0.004	0.0	0.0	0.006	0.0	0.0	0.0	0.004	0.0	0.0	0.006	0.006	0.0	0.007	0.0	0.0	0.0	0.0	0.0	0.0	0.008	0.003	0.0	0.004	0.004	0.0	0.0	0.0	0.0	0.003	0.0	0.0	0.0	0.0	0.006	0.0	0.0	0.0	0.0	0.0	0.0	0.002	0.003	0.0	0.0	0.0	0.004	0.004	0.0	0.0	0.0	0.0	
Chromosome	6778456	G	C	0.172	0.185	0.219	0.233	0.303	0.203	0.254	0.256	0.233	0.231	0.441	0.268	0.258	0.109	0.293	0.143	0.26	0.267	0.185	0.17	0.25	0.237	0.193	0.22	0.341	0.287	0.257	0.29	0.174	0.198	0.257	0.287	0.219	0.237	0.204	0.187	0.202	0.211	0.215	0.193	0.257	0.3	0.21	0.227	0.235	0.223	0.238	0.156	0.225	0.265	0.273	0.185	0.24	0.184	0.233	0.281	0.23	0.24	0.195	0.218	0.223	0.199	0.209	0.185	0.281	0.221	0.209	0.237	0.133	
Chromosome	6778464	T	C	0.04	0.13	0.061	0.06	0.083	0.095	0.105	0.053	0.107	0.084	0.179	0.067	0.045	0.008	0.077	0.053	0.051	0.095	0.074	0.075	0.079	0.021	0.028	0.057	0.071	0.079	0.07	0.095	0.053	0.047	0.063	0.083	0.074	0.023	0.02	0.025	0.028	0.034	0.034	0.037	0.028	0.034	0.043	0.089	0.049	0.039	0.042	0.094	0.052	0.079	0.114	0.167	0.07	0.138	0.037	0.132	0.047	0.065	0.045	0.06	0.035	0.059	0.037	0.006	0.082	0.074	0.031	0.046	0.178	
