chromosome	pos	ref	mut	APAW	MockB	MockA	MockC	MockD	MockE	MockF	MockG	MockH	MockI	MockJ	MockK	MockL	Ana1	BedA	BedB	BedC	BedD	CipA	CipB	CipC	CLFA	CLFB	CLFC	CombA2	CombA3	CombA	CombAu1	CombAu3	CombAu5	CombB	CombC	CycloA	CycloB	CycloC	EMBA	EMBB	EMBC	INH1	INH2	INHA	LzdA	LzdB	LzdC	M91	M92	M9B	MA_F1	MA_F2	MA_F3	MA_H1	MA_H2	MA_H3	MA_S1	MA_S2	MA_S3	MMCA	MMCB	MMCC	NANOA	NANOB	NANOC	RIFA	RIFB	RIFC	UV1	UV2	UV3	WT_Msm
Chromosome	64992	T	G	0.148	0.34	0.349	0.421	0.366	0.394	0.373	0.364	0.368	0.222	0.261	0.27	0.006	0.15	0.294	0.305	0.25	0.251	0.171	0.238	0.23	0.174	0.157	0.208	0.27	0.26	0.276	0.337	0.376	0.369	0.325	0.306	0.257	0.188	0.17	0.184	0.168	0.178	0.136	0.128	0.12	0.298	0.246	0.302	0.176	0.125	0.14	0.028	0.22	0.283	0.287	0.022	0.29	0.015	0.195	0.228	0.193	0.177	0.154	0.189	0.15	0.113	0.23	0.221	0.22	0.121	0.148	0.162	0.067	
Chromosome	65001	A	C	0.148	0.429	0.345	0.337	0.325	0.398	0.336	0.387	0.371	0.324	0.272	0.256	0.0	0.099	0.358	0.298	0.298	0.303	0.251	0.247	0.336	0.211	0.201	0.171	0.294	0.235	0.371	0.396	0.439	0.471	0.317	0.361	0.23	0.254	0.219	0.232	0.221	0.235	0.163	0.164	0.131	0.226	0.254	0.251	0.248	0.182	0.174	0.0	0.255	0.25	0.265	0.007	0.304	0.0	0.172	0.219	0.208	0.158	0.185	0.119	0.196	0.172	0.242	0.174	0.21	0.17	0.17	0.152	0.0	
Chromosome	191372	G	T	0.0	0.153	0.0	0.007	0.0	0.0	0.0	0.0	0.0	0.0	0.0	0.0	0.0	0.0	0.0	0.0	0.0	0.0	0.0	0.0	0.0	0.0	0.0	0.0	0.0	0.0	0.0	0.0	0.0	0.0	0.0	0.0	0.0	0.0	0.0	0.0	0.0	0.0	0.0	0.0	0.0	0.0	0.0	0.0	0.0	0.0	0.0	0.0	0.0	0.0	0.0	0.0	0.0	0.0	0.0	0.0	0.0	0.0	0.0	0.003	0.0	0.0	0.004	0.0	0.0	0.0	0.003	0.0	0.0	
Chromosome	202859	T	G	0.083	0.241	0.26	0.241	0.266	0.281	0.199	0.275	0.281	0.2	0.196	0.23	0.005	0.051	0.274	0.259	0.214	0.199	0.119	0.11	0.157	0.151	0.094	0.058	0.216	0.256	0.359	0.195	0.268	0.15	0.217	0.226	0.162	0.214	0.104	0.1	0.095	0.139	0.104	0.087	0.097	0.212	0.208	0.194	0.071	0.081	0.095	0.0	0.177	0.09	0.147	0.006	0.184	0.0	0.16	0.145	0.11	0.102	0.108	0.089	0.13	0.089	0.103	0.143	0.131	0.089	0.077	0.063	0.013	
Chromosome	249703	T	G	0.146	0.22	0.277	0.218	0.186	0.188	0.175	0.25	0.295	0.111	0.184	0.085	0.016	0.096	0.231	0.295	0.216	0.11	0.209	0.202	0.195	0.148	0.102	0.107	0.099	0.135	0.224	0.175	0.208	0.182	0.186	0.211	0.188	0.099	0.128	0.105	0.07	0.14	0.196	0.162	0.073	0.083	0.114	0.184	0.137	0.156	0.153	0.006	0.175	0.168	0.182	0.013	0.192	0.005	0.066	0.166	0.126	0.141	0.148	0.169	0.146	0.163	0.106	0.101	0.243	0.157	0.138	0.132	0.013	
Chromosome	287561	T	G	0.042	0.164	0.122	0.126	0.187	0.13	0.095	0.119	0.166	0.132	0.16	0.091	0.005	0.019	0.106	0.143	0.119	0.155	0.085	0.074	0.1	0.072	0.07	0.075	0.09	0.158	0.143	0.119	0.149	0.147	0.152	0.146	0.174	0.13	0.061	0.077	0.05	0.07	0.055	0.071	0.04	0.138	0.111	0.164	0.056	0.068	0.04	0.0	0.055	0.112	0.07	0.0	0.113	0.005	0.051	0.09	0.054	0.047	0.071	0.062	0.054	0.028	0.069	0.075	0.1	0.037	0.046	0.055	0.0	
Chromosome	490627	T	G	0.084	0.102	0.182	0.064	0.092	0.154	0.153	0.068	0.102	0.132	0.041	0.057	0.0	0.035	0.065	0.118	0.097	0.092	0.088	0.103	0.122	0.088	0.115	0.11	0.074	0.057	0.085	0.062	0.071	0.094	0.092	0.088	0.123	0.052	0.119	0.063	0.077	0.145	0.073	0.08	0.095	0.071	0.091	0.073	0.066	0.072	0.102	0.0	0.149	0.132	0.092	0.006	0.046	0.0	0.098	0.126	0.123	0.101	0.081	0.071	0.097	0.057	0.083	0.099	0.111	0.089	0.064	0.043	0.0	
Chromosome	573842	T	G	0.003	0.269	0.0	0.0	0.0	0.006	0.007	0.0	0.015	0.0	0.0	0.0	0.0	0.0	0.0	0.0	0.0	0.0	0.003	0.0	0.004	0.0	0.004	0.0	0.0	0.005	0.0	0.0	0.0	0.0	0.005	0.006	0.008	0.004	0.0	0.0	0.004	0.004	0.0	0.0	0.0	0.0	0.0	0.01	0.0	0.0	0.003	0.006	0.0	0.0	0.008	0.013	0.005	0.019	0.0	0.005	0.003	0.0	0.004	0.0	0.006	0.0	0.0	0.0	0.0	0.0	0.003	0.0	0.012	
Chromosome	642632	A	C	0.021	0.067	0.024	0.077	0.068	0.043	0.031	0.035	0.075	0.021	0.02	0.027	0.0	0.0	0.053	0.017	0.068	0.032	0.046	0.039	0.024	0.029	0.01	0.021	0.028	0.034	0.093	0.075	0.051	0.045	0.057	0.026	0.056	0.041	0.013	0.023	0.008	0.031	0.012	0.014	0.012	0.031	0.022	0.033	0.027	0.012	0.013	0.0	0.015	0.047	0.025	0.0	0.047	0.0	0.014	0.005	0.007	0.006	0.023	0.012	0.014	0.01	0.007	0.01	0.027	0.0	0.008	0.017	0.0	
Chromosome	680934	A	C	0.043	0.16	0.043	0.151	0.129	0.149	0.11	0.082	0.11	0.182	0.17	0.088	0.0	0.016	0.108	0.088	0.122	0.092	0.086	0.064	0.041	0.058	0.054	0.047	0.076	0.108	0.115	0.15	0.134	0.128	0.101	0.121	0.152	0.119	0.034	0.105	0.062	0.037	0.031	0.059	0.018	0.118	0.105	0.07	0.048	0.045	0.04	0.0	0.069	0.09	0.073	0.006	0.084	0.0	0.082	0.062	0.044	0.038	0.029	0.039	0.053	0.05	0.047	0.07	0.074	0.03	0.041	0.034	0.006	
Chromosome	706123	T	G	0.145	0.212	0.219	0.236	0.263	0.204	0.225	0.25	0.253	0.205	0.168	0.171	0.005	0.094	0.195	0.196	0.2	0.155	0.187	0.222	0.226	0.158	0.104	0.112	0.173	0.132	0.2	0.212	0.221	0.237	0.163	0.243	0.209	0.172	0.167	0.155	0.149	0.15	0.167	0.092	0.128	0.159	0.108	0.251	0.16	0.141	0.143	0.0	0.209	0.181	0.209	0.006	0.205	0.005	0.114	0.151	0.106	0.158	0.138	0.139	0.15	0.164	0.11	0.167	0.186	0.162	0.134	0.171	0.007	
Chromosome	708677	A	C	0.24	0.28	0.3	0.312	0.305	0.31	0.292	0.217	0.292	0.386	0.356	0.267	0.0	0.152	0.293	0.262	0.33	0.28	0.295	0.306	0.324	0.221	0.237	0.264	0.288	0.254	0.267	0.351	0.324	0.357	0.303	0.27	0.223	0.333	0.181	0.226	0.205	0.189	0.189	0.168	0.228	0.295	0.335	0.222	0.205	0.216	0.184	0.0	0.265	0.255	0.305	0.008	0.295	0.0	0.26	0.239	0.193	0.235	0.22	0.175	0.24	0.18	0.233	0.25	0.206	0.201	0.187	0.215	0.0	
Chromosome	767473	T	G	0.075	0.274	0.248	0.25	0.295	0.293	0.336	0.273	0.248	0.143	0.203	0.137	0.026	0.066	0.231	0.265	0.273	0.117	0.196	0.156	0.184	0.078	0.103	0.072	0.157	0.143	0.213	0.266	0.276	0.232	0.31	0.256	0.187	0.143	0.07	0.131	0.103	0.078	0.132	0.105	0.119	0.178	0.136	0.164	0.132	0.12	0.134	0.0	0.201	0.245	0.229	0.006	0.164	0.006	0.103	0.194	0.128	0.104	0.107	0.114	0.099	0.114	0.106	0.087	0.152	0.12	0.111	0.115	0.0	
Chromosome	904068	G	GCTGATC	0.0	0.294	0.0	0.0	0.19	0.0	0.0	0.0	0.0	0.0	0.0	0.0	0.0	0.0	0.0	0.0	0.0	0.0	0.0	0.0	0.0	0.0	0.0	0.0	0.0	0.0	0.0	0.0	0.0	0.0	0.0	0.0	0.0	0.0	0.0	0.0	0.0	0.0	0.0	0.0	0.0	0.0	0.0	0.0	0.0	0.0	0.0	0.0	0.0	0.0	0.0	0.0	0.0	0.0	0.0	0.0	0.0	0.0	0.0	0.0	0.0	0.0	0.0	0.0	0.0	0.0	0.0	0.0	0.0	
Chromosome	1024832	C	G	0.0	0.263	0.0	0.0	0.0	0.0	0.0	0.0	0.0	0.0	0.0	0.0	0.0	0.0	0.0	0.0	0.007	0.0	0.0	0.0	0.0	0.0	0.0	0.0	0.0	0.0	0.0	0.0	0.0	0.008	0.0	0.0	0.0	0.0	0.0	0.0	0.0	0.0	0.0	0.0	0.0	0.0	0.0	0.0	0.0	0.0	0.0	0.0	0.0	0.0	0.0	0.005	0.0	0.0	0.0	0.0	0.0	0.0	0.0	0.0	0.0	0.0	0.0	0.0	0.0	0.0	0.0	0.0	0.0	
Chromosome	1574114	T	G	0.158	0.281	0.29	0.365	0.298	0.309	0.315	0.302	0.293	0.125	0.192	0.237	0.011	0.177	0.245	0.262	0.197	0.219	0.177	0.218	0.18	0.146	0.167	0.224	0.26	0.312	0.263	0.298	0.318	0.274	0.299	0.268	0.211	0.16	0.177	0.204	0.179	0.144	0.135	0.095	0.16	0.214	0.232	0.183	0.194	0.142	0.113	0.005	0.135	0.168	0.213	0.012	0.128	0.006	0.156	0.213	0.154	0.128	0.178	0.142	0.13	0.149	0.171	0.201	0.155	0.132	0.118	0.134	0.007	
Chromosome	1601016	T	G	0.066	0.148	0.124	0.136	0.108	0.147	0.133	0.124	0.123	0.0	0.056	0.036	0.0	0.006	0.097	0.155	0.16	0.035	0.08	0.083	0.097	0.025	0.029	0.03	0.063	0.051	0.186	0.175	0.128	0.154	0.116	0.143	0.132	0.023	0.014	0.043	0.024	0.029	0.031	0.05	0.018	0.047	0.039	0.176	0.054	0.063	0.034	0.0	0.101	0.102	0.076	0.0	0.106	0.0	0.0	0.078	0.039	0.043	0.066	0.063	0.067	0.039	0.018	0.041	0.116	0.044	0.061	0.048	0.008	
Chromosome	1601029	A	C	0.071	0.157	0.124	0.157	0.136	0.156	0.173	0.12	0.1	0.0	0.044	0.063	0.0	0.006	0.112	0.127	0.136	0.027	0.079	0.086	0.106	0.033	0.024	0.023	0.019	0.047	0.16	0.117	0.135	0.14	0.118	0.099	0.141	0.007	0.032	0.017	0.046	0.027	0.039	0.067	0.018	0.023	0.055	0.129	0.064	0.082	0.033	0.0	0.121	0.102	0.093	0.007	0.095	0.0	0.0	0.082	0.047	0.063	0.071	0.07	0.07	0.052	0.042	0.029	0.116	0.053	0.072	0.069	0.0	
Chromosome	1611714	A	G	0.0	0.23	0.0	0.0	0.0	0.0	0.0	0.0	0.0	0.0	0.0	0.0	0.0	0.0	0.0	0.0	0.0	0.0	0.0	0.0	0.0	0.0	0.005	0.0	0.0	0.0	0.0	0.0	0.0	0.0	0.0	0.0	0.0	0.0	0.0	0.0	0.0	0.004	0.0	0.0	0.0	0.0	0.0	0.0	0.0	0.0	0.0	0.0	0.0	0.0	0.0	0.0	0.0	0.006	0.0	0.0	0.0	0.0	0.0	0.0	0.0	0.0	0.0	0.0	0.0	0.0	0.0	0.0	0.0	
Chromosome	1865825	G	GC	0.0	0.169	0.0	0.0	0.0	0.0	0.0	0.0	0.0	0.0	0.0	0.0	0.0	0.0	0.0	0.0	0.0	0.0	0.0	0.0	0.0	0.0	0.0	0.0	0.0	0.0	0.0	0.0	0.0	0.0	0.0	0.0	0.0	0.0	0.0	0.0	0.0	0.0	0.0	0.0	0.0	0.0	0.0	0.0	0.0	0.0	0.0	0.0	0.0	0.0	0.0	0.0	0.0	0.0	0.0	0.0	0.0	0.0	0.0	0.0	0.0	0.0	0.0	0.0	0.0	0.0	0.0	0.0	0.0	
Chromosome	2018806	A	C	0.053	0.125	0.111	0.144	0.113	0.117	0.115	0.138	0.18	0.034	0.06	0.117	0.0	0.024	0.115	0.112	0.114	0.067	0.068	0.096	0.14	0.111	0.103	0.052	0.088	0.037	0.088	0.163	0.116	0.048	0.119	0.109	0.079	0.09	0.073	0.065	0.079	0.054	0.047	0.063	0.053	0.047	0.097	0.092	0.047	0.06	0.064	0.0	0.105	0.079	0.092	0.007	0.095	0.007	0.053	0.103	0.055	0.064	0.069	0.063	0.055	0.039	0.043	0.073	0.087	0.034	0.042	0.037	0.0	
Chromosome	2195100	T	G	0.089	0.184	0.132	0.188	0.225	0.17	0.144	0.201	0.16	0.14	0.164	0.128	0.0	0.085	0.124	0.186	0.12	0.178	0.192	0.205	0.162	0.186	0.129	0.143	0.174	0.151	0.198	0.141	0.22	0.198	0.168	0.155	0.199	0.129	0.151	0.145	0.137	0.179	0.112	0.094	0.09	0.15	0.143	0.184	0.114	0.142	0.121	0.0	0.156	0.119	0.225	0.0	0.156	0.005	0.149	0.074	0.142	0.103	0.093	0.119	0.12	0.141	0.158	0.131	0.204	0.109	0.116	0.088	0.007	
Chromosome	2195139	A	C	0.046	0.182	0.183	0.142	0.124	0.068	0.169	0.078	0.101	0.028	0.034	0.035	0.017	0.041	0.083	0.118	0.124	0.074	0.133	0.104	0.078	0.083	0.066	0.035	0.051	0.046	0.103	0.119	0.12	0.113	0.15	0.102	0.113	0.051	0.058	0.065	0.034	0.067	0.086	0.082	0.079	0.045	0.091	0.113	0.061	0.061	0.076	0.0	0.102	0.089	0.099	0.012	0.085	0.005	0.033	0.075	0.079	0.092	0.07	0.093	0.084	0.085	0.087	0.054	0.074	0.091	0.079	0.064	0.013	
Chromosome	2195144	T	G	0.142	0.247	0.233	0.229	0.25	0.221	0.208	0.22	0.191	0.147	0.07	0.083	0.0	0.092	0.217	0.177	0.189	0.099	0.226	0.268	0.225	0.162	0.072	0.084	0.129	0.1	0.244	0.254	0.201	0.19	0.203	0.194	0.234	0.093	0.124	0.058	0.129	0.163	0.164	0.174	0.063	0.107	0.083	0.205	0.161	0.17	0.181	0.0	0.202	0.254	0.218	0.006	0.251	0.006	0.068	0.187	0.164	0.145	0.177	0.171	0.199	0.159	0.15	0.156	0.186	0.196	0.16	0.124	0.0	
Chromosome	2355770	A	G	0.115	0.413	0.134	0.191	0.0	0.0	0.0	0.158	0.0	0.0	0.0	0.0	0.0	0.0	0.0	0.0	0.404	0.0	0.0	0.0	0.0	0.0	0.0	0.0	0.0	0.0	0.19	0.0	0.0	0.0	0.091	0.308	0.0	0.0	0.0	0.0	0.0	0.0	0.003	0.0	0.0	0.0	0.0	0.0	0.0	0.0	0.0	0.0	0.0	0.0	0.0	0.013	0.0	0.0	0.0	0.0	0.0	0.0	0.0	0.0	0.0	0.0	0.136	0.0	0.0	0.0	0.0	0.0	0.0	
Chromosome	2570182	T	G	0.026	0.125	0.059	0.107	0.12	0.113	0.103	0.229	0.099	0.083	0.078	0.048	0.0	0.0	0.122	0.068	0.046	0.064	0.055	0.043	0.075	0.036	0.006	0.04	0.071	0.083	0.118	0.06	0.09	0.077	0.096	0.074	0.086	0.075	0.012	0.034	0.026	0.019	0.018	0.032	0.027	0.051	0.105	0.144	0.01	0.017	0.032	0.0	0.024	0.046	0.053	0.0	0.068	0.006	0.018	0.056	0.037	0.007	0.012	0.031	0.022	0.023	0.02	0.026	0.043	0.021	0.017	0.01	0.0	
Chromosome	2579189	A	C	0.173	0.34	0.283	0.287	0.219	0.263	0.281	0.333	0.308	0.238	0.256	0.256	0.0	0.134	0.268	0.276	0.242	0.322	0.271	0.222	0.31	0.219	0.219	0.213	0.261	0.246	0.282	0.237	0.297	0.183	0.206	0.319	0.253	0.25	0.187	0.23	0.232	0.224	0.248	0.226	0.202	0.275	0.243	0.239	0.21	0.225	0.223	0.006	0.273	0.263	0.274	0.0	0.395	0.0	0.226	0.303	0.277	0.259	0.226	0.225	0.219	0.226	0.154	0.254	0.234	0.26	0.238	0.244	0.013	
Chromosome	2798424	A	C	0.102	0.258	0.292	0.257	0.276	0.262	0.262	0.275	0.269	0.295	0.24	0.189	0.006	0.044	0.15	0.145	0.225	0.234	0.195	0.182	0.181	0.159	0.146	0.149	0.211	0.256	0.192	0.213	0.25	0.232	0.263	0.227	0.273	0.179	0.182	0.12	0.15	0.178	0.111	0.124	0.057	0.129	0.237	0.23	0.121	0.131	0.124	0.0	0.181	0.206	0.216	0.0	0.19	0.006	0.113	0.17	0.119	0.089	0.129	0.143	0.116	0.085	0.113	0.171	0.16	0.142	0.13	0.058	0.009	
Chromosome	2811233	A	C	0.069	0.202	0.122	0.163	0.181	0.25	0.141	0.247	0.194	0.29	0.137	0.083	0.0	0.042	0.18	0.175	0.179	0.158	0.113	0.168	0.111	0.076	0.117	0.043	0.148	0.155	0.146	0.133	0.171	0.135	0.178	0.189	0.144	0.122	0.134	0.121	0.096	0.062	0.053	0.055	0.056	0.136	0.101	0.086	0.043	0.076	0.07	0.005	0.117	0.1	0.133	0.005	0.143	0.0	0.099	0.114	0.054	0.054	0.051	0.072	0.037	0.059	0.088	0.074	0.054	0.061	0.053	0.034	0.007	
Chromosome	2946508	A	C	0.246	0.258	0.284	0.273	0.293	0.171	0.168	0.185	0.333	0.056	0.071	0.058	0.0	0.101	0.217	0.231	0.185	0.093	0.214	0.243	0.283	0.125	0.082	0.143	0.089	0.048	0.182	0.213	0.25	0.216	0.198	0.211	0.218	0.103	0.136	0.094	0.074	0.169	0.226	0.268	0.122	0.069	0.05	0.24	0.201	0.204	0.213	0.007	0.327	0.318	0.269	0.007	0.321	0.013	0.123	0.293	0.197	0.281	0.231	0.227	0.227	0.227	0.159	0.182	0.219	0.23	0.269	0.168	0.01	
Chromosome	2952396	T	G	0.089	0.203	0.186	0.243	0.2	0.145	0.219	0.211	0.21	0.182	0.209	0.188	0.0	0.085	0.217	0.175	0.175	0.207	0.18	0.152	0.203	0.18	0.095	0.114	0.259	0.289	0.123	0.199	0.264	0.271	0.257	0.11	0.21	0.172	0.144	0.122	0.151	0.14	0.086	0.082	0.087	0.18	0.169	0.21	0.06	0.105	0.056	0.005	0.139	0.194	0.109	0.0	0.186	0.0	0.096	0.168	0.063	0.09	0.12	0.096	0.073	0.061	0.136	0.102	0.103	0.051	0.091	0.075	0.0	
Chromosome	3320856	TCG	T	0.014	0.228	0.0	0.0	0.013	0.014	0.018	0.007	0.0	0.021	0.02	0.004	0.0	0.0	0.025	0.027	0.023	0.013	0.005	0.014	0.0	0.008	0.009	0.004	0.0	0.009	0.043	0.027	0.021	0.0	0.021	0.006	0.005	0.014	0.016	0.004	0.008	0.008	0.007	0.02	0.014	0.0	0.0	0.0	0.006	0.011	0.003	0.006	0.011	0.026	0.021	0.007	0.0	0.006	0.0	0.006	0.0	0.165	0.002	0.004	0.008	0.013	0.005	0.0	0.004	0.008	0.008	0.009	0.008	
Chromosome	3665714	T	G	0.056	0.137	0.119	0.18	0.229	0.183	0.088	0.131	0.245	0.0	0.058	0.126	0.0	0.036	0.136	0.09	0.138	0.067	0.133	0.103	0.146	0.087	0.057	0.069	0.086	0.093	0.082	0.082	0.121	0.139	0.104	0.082	0.083	0.082	0.059	0.045	0.045	0.117	0.043	0.071	0.036	0.098	0.116	0.119	0.052	0.062	0.052	0.0	0.132	0.057	0.082	0.007	0.108	0.006	0.03	0.079	0.059	0.05	0.056	0.039	0.087	0.052	0.078	0.048	0.131	0.059	0.047	0.066	0.0	
Chromosome	3722101	A	AC	0.0	0.159	0.0	0.0	0.0	0.0	0.0	0.0	0.0	0.0	0.0	0.0	0.0	0.0	0.0	0.0	0.0	0.0	0.0	0.0	0.0	0.0	0.0	0.0	0.0	0.0	0.0	0.0	0.0	0.0	0.0	0.0	0.0	0.0	0.0	0.0	0.0	0.0	0.0	0.0	0.0	0.0	0.0	0.0	0.0	0.0	0.0	0.0	0.0	0.0	0.0	0.0	0.0	0.0	0.0	0.0	0.0	0.0	0.0	0.0	0.0	0.0	0.0	0.0	0.0	0.0	0.0	0.0	0.0	
Chromosome	3767180	A	C	0.044	0.12	0.085	0.083	0.081	0.057	0.108	0.061	0.098	0.034	0.022	0.04	0.0	0.006	0.121	0.062	0.089	0.022	0.104	0.06	0.074	0.041	0.047	0.062	0.012	0.024	0.092	0.064	0.09	0.082	0.093	0.073	0.081	0.022	0.036	0.036	0.046	0.03	0.015	0.058	0.018	0.036	0.048	0.135	0.027	0.034	0.048	0.0	0.047	0.08	0.058	0.0	0.071	0.014	0.008	0.119	0.04	0.03	0.045	0.035	0.053	0.036	0.026	0.035	0.058	0.06	0.047	0.061	0.0	
Chromosome	3777636	A	C	0.131	0.276	0.225	0.23	0.225	0.235	0.304	0.171	0.23	0.3	0.216	0.157	0.0	0.019	0.202	0.246	0.301	0.105	0.251	0.185	0.18	0.117	0.114	0.12	0.169	0.16	0.263	0.215	0.288	0.211	0.173	0.218	0.203	0.167	0.109	0.067	0.117	0.085	0.121	0.164	0.082	0.147	0.124	0.209	0.12	0.112	0.106	0.006	0.21	0.201	0.148	0.007	0.182	0.007	0.099	0.189	0.146	0.07	0.125	0.119	0.151	0.132	0.121	0.11	0.193	0.121	0.106	0.097	0.0	
Chromosome	3794876	T	G	0.025	0.19	0.189	0.156	0.166	0.188	0.094	0.209	0.16	0.222	0.098	0.142	0.0	0.028	0.164	0.062	0.159	0.115	0.12	0.125	0.128	0.099	0.059	0.066	0.126	0.154	0.159	0.222	0.111	0.158	0.114	0.124	0.127	0.126	0.077	0.063	0.081	0.067	0.02	0.048	0.062	0.103	0.088	0.091	0.062	0.053	0.043	0.0	0.128	0.116	0.115	0.007	0.094	0.007	0.065	0.115	0.078	0.04	0.049	0.059	0.051	0.026	0.091	0.045	0.124	0.06	0.057	0.033	0.0	
Chromosome	3862940	A	C	0.051	0.202	0.12	0.156	0.122	0.185	0.153	0.151	0.255	0.156	0.036	0.064	0.0	0.065	0.212	0.213	0.23	0.109	0.142	0.053	0.131	0.045	0.109	0.068	0.082	0.104	0.129	0.195	0.154	0.248	0.154	0.2	0.108	0.096	0.055	0.074	0.091	0.098	0.056	0.065	0.042	0.104	0.087	0.134	0.06	0.056	0.067	0.0	0.094	0.054	0.076	0.0	0.135	0.0	0.054	0.092	0.095	0.051	0.065	0.057	0.043	0.046	0.069	0.045	0.097	0.048	0.047	0.034	0.0	
Chromosome	3914477	T	G	0.017	0.067	0.021	0.036	0.015	0.043	0.043	0.023	0.038	0.054	0.024	0.008	0.0	0.024	0.043	0.034	0.041	0.01	0.019	0.016	0.031	0.014	0.031	0.038	0.005	0.034	0.032	0.007	0.021	0.026	0.022	0.063	0.041	0.025	0.029	0.018	0.01	0.018	0.008	0.025	0.003	0.025	0.023	0.027	0.015	0.021	0.016	0.0	0.007	0.04	0.036	0.0	0.019	0.006	0.023	0.038	0.008	0.008	0.018	0.018	0.017	0.02	0.04	0.019	0.022	0.016	0.018	0.015	0.0	
Chromosome	3946478	T	G	0.049	0.099	0.035	0.063	0.088	0.046	0.042	0.047	0.083	0.111	0.085	0.057	0.0	0.036	0.008	0.075	0.074	0.044	0.055	0.041	0.0	0.069	0.026	0.059	0.067	0.078	0.062	0.018	0.06	0.062	0.038	0.056	0.044	0.059	0.056	0.038	0.047	0.057	0.03	0.028	0.015	0.032	0.098	0.06	0.025	0.048	0.021	0.0	0.044	0.036	0.046	0.0	0.027	0.007	0.009	0.048	0.026	0.043	0.037	0.022	0.044	0.036	0.07	0.065	0.067	0.051	0.04	0.028	0.0	
Chromosome	3965512	A	C	0.072	0.112	0.079	0.146	0.137	0.15	0.183	0.139	0.143	0.107	0.086	0.103	0.006	0.049	0.134	0.138	0.108	0.083	0.07	0.108	0.118	0.124	0.109	0.077	0.116	0.096	0.051	0.144	0.121	0.053	0.19	0.14	0.127	0.114	0.052	0.08	0.081	0.086	0.106	0.089	0.069	0.133	0.111	0.153	0.067	0.077	0.07	0.0	0.073	0.077	0.092	0.0	0.096	0.012	0.084	0.116	0.056	0.056	0.085	0.062	0.094	0.08	0.105	0.087	0.09	0.07	0.054	0.044	0.007	
Chromosome	4028636	G	C	0.279	0.315	0.412	0.304	0.327	0.374	0.347	0.333	0.364	0.426	0.414	0.393	0.0	0.3	0.337	0.26	0.358	0.423	0.302	0.41	0.268	0.354	0.34	0.379	0.403	0.396	0.186	0.377	0.333	0.231	0.31	0.363	0.345	0.397	0.33	0.393	0.339	0.353	0.376	0.345	0.346	0.427	0.389	0.371	0.347	0.374	0.317	0.005	0.328	0.386	0.311	0.0	0.41	0.0	0.431	0.335	0.384	0.371	0.322	0.328	0.339	0.366	0.279	0.317	0.314	0.374	0.341	0.41	0.0	
Chromosome	4214560	C	A	0.452	0.453	0.431	0.479	0.42	0.509	0.468	0.49	0.472	0.509	0.462	0.494	0.408	0.533	0.441	0.444	0.525	0.503	0.477	0.478	0.474	0.465	0.518	0.466	0.465	0.544	0.5	0.53	0.506	0.48	0.485	0.401	0.533	0.478	0.449	0.475	0.494	0.517	0.494	0.476	0.515	0.485	0.48	0.481	0.502	0.45	0.481	0.463	0.458	0.491	0.505	0.538	0.511	0.524	0.498	0.496	0.478	0.497	0.486	0.494	0.506	0.43	0.49	0.489	0.515	0.442	0.432	0.326	0.498	
Chromosome	4214739	G	GT	0.34	0.371	0.331	0.301	0.321	0.371	0.324	0.352	0.367	0.535	0.391	0.331	0.26	0.395	0.304	0.332	0.352	0.324	0.364	0.304	0.32	0.338	0.351	0.336	0.368	0.472	0.392	0.342	0.38	0.312	0.339	0.353	0.34	0.358	0.313	0.303	0.316	0.331	0.332	0.321	0.353	0.327	0.388	0.339	0.358	0.305	0.333	0.327	0.332	0.362	0.287	0.317	0.332	0.357	0.306	0.309	0.32	0.334	0.355	0.338	0.314	0.329	0.36	0.327	0.316	0.303	0.304	0.266	0.329	
Chromosome	4305867	T	G	0.11	0.205	0.159	0.221	0.198	0.237	0.17	0.239	0.218	0.154	0.169	0.12	0.0	0.039	0.192	0.198	0.168	0.134	0.163	0.163	0.09	0.059	0.1	0.075	0.113	0.139	0.22	0.164	0.161	0.175	0.176	0.223	0.236	0.134	0.094	0.114	0.114	0.069	0.082	0.097	0.074	0.157	0.178	0.157	0.076	0.092	0.08	0.006	0.155	0.188	0.125	0.015	0.153	0.0	0.122	0.193	0.19	0.087	0.101	0.088	0.109	0.087	0.115	0.091	0.132	0.064	0.082	0.06	0.0	
Chromosome	4495744	G	T	0.0	0.244	0.0	0.0	0.0	0.0	0.0	0.0	0.0	0.0	0.0	0.0	0.0	0.0	0.0	0.0	0.0	0.0	0.0	0.003	0.004	0.0	0.0	0.0	0.0	0.0	0.0	0.0	0.0	0.0	0.0	0.0	0.0	0.0	0.003	0.0	0.0	0.0	0.003	0.0	0.0	0.0	0.0	0.0	0.0	0.0	0.003	0.0	0.0	0.0	0.0	0.0	0.0	0.0	0.0	0.004	0.0	0.0	0.0	0.0	0.002	0.0	0.004	0.0	0.003	0.0	0.0	0.003	0.0	
Chromosome	4537112	C	G	0.027	0.135	0.058	0.064	0.054	0.074	0.062	0.049	0.125	0.079	0.082	0.059	0.0	0.007	0.034	0.053	0.107	0.077	0.063	0.031	0.045	0.035	0.044	0.041	0.054	0.057	0.086	0.086	0.064	0.06	0.103	0.08	0.091	0.066	0.045	0.037	0.019	0.047	0.033	0.034	0.011	0.048	0.039	0.099	0.006	0.048	0.033	0.005	0.068	0.064	0.04	0.0	0.046	0.0	0.064	0.065	0.025	0.023	0.019	0.027	0.012	0.016	0.038	0.041	0.054	0.017	0.038	0.029	0.0	
Chromosome	4537113	T	G	0.087	0.244	0.212	0.193	0.208	0.259	0.175	0.238	0.232	0.325	0.149	0.133	0.0	0.08	0.151	0.13	0.183	0.202	0.147	0.116	0.148	0.066	0.119	0.123	0.168	0.157	0.143	0.216	0.176	0.207	0.157	0.192	0.203	0.205	0.123	0.1	0.13	0.101	0.088	0.096	0.07	0.188	0.14	0.149	0.082	0.089	0.051	0.005	0.136	0.144	0.159	0.007	0.099	0.0	0.121	0.181	0.112	0.086	0.1	0.072	0.127	0.072	0.09	0.165	0.131	0.081	0.081	0.066	0.0	
Chromosome	4537116	A	G	0.027	0.102	0.019	0.029	0.038	0.068	0.04	0.04	0.036	0.105	0.024	0.01	0.0	0.007	0.025	0.007	0.031	0.073	0.036	0.025	0.026	0.027	0.01	0.032	0.022	0.035	0.048	0.042	0.029	0.052	0.048	0.032	0.058	0.049	0.03	0.011	0.0	0.024	0.018	0.02	0.004	0.019	0.029	0.014	0.015	0.024	0.011	0.0	0.028	0.048	0.028	0.0	0.02	0.0	0.0	0.015	0.011	0.017	0.015	0.009	0.018	0.007	0.004	0.025	0.027	0.014	0.011	0.006	0.0	
Chromosome	4537125	A	C	0.082	0.275	0.194	0.191	0.172	0.194	0.214	0.208	0.228	0.097	0.1	0.077	0.0	0.035	0.176	0.134	0.145	0.126	0.125	0.171	0.101	0.07	0.075	0.075	0.107	0.097	0.126	0.153	0.158	0.178	0.146	0.224	0.208	0.109	0.118	0.089	0.092	0.079	0.073	0.085	0.056	0.076	0.025	0.2	0.084	0.116	0.083	0.0	0.104	0.12	0.138	0.007	0.127	0.0	0.03	0.159	0.071	0.071	0.09	0.075	0.104	0.057	0.035	0.124	0.07	0.08	0.105	0.085	0.008	
Chromosome	4639740	A	C	0.103	0.265	0.232	0.212	0.268	0.262	0.243	0.363	0.214	0.16	0.251	0.202	0.005	0.077	0.239	0.208	0.314	0.24	0.254	0.246	0.234	0.164	0.141	0.153	0.286	0.268	0.217	0.248	0.173	0.263	0.284	0.177	0.169	0.267	0.132	0.132	0.111	0.145	0.113	0.12	0.108	0.23	0.218	0.254	0.157	0.125	0.111	0.014	0.189	0.18	0.19	0.005	0.218	0.0	0.219	0.233	0.132	0.125	0.115	0.134	0.124	0.127	0.169	0.175	0.171	0.149	0.122	0.122	0.006	
Chromosome	4766305	T	G	0.003	0.072	0.0	0.061	0.049	0.013	0.016	0.03	0.06	0.0	0.007	0.008	0.0	0.0	0.018	0.018	0.064	0.12	0.013	0.0	0.007	0.072	0.0	0.072	0.015	0.017	0.119	0.017	0.05	0.075	0.041	0.043	0.064	0.017	0.0	0.005	0.004	0.008	0.055	0.105	0.003	0.006	0.023	0.031	0.003	0.01	0.0	0.005	0.005	0.005	0.0	0.0	0.0	0.0	0.012	0.016	0.004	0.004	0.027	0.002	0.003	0.006	0.07	0.021	0.088	0.062	0.006	0.005	0.0	
Chromosome	4948863	G	C	0.16	0.231	0.2	0.202	0.206	0.236	0.186	0.248	0.297	0.233	0.268	0.196	0.0	0.16	0.202	0.239	0.254	0.289	0.191	0.154	0.218	0.211	0.189	0.137	0.188	0.152	0.169	0.366	0.267	0.271	0.252	0.272	0.244	0.31	0.128	0.193	0.151	0.184	0.221	0.227	0.164	0.219	0.221	0.276	0.143	0.169	0.2	0.0	0.184	0.175	0.218	0.0	0.184	0.0	0.164	0.195	0.189	0.174	0.172	0.194	0.219	0.21	0.145	0.144	0.178	0.227	0.181	0.19	0.0	
Chromosome	5118665	G	T	0.0	0.216	0.0	0.0	0.007	0.007	0.0	0.005	0.0	0.0	0.0	0.0	0.0	0.0	0.0	0.008	0.0	0.0	0.0	0.0	0.0	0.0	0.0	0.0	0.0	0.0	0.0	0.0	0.0	0.0	0.0	0.0	0.0	0.0	0.0	0.0	0.0	0.0	0.0	0.0	0.0	0.0	0.0	0.004	0.0	0.0	0.0	0.0	0.0	0.0	0.0	0.0	0.0	0.0	0.0	0.0	0.0	0.0	0.002	0.0	0.0	0.0	0.0	0.0	0.0	0.0	0.002	0.0	0.0	
Chromosome	5130928	A	C	0.149	0.188	0.185	0.135	0.222	0.174	0.245	0.218	0.176	0.208	0.192	0.191	0.012	0.137	0.272	0.19	0.239	0.157	0.162	0.141	0.127	0.169	0.114	0.179	0.107	0.17	0.188	0.238	0.191	0.207	0.168	0.165	0.159	0.168	0.162	0.108	0.144	0.153	0.172	0.137	0.148	0.207	0.134	0.146	0.141	0.146	0.138	0.0	0.18	0.141	0.166	0.0	0.143	0.019	0.124	0.135	0.139	0.174	0.132	0.161	0.18	0.147	0.161	0.192	0.158	0.165	0.122	0.13	0.01	
Chromosome	5210636	CG	C	0.003	0.2	0.0	0.015	0.015	0.006	0.007	0.0	0.035	0.0	0.0	0.004	0.022	0.006	0.0	0.0	0.022	0.004	0.005	0.005	0.005	0.004	0.005	0.008	0.005	0.0	0.009	0.006	0.026	0.016	0.014	0.012	0.004	0.0	0.0	0.008	0.004	0.01	0.012	0.019	0.004	0.01	0.005	0.004	0.0	0.008	0.013	0.017	0.005	0.016	0.013	0.011	0.015	0.013	0.02	0.0	0.01	0.007	0.007	0.005	0.007	0.014	0.012	0.005	0.0	0.015	0.011	0.028	0.019	
Chromosome	5292499	A	C	0.056	0.257	0.178	0.2	0.219	0.203	0.189	0.264	0.254	0.114	0.153	0.146	0.006	0.023	0.169	0.15	0.147	0.134	0.114	0.078	0.137	0.093	0.073	0.068	0.115	0.078	0.172	0.18	0.186	0.16	0.196	0.095	0.153	0.117	0.073	0.07	0.062	0.04	0.037	0.075	0.061	0.117	0.124	0.213	0.053	0.092	0.077	0.0	0.11	0.125	0.126	0.0	0.099	0.005	0.057	0.069	0.06	0.075	0.077	0.09	0.09	0.051	0.078	0.041	0.093	0.088	0.054	0.041	0.0	
Chromosome	5318249	A	C	0.037	0.14	0.064	0.111	0.116	0.036	0.079	0.069	0.08	0.152	0.056	0.054	0.006	0.039	0.064	0.065	0.083	0.087	0.054	0.051	0.065	0.026	0.024	0.051	0.049	0.037	0.079	0.108	0.062	0.102	0.061	0.063	0.07	0.08	0.046	0.067	0.063	0.038	0.029	0.049	0.04	0.086	0.063	0.068	0.034	0.034	0.046	0.0	0.038	0.063	0.102	0.0	0.044	0.0	0.055	0.056	0.043	0.034	0.031	0.042	0.061	0.02	0.043	0.042	0.081	0.041	0.026	0.043	0.0	
Chromosome	5359325	T	G	0.092	0.16	0.193	0.161	0.226	0.136	0.145	0.179	0.177	0.05	0.042	0.05	0.005	0.018	0.183	0.127	0.181	0.052	0.095	0.123	0.153	0.053	0.072	0.04	0.036	0.052	0.187	0.188	0.148	0.116	0.159	0.145	0.144	0.04	0.068	0.055	0.044	0.036	0.079	0.088	0.04	0.068	0.079	0.15	0.109	0.088	0.055	0.005	0.111	0.142	0.164	0.006	0.161	0.0	0.052	0.099	0.093	0.1	0.1	0.077	0.085	0.04	0.041	0.069	0.101	0.089	0.086	0.07	0.023	
Chromosome	5436825	C	A	0.012	0.169	0.0	0.022	0.031	0.008	0.0	0.034	0.015	0.0	0.011	0.01	0.005	0.0	0.007	0.008	0.008	0.0	0.023	0.016	0.0	0.005	0.005	0.0	0.008	0.01	0.024	0.016	0.012	0.0	0.0	0.021	0.018	0.009	0.003	0.008	0.0	0.004	0.003	0.007	0.0	0.0	0.0	0.021	0.013	0.007	0.003	0.005	0.016	0.011	0.015	0.0	0.017	0.0	0.0	0.011	0.013	0.007	0.016	0.014	0.022	0.003	0.011	0.004	0.016	0.014	0.01	0.006	0.006	
Chromosome	5437973	A	C	0.047	0.167	0.045	0.115	0.145	0.121	0.193	0.083	0.188	0.045	0.095	0.128	0.006	0.056	0.079	0.131	0.087	0.111	0.094	0.056	0.113	0.086	0.048	0.078	0.179	0.144	0.127	0.132	0.134	0.037	0.175	0.118	0.172	0.146	0.088	0.055	0.071	0.078	0.084	0.059	0.03	0.107	0.075	0.112	0.081	0.049	0.034	0.01	0.063	0.073	0.08	0.0	0.12	0.0	0.036	0.087	0.058	0.11	0.075	0.066	0.062	0.04	0.047	0.035	0.073	0.024	0.04	0.035	0.0	
Chromosome	5461789	T	G	0.108	0.487	0.327	0.46	0.532	0.438	0.352	0.44	0.413	0.6	0.472	0.342	0.011	0.107	0.359	0.451	0.46	0.412	0.349	0.333	0.346	0.225	0.197	0.174	0.5	0.404	0.315	0.39	0.494	0.459	0.457	0.602	0.455	0.442	0.239	0.237	0.217	0.231	0.174	0.22	0.145	0.316	0.327	0.353	0.17	0.168	0.167	0.0	0.33	0.357	0.409	0.008	0.326	0.006	0.263	0.33	0.181	0.164	0.215	0.163	0.144	0.082	0.179	0.278	0.232	0.118	0.137	0.175	0.01	
Chromosome	5521109	A	C	0.077	0.18	0.179	0.167	0.189	0.174	0.131	0.214	0.155	0.121	0.139	0.156	0.0	0.03	0.151	0.144	0.111	0.146	0.139	0.135	0.081	0.082	0.05	0.068	0.157	0.189	0.169	0.147	0.154	0.19	0.153	0.109	0.133	0.135	0.095	0.119	0.06	0.066	0.06	0.076	0.053	0.133	0.113	0.109	0.09	0.058	0.05	0.0	0.091	0.134	0.139	0.011	0.178	0.0	0.094	0.114	0.04	0.042	0.075	0.076	0.052	0.096	0.112	0.075	0.087	0.063	0.062	0.057	0.006	
Chromosome	5693404	C	CGGGGGGGGG	0.0	0.0	0.015	0.014	0.0	0.0	0.0	0.0	0.0	0.0	0.0	0.013	0.0	0.0	0.0	0.0	0.013	0.007	0.0	0.0	0.0	0.0	0.0	0.0	0.0	0.0	0.023	0.0	0.011	0.0	0.0	0.011	0.021	0.007	0.0	0.0	0.0	0.0	0.0	0.0	0.0	0.0	0.0	0.017	0.005	0.0	0.0	0.0	0.0	0.0	0.006	0.0	0.0	0.0	0.0	0.0	0.0	0.0	0.0	0.0	0.004	0.0	0.0	0.0	0.006	0.0	0.0	0.0	0.0	
Chromosome	5693406	T	G	0.162	0.369	0.206	0.397	0.244	0.485	0.366	0.293	0.259	0.4	0.247	0.303	0.0	0.044	0.177	0.348	0.288	0.23	0.181	0.171	0.255	0.143	0.16	0.117	0.204	0.343	0.196	0.286	0.353	0.279	0.213	0.363	0.268	0.273	0.18	0.182	0.141	0.149	0.12	0.115	0.081	0.186	0.262	0.214	0.119	0.154	0.11	0.0	0.25	0.274	0.218	0.0	0.174	0.0	0.065	0.238	0.164	0.167	0.141	0.162	0.132	0.16	0.142	0.131	0.201	0.18	0.12	0.134	0.0	
Chromosome	6135889	T	G	0.068	0.24	0.274	0.203	0.239	0.27	0.183	0.2	0.227	0.194	0.173	0.166	0.006	0.045	0.228	0.201	0.267	0.148	0.14	0.163	0.132	0.118	0.12	0.104	0.127	0.141	0.179	0.236	0.245	0.292	0.219	0.175	0.139	0.158	0.108	0.13	0.168	0.131	0.068	0.057	0.079	0.151	0.15	0.174	0.062	0.082	0.079	0.0	0.162	0.145	0.147	0.016	0.134	0.0	0.105	0.157	0.098	0.069	0.092	0.066	0.11	0.081	0.136	0.144	0.178	0.095	0.071	0.067	0.007	
Chromosome	6381420	G	C	0.0	0.207	0.0	0.0	0.0	0.0	0.0	0.0	0.0	0.0	0.0	0.0	0.0	0.0	0.0	0.008	0.006	0.0	0.0	0.0	0.0	0.0	0.0	0.0	0.0	0.0	0.0	0.0	0.0	0.0	0.0	0.0	0.0	0.0	0.0	0.0	0.0	0.0	0.004	0.0	0.0	0.0	0.0	0.0	0.0	0.0	0.0	0.0	0.0	0.0	0.0	0.0	0.0	0.0	0.0	0.0	0.0	0.0	0.0	0.0	0.0	0.0	0.0	0.0	0.0	0.0	0.0	0.0	0.0	
Chromosome	6458276	T	G	0.134	0.134	0.135	0.165	0.195	0.145	0.179	0.197	0.138	0.026	0.106	0.125	0.0	0.135	0.17	0.152	0.155	0.139	0.152	0.154	0.131	0.119	0.164	0.163	0.152	0.081	0.123	0.133	0.088	0.157	0.154	0.132	0.136	0.123	0.148	0.145	0.118	0.147	0.113	0.143	0.093	0.174	0.168	0.144	0.155	0.125	0.07	0.0	0.131	0.146	0.176	0.005	0.155	0.0	0.107	0.149	0.11	0.117	0.096	0.105	0.119	0.112	0.127	0.101	0.114	0.103	0.122	0.066	0.0	
Chromosome	6497034	G	GCGCGCCGCC	0.077	0.145	0.125	0.062	0.102	0.187	0.123	0.154	0.115	0.028	0.147	0.052	0.036	0.017	0.113	0.121	0.197	0.095	0.149	0.155	0.042	0.029	0.092	0.063	0.071	0.079	0.156	0.079	0.083	0.103	0.164	0.163	0.124	0.089	0.052	0.046	0.091	0.046	0.039	0.12	0.022	0.097	0.035	0.148	0.104	0.043	0.05	0.023	0.104	0.073	0.059	0.025	0.083	0.031	0.03	0.044	0.118	0.077	0.083	0.076	0.078	0.082	0.045	0.054	0.103	0.066	0.07	0.06	0.041	
Chromosome	6553385	A	C	0.029	0.07	0.008	0.037	0.029	0.041	0.045	0.066	0.059	0.024	0.027	0.039	0.0	0.031	0.037	0.032	0.063	0.064	0.057	0.024	0.009	0.043	0.038	0.05	0.056	0.012	0.067	0.027	0.013	0.032	0.05	0.064	0.035	0.042	0.045	0.038	0.041	0.046	0.044	0.026	0.035	0.027	0.044	0.055	0.044	0.03	0.016	0.005	0.025	0.015	0.047	0.0	0.023	0.006	0.037	0.049	0.035	0.041	0.035	0.035	0.033	0.039	0.064	0.067	0.054	0.047	0.03	0.038	0.0	
Chromosome	6689709	A	C	0.17	0.32	0.248	0.288	0.248	0.261	0.234	0.252	0.263	0.431	0.373	0.317	0.008	0.117	0.236	0.26	0.272	0.328	0.265	0.239	0.282	0.303	0.246	0.215	0.327	0.351	0.283	0.286	0.292	0.307	0.307	0.265	0.297	0.298	0.251	0.257	0.265	0.2	0.216	0.153	0.217	0.341	0.382	0.294	0.234	0.219	0.222	0.009	0.214	0.252	0.259	0.005	0.341	0.01	0.217	0.247	0.216	0.186	0.185	0.193	0.261	0.21	0.243	0.261	0.218	0.214	0.187	0.197	0.0	
Chromosome	6913446	T	G	0.158	0.233	0.113	0.25	0.175	0.205	0.175	0.207	0.275	0.016	0.125	0.145	0.0	0.117	0.162	0.122	0.196	0.15	0.167	0.142	0.164	0.122	0.108	0.139	0.112	0.121	0.151	0.16	0.159	0.201	0.175	0.225	0.139	0.122	0.154	0.139	0.151	0.138	0.186	0.143	0.159	0.161	0.16	0.191	0.175	0.162	0.237	0.005	0.154	0.189	0.178	0.005	0.209	0.0	0.089	0.201	0.128	0.146	0.146	0.175	0.186	0.198	0.145	0.158	0.154	0.235	0.183	0.19	0.005	
Chromosome	6923330	T	G	0.29	0.411	0.339	0.474	0.417	0.493	0.376	0.471	0.507	0.588	0.413	0.437	0.0	0.253	0.352	0.347	0.411	0.365	0.397	0.421	0.319	0.333	0.374	0.324	0.472	0.587	0.472	0.467	0.396	0.397	0.383	0.427	0.39	0.423	0.307	0.372	0.351	0.382	0.258	0.264	0.271	0.46	0.412	0.466	0.31	0.292	0.261	0.0	0.392	0.372	0.322	0.0	0.42	0.006	0.265	0.283	0.261	0.294	0.261	0.261	0.3	0.279	0.36	0.294	0.352	0.236	0.273	0.232	0.014	
Chromosome	6963149	T	G	0.048	0.113	0.098	0.145	0.105	0.11	0.124	0.119	0.149	0.073	0.051	0.051	0.0	0.019	0.105	0.117	0.151	0.042	0.08	0.07	0.093	0.035	0.068	0.046	0.081	0.059	0.142	0.105	0.111	0.104	0.074	0.119	0.077	0.058	0.06	0.033	0.022	0.057	0.047	0.092	0.058	0.043	0.047	0.061	0.078	0.064	0.026	0.0	0.083	0.107	0.057	0.005	0.101	0.0	0.047	0.11	0.078	0.073	0.066	0.065	0.074	0.063	0.051	0.039	0.122	0.054	0.074	0.05	0.0	
