chromosome	pos	ref	mut	APAW	MockD	MockA	MockB	MockC	MockE	MockF	MockG	MockH	MockI	MockJ	MockK	MockL	Ana1	BedA	BedB	BedC	BedD	CipA	CipB	CipC	CLFA	CLFB	CLFC	CombA2	CombA3	CombA	CombAu1	CombAu3	CombAu5	CombB	CombC	CycloA	CycloB	CycloC	EMBA	EMBB	EMBC	INH1	INH2	INHA	LzdA	LzdB	LzdC	M91	M92	M9B	MA_F1	MA_F2	MA_F3	MA_H1	MA_H2	MA_H3	MA_S1	MA_S2	MA_S3	MMCA	MMCB	MMCC	NANOA	NANOB	NANOC	RIFA	RIFB	RIFC	UV1	UV2	UV3	WT_Msm
Chromosome	35052	T	A	0.163	0.315	0.289	0.279	0.258	0.289	0.326	0.392	0.299	0.25	0.2	0.169	0.0	0.091	0.242	0.257	0.277	0.177	0.232	0.177	0.209	0.115	0.113	0.073	0.151	0.184	0.247	0.289	0.267	0.205	0.29	0.208	0.368	0.175	0.083	0.108	0.181	0.104	0.218	0.185	0.139	0.147	0.169	0.329	0.221	0.211	0.163	0.0	0.26	0.183	0.219	0.0	0.192	0.0	0.12	0.241	0.185	0.197	0.212	0.206	0.186	0.142	0.125	0.073	0.244	0.153	0.224	0.168	0.0	
Chromosome	64992	T	G	0.148	0.366	0.349	0.34	0.421	0.394	0.373	0.364	0.368	0.222	0.261	0.27	0.006	0.15	0.294	0.305	0.25	0.251	0.171	0.238	0.23	0.174	0.157	0.208	0.27	0.26	0.276	0.337	0.376	0.369	0.325	0.306	0.257	0.188	0.17	0.184	0.168	0.178	0.136	0.128	0.12	0.298	0.246	0.302	0.176	0.125	0.14	0.028	0.22	0.283	0.287	0.022	0.29	0.015	0.195	0.228	0.193	0.177	0.154	0.189	0.15	0.113	0.23	0.221	0.22	0.121	0.148	0.162	0.067	
Chromosome	65001	A	C	0.148	0.325	0.345	0.429	0.337	0.398	0.336	0.387	0.371	0.324	0.272	0.256	0.0	0.099	0.358	0.298	0.298	0.303	0.251	0.247	0.336	0.211	0.201	0.171	0.294	0.235	0.371	0.396	0.439	0.471	0.317	0.361	0.23	0.254	0.219	0.232	0.221	0.235	0.163	0.164	0.131	0.226	0.254	0.251	0.248	0.182	0.174	0.0	0.255	0.25	0.265	0.007	0.304	0.0	0.172	0.219	0.208	0.158	0.185	0.119	0.196	0.172	0.242	0.174	0.21	0.17	0.17	0.152	0.0	
Chromosome	202859	T	G	0.083	0.266	0.26	0.241	0.241	0.281	0.199	0.275	0.281	0.2	0.196	0.23	0.005	0.051	0.274	0.259	0.214	0.199	0.119	0.11	0.157	0.151	0.094	0.058	0.216	0.256	0.359	0.195	0.268	0.15	0.217	0.226	0.162	0.214	0.104	0.1	0.095	0.139	0.104	0.087	0.097	0.212	0.208	0.194	0.071	0.081	0.095	0.0	0.177	0.09	0.147	0.006	0.184	0.0	0.16	0.145	0.11	0.102	0.108	0.089	0.13	0.089	0.103	0.143	0.131	0.089	0.077	0.063	0.013	
Chromosome	280796	A	C	0.048	0.286	0.275	0.251	0.191	0.227	0.206	0.21	0.115	0.229	0.182	0.182	0.0	0.038	0.152	0.182	0.143	0.132	0.169	0.117	0.165	0.078	0.089	0.103	0.148	0.248	0.25	0.156	0.24	0.196	0.127	0.165	0.257	0.15	0.09	0.09	0.11	0.071	0.021	0.037	0.049	0.222	0.153	0.281	0.061	0.038	0.048	0.0	0.138	0.161	0.197	0.007	0.076	0.0	0.061	0.091	0.07	0.058	0.064	0.042	0.062	0.078	0.047	0.123	0.114	0.072	0.055	0.055	0.0	
Chromosome	287561	T	G	0.042	0.187	0.122	0.164	0.126	0.13	0.095	0.119	0.166	0.132	0.16	0.091	0.005	0.019	0.106	0.143	0.119	0.155	0.085	0.074	0.1	0.072	0.07	0.075	0.09	0.158	0.143	0.119	0.149	0.147	0.152	0.146	0.174	0.13	0.061	0.077	0.05	0.07	0.055	0.071	0.04	0.138	0.111	0.164	0.056	0.068	0.04	0.0	0.055	0.112	0.07	0.0	0.113	0.005	0.051	0.09	0.054	0.047	0.071	0.062	0.054	0.028	0.069	0.075	0.1	0.037	0.046	0.055	0.0	
Chromosome	608993	A	C	0.055	0.105	0.072	0.08	0.046	0.06	0.089	0.089	0.054	0.033	0.062	0.062	0.0	0.068	0.063	0.078	0.04	0.046	0.049	0.059	0.068	0.072	0.069	0.053	0.085	0.144	0.075	0.09	0.051	0.114	0.054	0.047	0.058	0.069	0.077	0.053	0.111	0.05	0.041	0.038	0.057	0.054	0.061	0.063	0.055	0.057	0.043	0.005	0.083	0.075	0.078	0.0	0.052	0.0	0.039	0.04	0.067	0.032	0.053	0.035	0.031	0.039	0.066	0.059	0.071	0.032	0.031	0.05	0.0	
Chromosome	706123	T	G	0.145	0.263	0.219	0.212	0.236	0.204	0.225	0.25	0.253	0.205	0.168	0.171	0.005	0.094	0.195	0.196	0.2	0.155	0.187	0.222	0.226	0.158	0.104	0.112	0.173	0.132	0.2	0.212	0.221	0.237	0.163	0.243	0.209	0.172	0.167	0.155	0.149	0.15	0.167	0.092	0.128	0.159	0.108	0.251	0.16	0.141	0.143	0.0	0.209	0.181	0.209	0.006	0.205	0.005	0.114	0.151	0.106	0.158	0.138	0.139	0.15	0.164	0.11	0.167	0.186	0.162	0.134	0.171	0.007	
Chromosome	706125	T	G	0.052	0.216	0.117	0.131	0.148	0.108	0.126	0.144	0.147	0.133	0.106	0.098	0.005	0.039	0.124	0.147	0.128	0.069	0.085	0.11	0.069	0.086	0.053	0.068	0.065	0.101	0.149	0.109	0.117	0.136	0.095	0.154	0.107	0.107	0.059	0.075	0.086	0.046	0.055	0.036	0.054	0.094	0.06	0.164	0.061	0.056	0.048	0.0	0.077	0.092	0.105	0.0	0.106	0.005	0.033	0.115	0.064	0.032	0.049	0.038	0.07	0.055	0.047	0.068	0.08	0.056	0.046	0.064	0.0	
Chromosome	767511	T	G	0.095	0.353	0.32	0.345	0.289	0.321	0.337	0.362	0.321	0.194	0.209	0.141	0.0	0.065	0.303	0.325	0.349	0.169	0.213	0.198	0.199	0.099	0.101	0.124	0.179	0.189	0.188	0.359	0.313	0.327	0.331	0.319	0.183	0.134	0.083	0.116	0.078	0.061	0.104	0.067	0.081	0.139	0.126	0.16	0.102	0.126	0.068	0.005	0.185	0.256	0.209	0.0	0.214	0.0	0.098	0.169	0.105	0.064	0.087	0.089	0.079	0.088	0.134	0.049	0.138	0.087	0.086	0.064	0.0	
Chromosome	781261	A	C	0.151	0.303	0.324	0.273	0.209	0.31	0.207	0.313	0.25	0.176	0.096	0.059	0.0	0.034	0.294	0.265	0.252	0.09	0.164	0.228	0.181	0.147	0.089	0.116	0.066	0.074	0.273	0.24	0.229	0.288	0.25	0.352	0.25	0.093	0.113	0.117	0.082	0.146	0.122	0.161	0.089	0.109	0.072	0.171	0.15	0.186	0.12	0.0	0.198	0.188	0.237	0.013	0.212	0.0	0.099	0.174	0.147	0.147	0.145	0.194	0.227	0.123	0.118	0.103	0.176	0.14	0.163	0.145	0.0	
Chromosome	781276	A	C	0.111	0.304	0.248	0.23	0.232	0.275	0.192	0.219	0.195	0.226	0.157	0.133	0.0	0.016	0.217	0.228	0.211	0.142	0.137	0.202	0.104	0.088	0.051	0.114	0.124	0.164	0.194	0.203	0.227	0.288	0.239	0.361	0.176	0.133	0.067	0.046	0.054	0.063	0.068	0.112	0.055	0.133	0.071	0.176	0.109	0.108	0.098	0.004	0.165	0.132	0.159	0.0	0.143	0.005	0.074	0.149	0.083	0.105	0.09	0.109	0.149	0.079	0.078	0.079	0.134	0.1	0.123	0.113	0.0	
Chromosome	904068	G	GCTGATC	0.0	0.19	0.0	0.294	0.0	0.0	0.0	0.0	0.0	0.0	0.0	0.0	0.0	0.0	0.0	0.0	0.0	0.0	0.0	0.0	0.0	0.0	0.0	0.0	0.0	0.0	0.0	0.0	0.0	0.0	0.0	0.0	0.0	0.0	0.0	0.0	0.0	0.0	0.0	0.0	0.0	0.0	0.0	0.0	0.0	0.0	0.0	0.0	0.0	0.0	0.0	0.0	0.0	0.0	0.0	0.0	0.0	0.0	0.0	0.0	0.0	0.0	0.0	0.0	0.0	0.0	0.0	0.0	0.0	
Chromosome	1285640	A	C	0.213	0.203	0.278	0.244	0.265	0.234	0.233	0.244	0.121	0.156	0.099	0.105	0.0	0.126	0.213	0.14	0.205	0.128	0.155	0.202	0.194	0.191	0.194	0.136	0.089	0.082	0.19	0.151	0.181	0.226	0.195	0.168	0.259	0.133	0.178	0.13	0.116	0.115	0.201	0.163	0.145	0.133	0.113	0.245	0.145	0.205	0.193	0.0	0.217	0.199	0.143	0.006	0.217	0.0	0.169	0.272	0.155	0.172	0.162	0.182	0.182	0.177	0.146	0.205	0.156	0.142	0.163	0.18	0.007	
Chromosome	1361597	T	G	0.063	0.14	0.068	0.069	0.089	0.075	0.031	0.086	0.136	0.05	0.042	0.112	0.005	0.047	0.093	0.107	0.078	0.102	0.091	0.061	0.099	0.111	0.078	0.06	0.056	0.023	0.09	0.081	0.086	0.094	0.119	0.092	0.106	0.069	0.082	0.077	0.072	0.094	0.062	0.048	0.051	0.1	0.084	0.122	0.057	0.069	0.053	0.006	0.06	0.08	0.084	0.0	0.079	0.0	0.051	0.072	0.1	0.066	0.048	0.09	0.086	0.07	0.054	0.065	0.08	0.057	0.056	0.063	0.008	
Chromosome	1385245	A	C	0.089	0.131	0.154	0.137	0.14	0.114	0.135	0.198	0.075	0.186	0.132	0.158	0.0	0.083	0.153	0.126	0.137	0.108	0.179	0.161	0.137	0.184	0.178	0.179	0.172	0.167	0.203	0.158	0.089	0.115	0.1	0.134	0.105	0.096	0.155	0.121	0.189	0.165	0.103	0.121	0.082	0.158	0.167	0.164	0.091	0.126	0.105	0.006	0.14	0.172	0.144	0.012	0.157	0.0	0.124	0.121	0.125	0.124	0.099	0.117	0.139	0.103	0.197	0.17	0.174	0.1	0.09	0.115	0.007	
Chromosome	1437874	T	G	0.067	0.138	0.079	0.113	0.107	0.118	0.102	0.049	0.115	0.148	0.068	0.131	0.004	0.065	0.063	0.103	0.071	0.121	0.098	0.116	0.065	0.185	0.142	0.175	0.115	0.138	0.088	0.065	0.086	0.058	0.092	0.125	0.101	0.123	0.141	0.161	0.165	0.117	0.121	0.108	0.091	0.09	0.109	0.108	0.099	0.072	0.096	0.004	0.098	0.101	0.109	0.005	0.127	0.0	0.092	0.115	0.114	0.096	0.137	0.082	0.084	0.092	0.166	0.203	0.132	0.07	0.13	0.083	0.011	
Chromosome	1574107	A	C	0.078	0.167	0.152	0.261	0.196	0.156	0.234	0.283	0.277	0.123	0.119	0.155	0.0	0.025	0.151	0.165	0.22	0.183	0.119	0.109	0.136	0.113	0.079	0.104	0.146	0.105	0.155	0.205	0.203	0.301	0.254	0.195	0.126	0.16	0.1	0.065	0.076	0.109	0.065	0.087	0.043	0.2	0.173	0.149	0.083	0.057	0.057	0.0	0.137	0.12	0.094	0.006	0.144	0.0	0.038	0.102	0.085	0.059	0.074	0.077	0.088	0.058	0.102	0.09	0.114	0.071	0.091	0.067	0.0	
Chromosome	1574114	T	G	0.158	0.298	0.29	0.281	0.365	0.309	0.315	0.302	0.293	0.125	0.192	0.237	0.011	0.177	0.245	0.262	0.197	0.219	0.177	0.218	0.18	0.146	0.167	0.224	0.26	0.312	0.263	0.298	0.318	0.274	0.299	0.268	0.211	0.16	0.177	0.204	0.179	0.144	0.135	0.095	0.16	0.214	0.232	0.183	0.194	0.142	0.113	0.005	0.135	0.168	0.213	0.012	0.128	0.006	0.156	0.213	0.154	0.128	0.178	0.142	0.13	0.149	0.171	0.201	0.155	0.132	0.118	0.134	0.007	
Chromosome	1653614	A	C	0.089	0.232	0.276	0.233	0.304	0.306	0.234	0.3	0.215	0.2	0.223	0.222	0.0	0.065	0.183	0.177	0.299	0.221	0.171	0.171	0.103	0.149	0.113	0.143	0.274	0.23	0.156	0.213	0.237	0.258	0.285	0.215	0.17	0.265	0.12	0.116	0.15	0.098	0.104	0.083	0.088	0.163	0.2	0.206	0.1	0.124	0.084	0.0	0.157	0.147	0.142	0.0	0.129	0.0	0.147	0.101	0.096	0.107	0.117	0.127	0.113	0.072	0.159	0.139	0.124	0.102	0.085	0.101	0.0	
Chromosome	1756627	T	G	0.135	0.205	0.257	0.2	0.134	0.272	0.225	0.252	0.211	0.125	0.045	0.109	0.006	0.048	0.225	0.149	0.21	0.097	0.142	0.17	0.136	0.126	0.139	0.101	0.108	0.082	0.211	0.201	0.176	0.201	0.218	0.148	0.152	0.061	0.101	0.099	0.1	0.115	0.094	0.092	0.077	0.099	0.086	0.184	0.128	0.11	0.079	0.005	0.177	0.178	0.104	0.007	0.155	0.006	0.086	0.165	0.108	0.112	0.116	0.105	0.115	0.042	0.083	0.083	0.155	0.104	0.104	0.087	0.0	
Chromosome	1943523	G	GGCTCTTCGCAGTTGAGGGTGTAGAGGT	0.0	0.028	0.0	0.0	0.0	0.0	0.0	0.0	0.0	0.0	0.0	0.0	0.0	0.0	0.0	0.0	0.0	0.0	0.0	0.0	0.0	0.0	0.0	0.0	0.0	0.0	0.0	0.0	0.0	0.0	0.0	0.0	0.0	0.0	0.0	0.0	0.0	0.0	0.0	0.0	0.0	0.0	0.0	0.0	0.0	0.0	0.0	0.0	0.0	0.0	0.0	0.0	0.0	0.0	0.0	0.0	0.0	0.0	0.0	0.0	0.0	0.0	0.0	0.0	0.0	0.0	0.0	0.0	0.0	
Chromosome	1979870	T	G	0.143	0.386	0.285	0.248	0.372	0.282	0.264	0.338	0.255	0.167	0.24	0.283	0.0	0.072	0.285	0.246	0.26	0.197	0.258	0.212	0.302	0.121	0.169	0.157	0.207	0.135	0.276	0.297	0.294	0.187	0.25	0.197	0.299	0.167	0.102	0.126	0.168	0.2	0.139	0.142	0.088	0.19	0.188	0.18	0.173	0.143	0.118	0.005	0.249	0.198	0.159	0.0	0.201	0.0	0.121	0.218	0.143	0.177	0.15	0.127	0.144	0.093	0.131	0.142	0.188	0.125	0.134	0.141	0.011	
Chromosome	1979882	T	G	0.045	0.259	0.192	0.188	0.179	0.218	0.216	0.229	0.217	0.086	0.056	0.047	0.006	0.013	0.176	0.163	0.18	0.08	0.14	0.105	0.169	0.04	0.063	0.045	0.082	0.046	0.203	0.185	0.211	0.13	0.245	0.162	0.157	0.053	0.048	0.06	0.048	0.041	0.059	0.059	0.04	0.039	0.081	0.107	0.045	0.059	0.063	0.0	0.14	0.091	0.077	0.0	0.109	0.0	0.022	0.122	0.068	0.094	0.065	0.06	0.056	0.035	0.045	0.058	0.109	0.057	0.062	0.042	0.011	
Chromosome	2117921	G	GGC	0.0	0.0	0.0	0.0	0.0	0.0	0.0	0.0	0.0	0.0	0.0	0.0	0.0	0.0	0.0	0.0	0.0	0.0	0.0	0.0	0.0	0.0	0.0	0.0	0.0	0.0	0.0	0.0	0.0	0.0	0.0	0.0	0.0	0.0	0.0	0.0	0.0	0.0	0.0	0.0	0.0	0.0	0.0	0.0	0.0	0.0	0.0	0.0	0.0	0.0	0.0	0.0	0.0	0.0	0.0	0.0	0.0	0.0	0.0	0.0	0.0	0.0	0.0	0.0	0.0	0.0	0.0	0.0	0.0	
Chromosome	2117923	CAG	C	0.026	0.0	0.0	0.015	0.0	0.0	0.027	0.0	0.0	0.042	0.069	0.102	0.006	0.033	0.028	0.0	0.018	0.09	0.018	0.004	0.0	0.068	0.053	0.049	0.097	0.06	0.011	0.01	0.008	0.009	0.015	0.016	0.011	0.101	0.065	0.073	0.045	0.066	0.007	0.007	0.091	0.081	0.114	0.013	0.013	0.003	0.007	0.0	0.0	0.007	0.011	0.005	0.0	0.0	0.081	0.006	0.011	0.004	0.009	0.008	0.0	0.003	0.094	0.048	0.004	0.009	0.003	0.0	0.006	
Chromosome	2117927	T	G	0.145	0.271	0.22	0.183	0.225	0.167	0.234	0.225	0.247	0.079	0.182	0.149	0.0	0.172	0.202	0.237	0.252	0.161	0.169	0.2	0.253	0.165	0.182	0.166	0.152	0.149	0.218	0.221	0.261	0.13	0.225	0.208	0.226	0.129	0.129	0.179	0.185	0.214	0.187	0.209	0.123	0.145	0.146	0.245	0.176	0.233	0.234	0.0	0.295	0.212	0.213	0.0	0.236	0.0	0.081	0.157	0.173	0.205	0.197	0.197	0.183	0.173	0.163	0.117	0.214	0.167	0.163	0.197	0.0	
Chromosome	2195100	T	G	0.089	0.225	0.132	0.184	0.188	0.17	0.144	0.201	0.16	0.14	0.164	0.128	0.0	0.085	0.124	0.186	0.12	0.178	0.192	0.205	0.162	0.186	0.129	0.143	0.174	0.151	0.198	0.141	0.22	0.198	0.168	0.155	0.199	0.129	0.151	0.145	0.137	0.179	0.112	0.094	0.09	0.15	0.143	0.184	0.114	0.142	0.121	0.0	0.156	0.119	0.225	0.0	0.156	0.005	0.149	0.074	0.142	0.103	0.093	0.119	0.12	0.141	0.158	0.131	0.204	0.109	0.116	0.088	0.007	
Chromosome	2195144	T	G	0.142	0.25	0.233	0.247	0.229	0.221	0.208	0.22	0.191	0.147	0.07	0.083	0.0	0.092	0.217	0.177	0.189	0.099	0.226	0.268	0.225	0.162	0.072	0.084	0.129	0.1	0.244	0.254	0.201	0.19	0.203	0.194	0.234	0.093	0.124	0.058	0.129	0.163	0.164	0.174	0.063	0.107	0.083	0.205	0.161	0.17	0.181	0.0	0.202	0.254	0.218	0.006	0.251	0.006	0.068	0.187	0.164	0.145	0.177	0.171	0.199	0.159	0.15	0.156	0.186	0.196	0.16	0.124	0.0	
Chromosome	2224338	G	GGCGTGACGAGGTCAGATGCCGACCAGA	0.512	0.533	0.519	0.613	0.545	0.591	0.5	0.474	0.744	0.562	0.538	0.5	0.354	0.4	0.529	0.452	0.526	0.458	0.51	0.468	0.391	0.508	0.377	0.481	0.48	0.556	0.667	0.582	0.439	0.484	0.55	0.614	0.562	0.453	0.455	0.581	0.577	0.597	0.517	0.567	0.456	0.634	0.483	0.611	0.543	0.571	0.532	0.364	0.571	0.442	0.538	0.204	0.56	0.417	0.537	0.571	0.488	0.536	0.495	0.504	0.531	0.582	0.479	0.5	0.687	0.553	0.574	0.447	0.333	
Chromosome	2429865	C	CG	0.043	0.159	0.024	0.019	0.014	0.02	0.008	0.005	0.088	0.0	0.015	0.186	0.005	0.012	0.007	0.0	0.212	0.018	0.004	0.011	0.011	0.004	0.005	0.0	0.011	0.006	0.0	0.0	0.006	0.0	0.013	0.0	0.255	0.546	0.648	0.004	0.004	0.02	0.01	0.01	0.007	0.01	0.299	0.0	0.013	0.299	0.008	0.0	0.009	0.0	0.005	0.006	0.0	0.006	0.02	0.017	0.01	0.018	0.013	0.009	0.002	0.007	0.436	0.525	0.327	0.212	0.009	0.012	0.0	
Chromosome	2579189	A	C	0.173	0.219	0.283	0.34	0.287	0.263	0.281	0.333	0.308	0.238	0.256	0.256	0.0	0.134	0.268	0.276	0.242	0.322	0.271	0.222	0.31	0.219	0.219	0.213	0.261	0.246	0.282	0.237	0.297	0.183	0.206	0.319	0.253	0.25	0.187	0.23	0.232	0.224	0.248	0.226	0.202	0.275	0.243	0.239	0.21	0.225	0.223	0.006	0.273	0.263	0.274	0.0	0.395	0.0	0.226	0.303	0.277	0.259	0.226	0.225	0.219	0.226	0.154	0.254	0.234	0.26	0.238	0.244	0.013	
Chromosome	2682937	T	A	0.046	0.147	0.123	0.17	0.129	0.135	0.183	0.141	0.157	0.189	0.14	0.075	0.0	0.057	0.109	0.113	0.117	0.114	0.085	0.086	0.076	0.025	0.037	0.065	0.118	0.108	0.153	0.152	0.095	0.164	0.09	0.104	0.102	0.14	0.034	0.063	0.05	0.065	0.032	0.042	0.067	0.076	0.081	0.165	0.087	0.091	0.063	0.0	0.105	0.116	0.106	0.0	0.087	0.0	0.085	0.11	0.058	0.077	0.084	0.088	0.068	0.059	0.032	0.056	0.062	0.052	0.055	0.049	0.0	
Chromosome	2794622	A	C	0.105	0.234	0.162	0.188	0.185	0.217	0.209	0.219	0.172	0.319	0.214	0.16	0.0	0.072	0.139	0.187	0.188	0.168	0.172	0.177	0.178	0.088	0.08	0.105	0.192	0.193	0.205	0.198	0.168	0.164	0.145	0.173	0.197	0.249	0.132	0.128	0.111	0.126	0.089	0.105	0.088	0.131	0.144	0.177	0.102	0.077	0.077	0.006	0.188	0.135	0.164	0.0	0.156	0.012	0.123	0.155	0.057	0.105	0.106	0.08	0.072	0.092	0.126	0.114	0.117	0.072	0.086	0.084	0.014	
Chromosome	2798424	A	C	0.102	0.276	0.292	0.258	0.257	0.262	0.262	0.275	0.269	0.295	0.24	0.189	0.006	0.044	0.15	0.145	0.225	0.234	0.195	0.182	0.181	0.159	0.146	0.149	0.211	0.256	0.192	0.213	0.25	0.232	0.263	0.227	0.273	0.179	0.182	0.12	0.15	0.178	0.111	0.124	0.057	0.129	0.237	0.23	0.121	0.131	0.124	0.0	0.181	0.206	0.216	0.0	0.19	0.006	0.113	0.17	0.119	0.089	0.129	0.143	0.116	0.085	0.113	0.171	0.16	0.142	0.13	0.058	0.009	
Chromosome	2838389	T	G	0.099	0.222	0.211	0.171	0.157	0.147	0.143	0.26	0.205	0.161	0.118	0.149	0.0	0.065	0.147	0.19	0.096	0.118	0.142	0.181	0.16	0.122	0.088	0.086	0.088	0.209	0.2	0.159	0.221	0.226	0.186	0.214	0.175	0.118	0.073	0.124	0.137	0.081	0.103	0.106	0.063	0.086	0.155	0.166	0.082	0.097	0.081	0.0	0.15	0.162	0.207	0.0	0.197	0.012	0.069	0.208	0.109	0.106	0.104	0.125	0.11	0.095	0.1	0.093	0.12	0.101	0.081	0.081	0.017	
Chromosome	3096315	T	A	0.053	0.139	0.103	0.157	0.102	0.145	0.051	0.11	0.115	0.147	0.058	0.092	0.0	0.032	0.083	0.126	0.126	0.071	0.073	0.13	0.094	0.063	0.067	0.024	0.074	0.097	0.101	0.135	0.162	0.135	0.139	0.135	0.151	0.061	0.04	0.052	0.041	0.053	0.045	0.046	0.034	0.058	0.076	0.086	0.072	0.068	0.036	0.0	0.041	0.06	0.117	0.0	0.084	0.0	0.054	0.059	0.057	0.062	0.068	0.054	0.039	0.035	0.056	0.049	0.07	0.07	0.048	0.041	0.0	
Chromosome	3096318	T	A	0.041	0.122	0.069	0.121	0.088	0.115	0.05	0.087	0.107	0.127	0.067	0.092	0.0	0.065	0.085	0.136	0.111	0.07	0.047	0.094	0.098	0.053	0.042	0.028	0.06	0.092	0.074	0.103	0.131	0.127	0.096	0.114	0.11	0.057	0.024	0.039	0.03	0.051	0.039	0.04	0.037	0.052	0.066	0.071	0.055	0.06	0.033	0.0	0.063	0.065	0.079	0.0	0.088	0.0	0.038	0.071	0.042	0.048	0.055	0.055	0.039	0.029	0.027	0.039	0.074	0.057	0.037	0.052	0.0	
Chromosome	3270858	A	C	0.054	0.161	0.159	0.169	0.148	0.2	0.153	0.159	0.144	0.0	0.044	0.068	0.0	0.037	0.105	0.101	0.108	0.072	0.099	0.114	0.059	0.038	0.089	0.082	0.117	0.134	0.078	0.125	0.127	0.121	0.175	0.136	0.116	0.075	0.042	0.129	0.076	0.032	0.087	0.058	0.065	0.098	0.051	0.11	0.038	0.052	0.052	0.0	0.087	0.06	0.066	0.007	0.111	0.006	0.046	0.123	0.073	0.026	0.052	0.064	0.05	0.035	0.107	0.129	0.1	0.03	0.073	0.089	0.0	
Chromosome	3285859	T	G	0.023	0.229	0.155	0.139	0.098	0.158	0.121	0.14	0.131	0.077	0.067	0.068	0.006	0.035	0.142	0.12	0.154	0.04	0.059	0.014	0.043	0.019	0.016	0.033	0.035	0.053	0.026	0.188	0.202	0.143	0.173	0.17	0.062	0.066	0.025	0.032	0.028	0.042	0.018	0.044	0.021	0.057	0.026	0.061	0.032	0.033	0.018	0.0	0.028	0.042	0.042	0.0	0.033	0.006	0.008	0.071	0.012	0.047	0.026	0.026	0.026	0.015	0.036	0.036	0.056	0.026	0.034	0.013	0.0	
Chromosome	3479904	A	C	0.063	0.165	0.11	0.112	0.172	0.174	0.169	0.093	0.179	0.088	0.103	0.073	0.014	0.018	0.11	0.196	0.095	0.076	0.123	0.171	0.11	0.117	0.068	0.065	0.065	0.067	0.127	0.168	0.197	0.106	0.128	0.092	0.157	0.07	0.077	0.07	0.071	0.077	0.066	0.086	0.079	0.073	0.082	0.14	0.087	0.093	0.059	0.0	0.14	0.158	0.114	0.0	0.123	0.0	0.074	0.164	0.097	0.092	0.092	0.097	0.086	0.101	0.069	0.042	0.103	0.111	0.083	0.056	0.008	
Chromosome	3492952	T	G	0.073	0.231	0.146	0.156	0.2	0.241	0.157	0.216	0.17	0.216	0.17	0.12	0.0	0.034	0.206	0.146	0.19	0.113	0.091	0.07	0.122	0.07	0.053	0.069	0.129	0.12	0.112	0.161	0.166	0.189	0.169	0.17	0.188	0.136	0.071	0.055	0.083	0.056	0.042	0.075	0.041	0.152	0.097	0.133	0.065	0.08	0.061	0.0	0.111	0.139	0.123	0.0	0.065	0.0	0.058	0.107	0.082	0.085	0.054	0.058	0.089	0.038	0.082	0.071	0.083	0.072	0.081	0.074	0.0	
Chromosome	3492976	T	G	0.067	0.128	0.061	0.115	0.164	0.143	0.143	0.156	0.123	0.152	0.059	0.047	0.0	0.039	0.113	0.108	0.101	0.085	0.104	0.07	0.08	0.068	0.048	0.046	0.078	0.08	0.067	0.123	0.142	0.087	0.121	0.137	0.103	0.061	0.042	0.044	0.053	0.066	0.055	0.051	0.036	0.046	0.058	0.078	0.063	0.063	0.033	0.006	0.087	0.154	0.1	0.0	0.102	0.0	0.061	0.084	0.076	0.069	0.062	0.046	0.042	0.057	0.038	0.061	0.088	0.092	0.047	0.069	0.0	
Chromosome	3720740	A	C	0.01	0.148	0.018	0.048	0.024	0.008	0.017	0.017	0.008	0.024	0.062	0.0	0.0	0.0	0.018	0.0	0.017	0.039	0.005	0.012	0.007	0.012	0.0	0.0	0.01	0.019	0.028	0.007	0.038	0.0	0.034	0.0	0.007	0.0	0.027	0.016	0.01	0.035	0.003	0.007	0.0	0.006	0.032	0.011	0.003	0.008	0.006	0.0	0.011	0.0	0.009	0.0	0.0	0.0	0.007	0.0	0.0	0.056	0.0	0.007	0.02	0.002	0.014	0.006	0.016	0.005	0.0	0.003	0.007	
Chromosome	3727653	T	G	0.047	0.133	0.092	0.094	0.136	0.142	0.113	0.156	0.164	0.07	0.034	0.06	0.007	0.032	0.149	0.149	0.068	0.059	0.047	0.109	0.111	0.058	0.044	0.072	0.055	0.044	0.139	0.116	0.083	0.128	0.138	0.15	0.101	0.024	0.043	0.054	0.042	0.051	0.047	0.027	0.019	0.079	0.035	0.141	0.042	0.054	0.032	0.005	0.058	0.079	0.084	0.006	0.085	0.0	0.052	0.081	0.048	0.053	0.055	0.043	0.051	0.038	0.075	0.044	0.067	0.051	0.045	0.058	0.0	
Chromosome	3794876	T	G	0.025	0.166	0.189	0.19	0.156	0.188	0.094	0.209	0.16	0.222	0.098	0.142	0.0	0.028	0.164	0.062	0.159	0.115	0.12	0.125	0.128	0.099	0.059	0.066	0.126	0.154	0.159	0.222	0.111	0.158	0.114	0.124	0.127	0.126	0.077	0.063	0.081	0.067	0.02	0.048	0.062	0.103	0.088	0.091	0.062	0.053	0.043	0.0	0.128	0.116	0.115	0.007	0.094	0.007	0.065	0.115	0.078	0.04	0.049	0.059	0.051	0.026	0.091	0.045	0.124	0.06	0.057	0.033	0.0	
Chromosome	3965519	T	G	0.023	0.092	0.087	0.108	0.047	0.086	0.092	0.11	0.071	0.069	0.007	0.026	0.0	0.017	0.067	0.046	0.074	0.034	0.022	0.025	0.038	0.024	0.086	0.06	0.021	0.048	0.057	0.101	0.056	0.067	0.089	0.092	0.054	0.062	0.033	0.047	0.027	0.043	0.021	0.018	0.019	0.086	0.042	0.025	0.023	0.032	0.059	0.0	0.037	0.037	0.028	0.006	0.025	0.0	0.018	0.053	0.025	0.025	0.029	0.024	0.02	0.028	0.047	0.035	0.028	0.027	0.015	0.015	0.0	
Chromosome	3989012	T	G	0.083	0.095	0.098	0.085	0.058	0.05	0.095	0.081	0.058	0.067	0.066	0.041	0.0	0.078	0.075	0.082	0.082	0.056	0.041	0.061	0.085	0.08	0.082	0.044	0.055	0.092	0.053	0.077	0.069	0.1	0.038	0.052	0.071	0.084	0.057	0.056	0.087	0.064	0.057	0.054	0.053	0.096	0.056	0.061	0.063	0.047	0.079	0.018	0.062	0.061	0.087	0.0	0.03	0.005	0.083	0.071	0.047	0.066	0.049	0.056	0.052	0.048	0.05	0.066	0.063	0.039	0.057	0.038	0.0	
Chromosome	4030581	A	C	0.032	0.145	0.0	0.0	0.0	0.007	0.009	0.016	0.029	0.0	0.034	0.004	0.0	0.0	0.016	0.0	0.123	0.012	0.0	0.0	0.0	0.0	0.008	0.0	0.011	0.009	0.009	0.005	0.0	0.0	0.0	0.0	0.005	0.005	0.029	0.0	0.0	0.015	0.0	0.003	0.039	0.005	0.038	0.016	0.0	0.0	0.003	0.0	0.0	0.015	0.0	0.0	0.0	0.0	0.011	0.0	0.0	0.097	0.004	0.004	0.025	0.008	0.004	0.01	0.045	0.005	0.0	0.003	0.0	
Chromosome	4214560	C	A	0.452	0.42	0.431	0.453	0.479	0.509	0.468	0.49	0.472	0.509	0.462	0.494	0.408	0.533	0.441	0.444	0.525	0.503	0.477	0.478	0.474	0.465	0.518	0.466	0.465	0.544	0.5	0.53	0.506	0.48	0.485	0.401	0.533	0.478	0.449	0.475	0.494	0.517	0.494	0.476	0.515	0.485	0.48	0.481	0.502	0.45	0.481	0.463	0.458	0.491	0.505	0.538	0.511	0.524	0.498	0.496	0.478	0.497	0.486	0.494	0.506	0.43	0.49	0.489	0.515	0.442	0.432	0.326	0.498	
Chromosome	4214739	G	GT	0.34	0.321	0.331	0.371	0.301	0.371	0.324	0.352	0.367	0.535	0.391	0.331	0.26	0.395	0.304	0.332	0.352	0.324	0.364	0.304	0.32	0.338	0.351	0.336	0.368	0.472	0.392	0.342	0.38	0.312	0.339	0.353	0.34	0.358	0.313	0.303	0.316	0.331	0.332	0.321	0.353	0.327	0.388	0.339	0.358	0.305	0.333	0.327	0.332	0.362	0.287	0.317	0.332	0.357	0.306	0.309	0.32	0.334	0.355	0.338	0.314	0.329	0.36	0.327	0.316	0.303	0.304	0.266	0.329	
Chromosome	4358476	A	C	0.018	0.146	0.088	0.076	0.062	0.06	0.051	0.058	0.092	0.152	0.063	0.067	0.0	0.0	0.051	0.054	0.053	0.081	0.023	0.064	0.0	0.02	0.021	0.023	0.069	0.101	0.053	0.064	0.091	0.102	0.078	0.053	0.084	0.049	0.022	0.015	0.025	0.01	0.011	0.007	0.0	0.06	0.051	0.035	0.017	0.017	0.021	0.0	0.043	0.042	0.05	0.0	0.05	0.0	0.009	0.036	0.014	0.004	0.009	0.018	0.02	0.013	0.021	0.021	0.009	0.008	0.011	0.013	0.0	
Chromosome	4376279	A	ACGACGTGTAAGTCGGCTCGCCGACG	0.0	0.036	0.0	0.0	0.0	0.0	0.0	0.0	0.0	0.0	0.0	0.0	0.0	0.0	0.0	0.0	0.0	0.0	0.0	0.0	0.0	0.0	0.0	0.0	0.0	0.0	0.0	0.0	0.0	0.0	0.0	0.0	0.0	0.006	0.0	0.0	0.0	0.0	0.0	0.0	0.0	0.0	0.0	0.0	0.0	0.0	0.0	0.0	0.0	0.0	0.0	0.0	0.0	0.0	0.0	0.0	0.0	0.0	0.0	0.0	0.0	0.0	0.0	0.0	0.0	0.0	0.0	0.0	0.0	
Chromosome	4537125	A	C	0.082	0.172	0.194	0.275	0.191	0.194	0.214	0.208	0.228	0.097	0.1	0.077	0.0	0.035	0.176	0.134	0.145	0.126	0.125	0.171	0.101	0.07	0.075	0.075	0.107	0.097	0.126	0.153	0.158	0.178	0.146	0.224	0.208	0.109	0.118	0.089	0.092	0.079	0.073	0.085	0.056	0.076	0.025	0.2	0.084	0.116	0.083	0.0	0.104	0.12	0.138	0.007	0.127	0.0	0.03	0.159	0.071	0.071	0.09	0.075	0.104	0.057	0.035	0.124	0.07	0.08	0.105	0.085	0.008	
Chromosome	4582881	T	G	0.086	0.176	0.071	0.117	0.07	0.157	0.118	0.147	0.137	0.211	0.182	0.089	0.006	0.046	0.122	0.212	0.074	0.119	0.091	0.126	0.127	0.07	0.11	0.102	0.236	0.138	0.175	0.09	0.073	0.204	0.119	0.151	0.084	0.116	0.107	0.099	0.06	0.096	0.071	0.075	0.078	0.11	0.099	0.124	0.091	0.088	0.054	0.0	0.132	0.086	0.086	0.006	0.097	0.006	0.123	0.069	0.084	0.071	0.072	0.073	0.09	0.084	0.108	0.106	0.122	0.065	0.067	0.071	0.015	
Chromosome	4674140	G	A	0.0	0.221	0.0	0.0	0.0	0.0	0.0	0.0	0.0	0.0	0.0	0.0	0.0	0.0	0.0	0.0	0.0	0.0	0.0	0.0	0.0	0.0	0.0	0.0	0.0	0.0	0.0	0.0	0.0	0.0	0.0	0.006	0.0	0.0	0.0	0.0	0.0	0.0	0.0	0.0	0.0	0.0	0.0	0.0	0.0	0.0	0.0	0.0	0.0	0.0	0.005	0.0	0.0	0.0	0.0	0.0	0.0	0.0	0.0	0.002	0.0	0.0	0.0	0.0	0.0	0.0	0.0	0.0	0.0	
Chromosome	4720898	A	C	0.0	0.168	0.0	0.0	0.0	0.0	0.0	0.0	0.0	0.0	0.0	0.0	0.005	0.0	0.0	0.0	0.0	0.0	0.0	0.0	0.0	0.0	0.0	0.0	0.0	0.0	0.0	0.007	0.0	0.0	0.0	0.007	0.0	0.0	0.0	0.0	0.0	0.0	0.0	0.003	0.0	0.0	0.0	0.0	0.0	0.0	0.0	0.006	0.0	0.0	0.0	0.0	0.0	0.006	0.0	0.0	0.0	0.0	0.0	0.0	0.0	0.0	0.0	0.0	0.0	0.0	0.0	0.0	0.0	
Chromosome	4738611	T	G	0.169	0.278	0.277	0.315	0.287	0.303	0.211	0.293	0.275	0.105	0.163	0.189	0.0	0.053	0.229	0.292	0.291	0.165	0.205	0.146	0.202	0.181	0.13	0.106	0.209	0.241	0.272	0.245	0.196	0.2	0.32	0.314	0.275	0.227	0.138	0.191	0.095	0.132	0.143	0.158	0.092	0.174	0.157	0.219	0.099	0.146	0.119	0.006	0.167	0.21	0.203	0.0	0.219	0.0	0.11	0.2	0.135	0.132	0.15	0.142	0.151	0.104	0.112	0.12	0.231	0.153	0.134	0.13	0.0	
Chromosome	4987024	A	C	0.1	0.206	0.162	0.142	0.168	0.138	0.103	0.214	0.262	0.125	0.138	0.135	0.0	0.072	0.16	0.167	0.115	0.208	0.107	0.093	0.142	0.058	0.081	0.074	0.128	0.148	0.221	0.16	0.151	0.195	0.129	0.154	0.144	0.171	0.067	0.078	0.069	0.056	0.069	0.064	0.065	0.181	0.166	0.155	0.098	0.064	0.068	0.0	0.115	0.076	0.133	0.0	0.113	0.0	0.085	0.136	0.07	0.039	0.068	0.053	0.062	0.051	0.078	0.063	0.106	0.053	0.058	0.052	0.007	
Chromosome	5046375	C	CGGGGGGGGG	0.0	0.0	0.0	0.0	0.0	0.0	0.0	0.0	0.0	0.0	0.0	0.0	0.0	0.0	0.0	0.0	0.0	0.0	0.0	0.0	0.0	0.0	0.0	0.0	0.0	0.008	0.0	0.007	0.0	0.0	0.0	0.0	0.0	0.0	0.0	0.0	0.0	0.0	0.0	0.0	0.0	0.0	0.0	0.0	0.0	0.0	0.0	0.0	0.0	0.0	0.0	0.0	0.0	0.0	0.0	0.0	0.0	0.0	0.0	0.0	0.0	0.0	0.0	0.0	0.0	0.0	0.0	0.0	0.0	
Chromosome	5231357	T	G	0.108	0.162	0.111	0.082	0.145	0.136	0.065	0.076	0.129	0.161	0.1	0.116	0.0	0.115	0.082	0.137	0.089	0.134	0.062	0.074	0.105	0.128	0.136	0.084	0.158	0.187	0.113	0.076	0.074	0.079	0.118	0.112	0.114	0.097	0.104	0.109	0.132	0.108	0.111	0.076	0.109	0.14	0.113	0.1	0.071	0.107	0.089	0.005	0.129	0.111	0.094	0.006	0.115	0.0	0.083	0.113	0.101	0.096	0.076	0.106	0.123	0.085	0.12	0.103	0.121	0.091	0.069	0.091	0.0	
Chromosome	5243110	G	A	0.0	0.041	0.0	0.0	0.0	0.0	0.0	0.0	0.0	0.0	0.0	0.0	0.0	0.0	0.0	0.0	0.0	0.0	0.0	0.0	0.0	0.0	0.0	0.0	0.0	0.0	0.0	0.0	0.0	0.0	0.0	0.0	0.0	0.0	0.0	0.0	0.0	0.0	0.0	0.0	0.0	0.0	0.0	0.0	0.0	0.0	0.0	0.0	0.0	0.0	0.0	0.0	0.0	0.006	0.006	0.0	0.0	0.0	0.0	0.0	0.0	0.0	0.0	0.0	0.0	0.004	0.0	0.0	0.0	
Chromosome	5359307	A	C	0.12	0.333	0.25	0.301	0.293	0.247	0.211	0.302	0.34	0.093	0.115	0.121	0.0	0.051	0.295	0.265	0.266	0.089	0.15	0.182	0.175	0.149	0.141	0.12	0.105	0.148	0.242	0.268	0.265	0.267	0.25	0.301	0.241	0.127	0.13	0.121	0.099	0.113	0.131	0.147	0.071	0.127	0.142	0.215	0.163	0.119	0.131	0.005	0.205	0.227	0.258	0.0	0.231	0.005	0.142	0.197	0.145	0.132	0.149	0.134	0.144	0.091	0.115	0.132	0.16	0.144	0.123	0.108	0.0	
Chromosome	5461789	T	G	0.108	0.532	0.327	0.487	0.46	0.438	0.352	0.44	0.413	0.6	0.472	0.342	0.011	0.107	0.359	0.451	0.46	0.412	0.349	0.333	0.346	0.225	0.197	0.174	0.5	0.404	0.315	0.39	0.494	0.459	0.457	0.602	0.455	0.442	0.239	0.237	0.217	0.231	0.174	0.22	0.145	0.316	0.327	0.353	0.17	0.168	0.167	0.0	0.33	0.357	0.409	0.008	0.326	0.006	0.263	0.33	0.181	0.164	0.215	0.163	0.144	0.082	0.179	0.278	0.232	0.118	0.137	0.175	0.01	
Chromosome	5512267	A	C	0.136	0.247	0.179	0.237	0.242	0.222	0.264	0.202	0.262	0.289	0.301	0.2	0.005	0.136	0.148	0.275	0.185	0.193	0.247	0.181	0.204	0.122	0.205	0.17	0.194	0.214	0.205	0.27	0.237	0.228	0.226	0.227	0.195	0.233	0.173	0.184	0.201	0.177	0.138	0.15	0.116	0.181	0.239	0.144	0.131	0.143	0.133	0.0	0.181	0.201	0.176	0.006	0.208	0.005	0.164	0.26	0.116	0.126	0.154	0.129	0.12	0.087	0.192	0.169	0.136	0.123	0.111	0.126	0.0	
Chromosome	5521106	A	C	0.049	0.2	0.176	0.195	0.212	0.144	0.163	0.19	0.204	0.057	0.145	0.105	0.004	0.036	0.13	0.189	0.122	0.146	0.126	0.139	0.124	0.078	0.068	0.053	0.158	0.144	0.132	0.13	0.162	0.131	0.142	0.173	0.123	0.136	0.086	0.057	0.058	0.071	0.068	0.08	0.056	0.139	0.127	0.163	0.058	0.081	0.051	0.0	0.078	0.071	0.133	0.0	0.138	0.006	0.121	0.11	0.059	0.059	0.072	0.053	0.072	0.077	0.109	0.093	0.082	0.077	0.051	0.078	0.0	
Chromosome	5757785	T	G	0.091	0.117	0.073	0.106	0.126	0.058	0.105	0.101	0.069	0.148	0.145	0.114	0.0	0.063	0.086	0.145	0.075	0.098	0.066	0.103	0.077	0.103	0.11	0.125	0.109	0.101	0.148	0.083	0.089	0.102	0.099	0.053	0.163	0.103	0.113	0.124	0.152	0.116	0.084	0.114	0.091	0.123	0.127	0.071	0.092	0.095	0.09	0.0	0.104	0.121	0.155	0.0	0.074	0.0	0.16	0.085	0.115	0.072	0.114	0.1	0.088	0.08	0.151	0.114	0.089	0.105	0.074	0.074	0.0	
Chromosome	5939320	T	G	0.13	0.282	0.258	0.238	0.256	0.267	0.221	0.256	0.246	0.163	0.137	0.139	0.0	0.047	0.221	0.192	0.246	0.157	0.178	0.21	0.187	0.179	0.155	0.148	0.159	0.106	0.252	0.262	0.273	0.221	0.245	0.23	0.234	0.155	0.134	0.145	0.122	0.11	0.137	0.132	0.077	0.106	0.153	0.19	0.148	0.139	0.122	0.0	0.177	0.216	0.167	0.0	0.216	0.0	0.156	0.201	0.121	0.145	0.154	0.108	0.177	0.119	0.104	0.112	0.158	0.131	0.159	0.092	0.0	
Chromosome	5963389	A	C	0.045	0.143	0.058	0.062	0.036	0.031	0.051	0.036	0.04	0.024	0.035	0.049	0.016	0.006	0.023	0.016	0.023	0.024	0.038	0.031	0.053	0.025	0.048	0.063	0.005	0.027	0.067	0.051	0.042	0.01	0.045	0.054	0.074	0.027	0.013	0.026	0.02	0.036	0.033	0.025	0.03	0.034	0.036	0.057	0.035	0.026	0.034	0.0	0.038	0.056	0.052	0.005	0.07	0.0	0.018	0.044	0.035	0.112	0.046	0.057	0.036	0.037	0.005	0.048	0.062	0.034	0.024	0.029	0.006	
Chromosome	6111316	A	C	0.067	0.22	0.216	0.133	0.205	0.178	0.214	0.145	0.24	0.146	0.14	0.09	0.0	0.063	0.194	0.248	0.182	0.15	0.193	0.109	0.148	0.117	0.094	0.085	0.112	0.106	0.184	0.175	0.222	0.243	0.177	0.208	0.122	0.081	0.075	0.095	0.1	0.097	0.051	0.062	0.045	0.098	0.143	0.14	0.07	0.076	0.077	0.0	0.127	0.132	0.102	0.0	0.126	0.0	0.06	0.109	0.089	0.082	0.095	0.117	0.064	0.062	0.101	0.1	0.11	0.057	0.074	0.094	0.0	
Chromosome	6111318	A	C	0.017	0.192	0.189	0.216	0.111	0.184	0.155	0.163	0.22	0.026	0.017	0.004	0.0	0.0	0.18	0.169	0.189	0.021	0.033	0.014	0.026	0.023	0.029	0.016	0.016	0.008	0.021	0.157	0.185	0.19	0.126	0.113	0.038	0.038	0.016	0.027	0.004	0.034	0.026	0.031	0.018	0.041	0.02	0.033	0.012	0.024	0.018	0.0	0.049	0.042	0.083	0.011	0.038	0.0	0.03	0.05	0.014	0.022	0.02	0.033	0.014	0.031	0.032	0.034	0.029	0.008	0.021	0.02	0.0	
Chromosome	6343380	T	G	0.044	0.114	0.065	0.122	0.064	0.063	0.088	0.091	0.074	0.053	0.031	0.063	0.005	0.025	0.079	0.077	0.053	0.047	0.045	0.089	0.048	0.06	0.109	0.084	0.068	0.037	0.099	0.057	0.09	0.082	0.098	0.08	0.092	0.066	0.08	0.088	0.054	0.083	0.083	0.079	0.072	0.08	0.097	0.074	0.073	0.075	0.069	0.005	0.083	0.067	0.078	0.0	0.074	0.0	0.083	0.056	0.091	0.069	0.076	0.075	0.074	0.094	0.063	0.091	0.093	0.05	0.061	0.074	0.012	
Chromosome	6458276	T	G	0.134	0.195	0.135	0.134	0.165	0.145	0.179	0.197	0.138	0.026	0.106	0.125	0.0	0.135	0.17	0.152	0.155	0.139	0.152	0.154	0.131	0.119	0.164	0.163	0.152	0.081	0.123	0.133	0.088	0.157	0.154	0.132	0.136	0.123	0.148	0.145	0.118	0.147	0.113	0.143	0.093	0.174	0.168	0.144	0.155	0.125	0.07	0.0	0.131	0.146	0.176	0.005	0.155	0.0	0.107	0.149	0.11	0.117	0.096	0.105	0.119	0.112	0.127	0.101	0.114	0.103	0.122	0.066	0.0	
Chromosome	6478675	A	C	0.138	0.209	0.253	0.207	0.178	0.218	0.261	0.169	0.213	0.152	0.097	0.101	0.006	0.067	0.218	0.2	0.2	0.102	0.153	0.084	0.172	0.096	0.105	0.11	0.135	0.154	0.175	0.168	0.209	0.184	0.186	0.139	0.192	0.096	0.082	0.129	0.097	0.132	0.092	0.135	0.06	0.092	0.137	0.175	0.087	0.126	0.075	0.0	0.183	0.193	0.153	0.0	0.2	0.006	0.1	0.153	0.09	0.105	0.12	0.123	0.122	0.087	0.081	0.094	0.132	0.09	0.124	0.093	0.015	
Chromosome	6478690	A	C	0.176	0.296	0.363	0.285	0.252	0.308	0.305	0.296	0.255	0.241	0.199	0.18	0.0	0.093	0.306	0.242	0.271	0.244	0.223	0.195	0.215	0.174	0.205	0.192	0.207	0.183	0.27	0.239	0.265	0.26	0.193	0.248	0.271	0.253	0.176	0.176	0.124	0.199	0.203	0.196	0.146	0.201	0.206	0.275	0.195	0.176	0.141	0.0	0.27	0.287	0.257	0.006	0.327	0.0	0.112	0.229	0.196	0.202	0.182	0.193	0.166	0.147	0.188	0.162	0.247	0.124	0.19	0.182	0.023	
Chromosome	6742912	T	C	0.0	0.176	0.0	0.0	0.0	0.0	0.0	0.007	0.0	0.0	0.0	0.0	0.0	0.0	0.0	0.0	0.0	0.0	0.0	0.0	0.0	0.0	0.0	0.0	0.0	0.0	0.0	0.0	0.0	0.0	0.0	0.0	0.0	0.0	0.0	0.0	0.0	0.0	0.0	0.0	0.0	0.0	0.0	0.0	0.0	0.0	0.0	0.0	0.0	0.0	0.0	0.0	0.0	0.005	0.0	0.0	0.0	0.0	0.0	0.0	0.0	0.0	0.0	0.0	0.0	0.0	0.003	0.0	0.0	
Chromosome	6923330	T	G	0.29	0.417	0.339	0.411	0.474	0.493	0.376	0.471	0.507	0.588	0.413	0.437	0.0	0.253	0.352	0.347	0.411	0.365	0.397	0.421	0.319	0.333	0.374	0.324	0.472	0.587	0.472	0.467	0.396	0.397	0.383	0.427	0.39	0.423	0.307	0.372	0.351	0.382	0.258	0.264	0.271	0.46	0.412	0.466	0.31	0.292	0.261	0.0	0.392	0.372	0.322	0.0	0.42	0.006	0.265	0.283	0.261	0.294	0.261	0.261	0.3	0.279	0.36	0.294	0.352	0.236	0.273	0.232	0.014	
