chromosome	pos	ref	mut	APAW	MockH	MockA	MockB	MockC	MockD	MockE	MockF	MockG	MockI	MockJ	MockK	MockL	Ana1	BedA	BedB	BedC	BedD	CipA	CipB	CipC	CLFA	CLFB	CLFC	CombA2	CombA3	CombA	CombAu1	CombAu3	CombAu5	CombB	CombC	CycloA	CycloB	CycloC	EMBA	EMBB	EMBC	INH1	INH2	INHA	LzdA	LzdB	LzdC	M91	M92	M9B	MA_F1	MA_F2	MA_F3	MA_H1	MA_H2	MA_H3	MA_S1	MA_S2	MA_S3	MMCA	MMCB	MMCC	NANOA	NANOB	NANOC	RIFA	RIFB	RIFC	UV1	UV2	UV3	WT_Msm
Chromosome	35052	T	A	0.163	0.299	0.289	0.279	0.258	0.315	0.289	0.326	0.392	0.25	0.2	0.169	0.0	0.091	0.242	0.257	0.277	0.177	0.232	0.177	0.209	0.115	0.113	0.073	0.151	0.184	0.247	0.289	0.267	0.205	0.29	0.208	0.368	0.175	0.083	0.108	0.181	0.104	0.218	0.185	0.139	0.147	0.169	0.329	0.221	0.211	0.163	0.0	0.26	0.183	0.219	0.0	0.192	0.0	0.12	0.241	0.185	0.197	0.212	0.206	0.186	0.142	0.125	0.073	0.244	0.153	0.224	0.168	0.0	
Chromosome	64992	T	G	0.148	0.368	0.349	0.34	0.421	0.366	0.394	0.373	0.364	0.222	0.261	0.27	0.006	0.15	0.294	0.305	0.25	0.251	0.171	0.238	0.23	0.174	0.157	0.208	0.27	0.26	0.276	0.337	0.376	0.369	0.325	0.306	0.257	0.188	0.17	0.184	0.168	0.178	0.136	0.128	0.12	0.298	0.246	0.302	0.176	0.125	0.14	0.028	0.22	0.283	0.287	0.022	0.29	0.015	0.195	0.228	0.193	0.177	0.154	0.189	0.15	0.113	0.23	0.221	0.22	0.121	0.148	0.162	0.067	
Chromosome	65001	A	C	0.148	0.371	0.345	0.429	0.337	0.325	0.398	0.336	0.387	0.324	0.272	0.256	0.0	0.099	0.358	0.298	0.298	0.303	0.251	0.247	0.336	0.211	0.201	0.171	0.294	0.235	0.371	0.396	0.439	0.471	0.317	0.361	0.23	0.254	0.219	0.232	0.221	0.235	0.163	0.164	0.131	0.226	0.254	0.251	0.248	0.182	0.174	0.0	0.255	0.25	0.265	0.007	0.304	0.0	0.172	0.219	0.208	0.158	0.185	0.119	0.196	0.172	0.242	0.174	0.21	0.17	0.17	0.152	0.0	
Chromosome	202859	T	G	0.083	0.281	0.26	0.241	0.241	0.266	0.281	0.199	0.275	0.2	0.196	0.23	0.005	0.051	0.274	0.259	0.214	0.199	0.119	0.11	0.157	0.151	0.094	0.058	0.216	0.256	0.359	0.195	0.268	0.15	0.217	0.226	0.162	0.214	0.104	0.1	0.095	0.139	0.104	0.087	0.097	0.212	0.208	0.194	0.071	0.081	0.095	0.0	0.177	0.09	0.147	0.006	0.184	0.0	0.16	0.145	0.11	0.102	0.108	0.089	0.13	0.089	0.103	0.143	0.131	0.089	0.077	0.063	0.013	
Chromosome	417971	T	A	0.145	0.203	0.074	0.152	0.193	0.162	0.211	0.107	0.134	0.324	0.234	0.167	0.0	0.06	0.152	0.169	0.145	0.198	0.142	0.104	0.123	0.162	0.12	0.098	0.213	0.196	0.121	0.137	0.16	0.157	0.167	0.199	0.174	0.206	0.114	0.118	0.109	0.092	0.158	0.133	0.167	0.19	0.23	0.166	0.132	0.109	0.111	0.0	0.117	0.173	0.133	0.0	0.091	0.0	0.135	0.104	0.194	0.155	0.15	0.158	0.146	0.142	0.121	0.092	0.159	0.15	0.142	0.134	0.0	
Chromosome	565175	A	C	0.046	0.083	0.06	0.07	0.08	0.09	0.058	0.035	0.058	0.049	0.06	0.065	0.0	0.065	0.094	0.063	0.054	0.053	0.104	0.085	0.067	0.067	0.095	0.068	0.046	0.126	0.051	0.097	0.061	0.077	0.065	0.04	0.07	0.045	0.083	0.094	0.1	0.085	0.062	0.036	0.04	0.088	0.067	0.088	0.054	0.067	0.069	0.0	0.048	0.066	0.056	0.0	0.033	0.0	0.052	0.082	0.049	0.056	0.071	0.083	0.039	0.057	0.084	0.085	0.076	0.071	0.077	0.042	0.0	
Chromosome	924018	T	G	0.017	0.123	0.064	0.09	0.068	0.068	0.068	0.11	0.102	0.098	0.034	0.061	0.005	0.005	0.058	0.076	0.054	0.062	0.019	0.046	0.057	0.038	0.021	0.027	0.077	0.101	0.086	0.077	0.031	0.065	0.047	0.072	0.052	0.033	0.027	0.036	0.027	0.02	0.013	0.014	0.014	0.052	0.081	0.081	0.007	0.027	0.021	0.005	0.032	0.022	0.042	0.004	0.05	0.009	0.045	0.045	0.013	0.01	0.03	0.012	0.02	0.017	0.011	0.033	0.041	0.029	0.039	0.012	0.012	
Chromosome	1203844	T	G	0.076	0.203	0.132	0.151	0.171	0.146	0.12	0.129	0.169	0.048	0.032	0.056	0.0	0.035	0.183	0.199	0.152	0.074	0.074	0.094	0.111	0.083	0.064	0.07	0.091	0.068	0.134	0.145	0.133	0.108	0.188	0.097	0.139	0.095	0.084	0.059	0.07	0.094	0.081	0.069	0.053	0.061	0.081	0.177	0.079	0.078	0.065	0.0	0.069	0.097	0.078	0.005	0.086	0.006	0.081	0.068	0.063	0.065	0.079	0.074	0.089	0.073	0.041	0.073	0.138	0.068	0.086	0.074	0.0	
Chromosome	1253485	A	C	0.062	0.135	0.067	0.07	0.053	0.086	0.132	0.062	0.105	0.176	0.116	0.089	0.0	0.02	0.071	0.049	0.061	0.089	0.088	0.087	0.093	0.086	0.08	0.089	0.085	0.094	0.035	0.065	0.091	0.071	0.093	0.112	0.079	0.083	0.064	0.094	0.066	0.076	0.06	0.075	0.066	0.077	0.126	0.101	0.063	0.057	0.039	0.005	0.145	0.104	0.07	0.0	0.101	0.005	0.057	0.06	0.072	0.052	0.049	0.057	0.081	0.065	0.088	0.053	0.071	0.048	0.061	0.05	0.0	
Chromosome	1437874	T	G	0.067	0.115	0.079	0.113	0.107	0.138	0.118	0.102	0.049	0.148	0.068	0.131	0.004	0.065	0.063	0.103	0.071	0.121	0.098	0.116	0.065	0.185	0.142	0.175	0.115	0.138	0.088	0.065	0.086	0.058	0.092	0.125	0.101	0.123	0.141	0.161	0.165	0.117	0.121	0.108	0.091	0.09	0.109	0.108	0.099	0.072	0.096	0.004	0.098	0.101	0.109	0.005	0.127	0.0	0.092	0.115	0.114	0.096	0.137	0.082	0.084	0.092	0.166	0.203	0.132	0.07	0.13	0.083	0.011	
Chromosome	1574114	T	G	0.158	0.293	0.29	0.281	0.365	0.298	0.309	0.315	0.302	0.125	0.192	0.237	0.011	0.177	0.245	0.262	0.197	0.219	0.177	0.218	0.18	0.146	0.167	0.224	0.26	0.312	0.263	0.298	0.318	0.274	0.299	0.268	0.211	0.16	0.177	0.204	0.179	0.144	0.135	0.095	0.16	0.214	0.232	0.183	0.194	0.142	0.113	0.005	0.135	0.168	0.213	0.012	0.128	0.006	0.156	0.213	0.154	0.128	0.178	0.142	0.13	0.149	0.171	0.201	0.155	0.132	0.118	0.134	0.007	
Chromosome	1801779	A	C	0.048	0.174	0.14	0.208	0.161	0.149	0.172	0.145	0.172	0.0	0.122	0.052	0.0	0.019	0.143	0.146	0.102	0.051	0.12	0.139	0.135	0.078	0.05	0.054	0.11	0.061	0.169	0.127	0.143	0.159	0.109	0.089	0.203	0.08	0.069	0.083	0.075	0.077	0.049	0.045	0.043	0.112	0.047	0.152	0.047	0.05	0.049	0.0	0.099	0.053	0.104	0.006	0.066	0.006	0.038	0.104	0.064	0.034	0.053	0.056	0.074	0.025	0.049	0.066	0.104	0.056	0.047	0.04	0.0	
Chromosome	2018806	A	C	0.053	0.18	0.111	0.125	0.144	0.113	0.117	0.115	0.138	0.034	0.06	0.117	0.0	0.024	0.115	0.112	0.114	0.067	0.068	0.096	0.14	0.111	0.103	0.052	0.088	0.037	0.088	0.163	0.116	0.048	0.119	0.109	0.079	0.09	0.073	0.065	0.079	0.054	0.047	0.063	0.053	0.047	0.097	0.092	0.047	0.06	0.064	0.0	0.105	0.079	0.092	0.007	0.095	0.007	0.053	0.103	0.055	0.064	0.069	0.063	0.055	0.039	0.043	0.073	0.087	0.034	0.042	0.037	0.0	
Chromosome	2043219	G	GA	0.0	0.671	0.0	0.0	0.0	0.0	0.0	0.0	0.0	0.0	0.0	0.0	0.0	0.0	0.0	0.0	0.0	0.0	0.0	0.0	0.0	0.0	0.0	0.0	0.0	0.0	0.0	0.0	0.0	0.0	0.0	0.0	0.0	0.0	0.0	0.0	0.0	0.0	0.0	0.0	0.0	0.0	0.0	0.0	0.0	0.0	0.0	0.0	0.0	0.0	0.0	0.0	0.0	0.0	0.0	0.0	0.0	0.0	0.0	0.0	0.0	0.0	0.0	0.0	0.0	0.0	0.0	0.0	0.0	
Chromosome	2117924	A	C	0.205	0.351	0.3	0.19	0.266	0.309	0.267	0.296	0.25	0.37	0.352	0.259	0.0	0.18	0.273	0.344	0.321	0.286	0.224	0.288	0.303	0.168	0.246	0.244	0.289	0.32	0.318	0.223	0.281	0.287	0.295	0.349	0.273	0.26	0.238	0.19	0.291	0.266	0.239	0.219	0.177	0.258	0.278	0.322	0.206	0.207	0.231	0.006	0.242	0.219	0.219	0.0	0.212	0.0	0.195	0.215	0.215	0.211	0.225	0.222	0.231	0.19	0.192	0.138	0.247	0.157	0.152	0.228	0.0	
Chromosome	2117927	T	G	0.145	0.247	0.22	0.183	0.225	0.271	0.167	0.234	0.225	0.079	0.182	0.149	0.0	0.172	0.202	0.237	0.252	0.161	0.169	0.2	0.253	0.165	0.182	0.166	0.152	0.149	0.218	0.221	0.261	0.13	0.225	0.208	0.226	0.129	0.129	0.179	0.185	0.214	0.187	0.209	0.123	0.145	0.146	0.245	0.176	0.233	0.234	0.0	0.295	0.212	0.213	0.0	0.236	0.0	0.081	0.157	0.173	0.205	0.197	0.197	0.183	0.173	0.163	0.117	0.214	0.167	0.163	0.197	0.0	
Chromosome	2117939	A	C	0.214	0.309	0.284	0.2	0.256	0.268	0.212	0.255	0.19	0.059	0.08	0.1	0.0	0.093	0.205	0.227	0.26	0.094	0.185	0.233	0.25	0.099	0.129	0.177	0.11	0.087	0.234	0.202	0.217	0.264	0.271	0.303	0.216	0.095	0.149	0.146	0.198	0.131	0.198	0.205	0.088	0.132	0.067	0.247	0.185	0.184	0.154	0.0	0.228	0.178	0.224	0.0	0.179	0.0	0.062	0.204	0.186	0.181	0.178	0.226	0.193	0.17	0.144	0.111	0.239	0.112	0.15	0.21	0.0	
Chromosome	2117945	G	C	0.22	0.333	0.296	0.157	0.272	0.275	0.222	0.264	0.234	0.062	0.084	0.097	0.0	0.164	0.138	0.293	0.255	0.093	0.153	0.223	0.224	0.113	0.123	0.106	0.086	0.069	0.263	0.176	0.215	0.25	0.25	0.283	0.179	0.101	0.111	0.15	0.134	0.102	0.244	0.219	0.122	0.103	0.07	0.25	0.226	0.216	0.21	0.0	0.228	0.165	0.231	0.0	0.173	0.0	0.092	0.174	0.196	0.232	0.212	0.25	0.198	0.193	0.127	0.109	0.218	0.156	0.162	0.227	0.0	
Chromosome	2117946	T	G	0.096	0.208	0.142	0.126	0.138	0.14	0.136	0.196	0.109	0.062	0.062	0.066	0.0	0.08	0.106	0.122	0.126	0.082	0.13	0.131	0.179	0.099	0.116	0.149	0.092	0.03	0.164	0.147	0.156	0.106	0.121	0.159	0.128	0.087	0.075	0.108	0.14	0.107	0.143	0.125	0.07	0.096	0.051	0.143	0.126	0.116	0.128	0.0	0.166	0.146	0.113	0.0	0.169	0.015	0.029	0.103	0.115	0.107	0.119	0.15	0.14	0.119	0.089	0.075	0.162	0.086	0.095	0.117	0.0	
Chromosome	2134944	T	G	0.044	0.106	0.08	0.035	0.077	0.062	0.06	0.066	0.078	0.133	0.118	0.087	0.01	0.075	0.031	0.066	0.047	0.111	0.124	0.032	0.089	0.052	0.038	0.098	0.135	0.116	0.069	0.076	0.072	0.045	0.068	0.077	0.066	0.097	0.049	0.049	0.043	0.054	0.058	0.051	0.052	0.107	0.059	0.095	0.066	0.063	0.05	0.005	0.109	0.146	0.102	0.0	0.074	0.005	0.046	0.096	0.042	0.071	0.051	0.047	0.035	0.032	0.095	0.057	0.057	0.046	0.052	0.038	0.0	
Chromosome	2134950	T	G	0.019	0.133	0.078	0.022	0.064	0.041	0.084	0.03	0.054	0.138	0.12	0.103	0.005	0.023	0.04	0.067	0.053	0.098	0.102	0.026	0.097	0.034	0.044	0.032	0.097	0.097	0.087	0.088	0.042	0.037	0.075	0.063	0.092	0.085	0.041	0.049	0.044	0.039	0.015	0.039	0.031	0.068	0.037	0.078	0.024	0.046	0.029	0.0	0.087	0.089	0.093	0.005	0.08	0.005	0.037	0.063	0.019	0.037	0.035	0.034	0.037	0.031	0.068	0.048	0.036	0.028	0.019	0.029	0.006	
Chromosome	2195144	T	G	0.142	0.191	0.233	0.247	0.229	0.25	0.221	0.208	0.22	0.147	0.07	0.083	0.0	0.092	0.217	0.177	0.189	0.099	0.226	0.268	0.225	0.162	0.072	0.084	0.129	0.1	0.244	0.254	0.201	0.19	0.203	0.194	0.234	0.093	0.124	0.058	0.129	0.163	0.164	0.174	0.063	0.107	0.083	0.205	0.161	0.17	0.181	0.0	0.202	0.254	0.218	0.006	0.251	0.006	0.068	0.187	0.164	0.145	0.177	0.171	0.199	0.159	0.15	0.156	0.186	0.196	0.16	0.124	0.0	
Chromosome	2224338	G	GGCGTGACGAGGTCAGATGCCGACCAGA	0.512	0.744	0.519	0.613	0.545	0.533	0.591	0.5	0.474	0.562	0.538	0.5	0.354	0.4	0.529	0.452	0.526	0.458	0.51	0.468	0.391	0.508	0.377	0.481	0.48	0.556	0.667	0.582	0.439	0.484	0.55	0.614	0.562	0.453	0.455	0.581	0.577	0.597	0.517	0.567	0.456	0.634	0.483	0.611	0.543	0.571	0.532	0.364	0.571	0.442	0.538	0.204	0.56	0.417	0.537	0.571	0.488	0.536	0.495	0.504	0.531	0.582	0.479	0.5	0.687	0.553	0.574	0.447	0.333	
Chromosome	2429865	C	CG	0.043	0.088	0.024	0.019	0.014	0.159	0.02	0.008	0.005	0.0	0.015	0.186	0.005	0.012	0.007	0.0	0.212	0.018	0.004	0.011	0.011	0.004	0.005	0.0	0.011	0.006	0.0	0.0	0.006	0.0	0.013	0.0	0.255	0.546	0.648	0.004	0.004	0.02	0.01	0.01	0.007	0.01	0.299	0.0	0.013	0.299	0.008	0.0	0.009	0.0	0.005	0.006	0.0	0.006	0.02	0.017	0.01	0.018	0.013	0.009	0.002	0.007	0.436	0.525	0.327	0.212	0.009	0.012	0.0	
Chromosome	2511894	T	G	0.048	0.11	0.019	0.057	0.031	0.065	0.047	0.052	0.034	0.0	0.065	0.024	0.006	0.037	0.017	0.096	0.087	0.059	0.063	0.037	0.03	0.053	0.092	0.066	0.077	0.03	0.009	0.069	0.034	0.053	0.069	0.052	0.056	0.06	0.058	0.058	0.053	0.071	0.042	0.03	0.043	0.097	0.062	0.042	0.023	0.036	0.016	0.004	0.064	0.075	0.031	0.0	0.1	0.0	0.045	0.073	0.055	0.034	0.06	0.059	0.061	0.069	0.077	0.049	0.072	0.051	0.043	0.025	0.007	
Chromosome	2535869	C	G	0.018	0.09	0.099	0.08	0.066	0.062	0.068	0.087	0.041	0.034	0.054	0.069	0.0	0.0	0.043	0.025	0.068	0.029	0.042	0.038	0.021	0.024	0.025	0.043	0.041	0.057	0.11	0.044	0.033	0.063	0.078	0.036	0.04	0.025	0.041	0.057	0.01	0.051	0.029	0.031	0.032	0.03	0.032	0.038	0.012	0.026	0.035	0.0	0.018	0.023	0.056	0.0	0.062	0.0	0.035	0.057	0.02	0.024	0.029	0.03	0.041	0.027	0.036	0.039	0.048	0.025	0.019	0.024	0.0	
Chromosome	2535877	A	C	0.222	0.239	0.287	0.268	0.225	0.293	0.24	0.297	0.299	0.185	0.215	0.191	0.0	0.173	0.277	0.285	0.286	0.144	0.218	0.278	0.296	0.243	0.212	0.198	0.248	0.184	0.33	0.267	0.24	0.269	0.326	0.261	0.25	0.194	0.225	0.208	0.218	0.197	0.186	0.213	0.147	0.201	0.172	0.277	0.22	0.187	0.257	0.012	0.304	0.218	0.281	0.007	0.212	0.0	0.178	0.251	0.216	0.18	0.224	0.238	0.256	0.264	0.2	0.169	0.285	0.178	0.182	0.202	0.0	
Chromosome	2535880	A	C	0.15	0.178	0.266	0.216	0.233	0.252	0.228	0.208	0.238	0.107	0.169	0.191	0.006	0.097	0.214	0.22	0.262	0.135	0.165	0.276	0.199	0.159	0.184	0.155	0.212	0.196	0.267	0.212	0.148	0.183	0.246	0.215	0.226	0.151	0.183	0.164	0.129	0.175	0.168	0.134	0.117	0.186	0.114	0.23	0.123	0.139	0.147	0.006	0.175	0.181	0.283	0.007	0.207	0.006	0.101	0.2	0.168	0.131	0.176	0.178	0.17	0.155	0.156	0.173	0.232	0.185	0.151	0.173	0.007	
Chromosome	2535883	A	C	0.207	0.278	0.229	0.279	0.216	0.26	0.258	0.26	0.242	0.148	0.189	0.171	0.0	0.091	0.217	0.258	0.246	0.099	0.211	0.26	0.222	0.192	0.19	0.192	0.197	0.109	0.273	0.212	0.199	0.169	0.233	0.248	0.2	0.175	0.182	0.188	0.138	0.189	0.224	0.184	0.095	0.127	0.114	0.258	0.172	0.208	0.209	0.0	0.267	0.21	0.266	0.0	0.235	0.0	0.124	0.25	0.202	0.185	0.194	0.228	0.249	0.241	0.152	0.163	0.244	0.191	0.221	0.244	0.0	
Chromosome	2535884	T	A	0.282	0.248	0.259	0.219	0.224	0.286	0.236	0.235	0.271	0.115	0.136	0.167	0.0	0.176	0.2	0.281	0.197	0.119	0.238	0.314	0.315	0.198	0.169	0.172	0.149	0.192	0.314	0.246	0.187	0.202	0.202	0.259	0.236	0.203	0.192	0.123	0.203	0.16	0.332	0.256	0.14	0.161	0.151	0.239	0.261	0.235	0.32	0.0	0.277	0.251	0.28	0.0	0.287	0.0	0.168	0.314	0.228	0.271	0.284	0.312	0.315	0.33	0.141	0.186	0.3	0.312	0.266	0.339	0.0	
Chromosome	2579189	A	C	0.173	0.308	0.283	0.34	0.287	0.219	0.263	0.281	0.333	0.238	0.256	0.256	0.0	0.134	0.268	0.276	0.242	0.322	0.271	0.222	0.31	0.219	0.219	0.213	0.261	0.246	0.282	0.237	0.297	0.183	0.206	0.319	0.253	0.25	0.187	0.23	0.232	0.224	0.248	0.226	0.202	0.275	0.243	0.239	0.21	0.225	0.223	0.006	0.273	0.263	0.274	0.0	0.395	0.0	0.226	0.303	0.277	0.259	0.226	0.225	0.219	0.226	0.154	0.254	0.234	0.26	0.238	0.244	0.013	
Chromosome	2682937	T	A	0.046	0.157	0.123	0.17	0.129	0.147	0.135	0.183	0.141	0.189	0.14	0.075	0.0	0.057	0.109	0.113	0.117	0.114	0.085	0.086	0.076	0.025	0.037	0.065	0.118	0.108	0.153	0.152	0.095	0.164	0.09	0.104	0.102	0.14	0.034	0.063	0.05	0.065	0.032	0.042	0.067	0.076	0.081	0.165	0.087	0.091	0.063	0.0	0.105	0.116	0.106	0.0	0.087	0.0	0.085	0.11	0.058	0.077	0.084	0.088	0.068	0.059	0.032	0.056	0.062	0.052	0.055	0.049	0.0	
Chromosome	2809843	C	CG	0.0	0.171	0.0	0.0	0.0	0.0	0.0	0.0	0.0	0.0	0.0	0.0	0.0	0.0	0.0	0.0	0.0	0.0	0.0	0.0	0.0	0.0	0.0	0.0	0.004	0.0	0.0	0.0	0.0	0.0	0.0	0.0	0.0	0.0	0.0	0.0	0.0	0.0	0.0	0.0	0.0	0.0	0.0	0.0	0.0	0.0	0.0	0.0	0.004	0.0	0.0	0.0	0.0	0.0	0.0	0.0	0.0	0.0	0.0	0.002	0.0	0.0	0.0	0.0	0.0	0.0	0.0	0.0	0.0	
Chromosome	2846223	G	C	0.088	0.204	0.188	0.167	0.169	0.142	0.224	0.197	0.231	0.075	0.136	0.104	0.0	0.056	0.188	0.227	0.216	0.167	0.144	0.115	0.148	0.038	0.057	0.044	0.108	0.096	0.236	0.225	0.156	0.151	0.176	0.152	0.131	0.098	0.049	0.066	0.037	0.071	0.084	0.07	0.061	0.108	0.076	0.236	0.094	0.071	0.055	0.0	0.129	0.147	0.139	0.0	0.164	0.0	0.085	0.093	0.105	0.112	0.101	0.1	0.081	0.069	0.049	0.022	0.139	0.089	0.088	0.085	0.0	
Chromosome	2846232	A	C	0.071	0.129	0.132	0.145	0.181	0.14	0.19	0.12	0.179	0.125	0.103	0.076	0.012	0.043	0.154	0.133	0.144	0.078	0.138	0.114	0.129	0.054	0.067	0.036	0.05	0.084	0.184	0.176	0.15	0.111	0.146	0.112	0.198	0.075	0.067	0.046	0.037	0.053	0.045	0.036	0.024	0.065	0.065	0.172	0.047	0.068	0.054	0.005	0.116	0.114	0.122	0.0	0.135	0.0	0.046	0.118	0.064	0.083	0.075	0.081	0.052	0.066	0.036	0.05	0.087	0.064	0.053	0.045	0.0	
Chromosome	2846235	T	A	0.13	0.199	0.131	0.198	0.211	0.209	0.279	0.175	0.232	0.051	0.136	0.093	0.0	0.089	0.183	0.261	0.227	0.112	0.198	0.11	0.208	0.085	0.089	0.058	0.091	0.129	0.243	0.224	0.197	0.262	0.21	0.17	0.245	0.108	0.062	0.063	0.059	0.077	0.121	0.145	0.064	0.109	0.069	0.242	0.169	0.13	0.114	0.0	0.198	0.144	0.16	0.0	0.201	0.005	0.109	0.133	0.152	0.18	0.147	0.145	0.119	0.138	0.045	0.096	0.224	0.179	0.137	0.13	0.0	
Chromosome	2946508	A	C	0.246	0.333	0.284	0.258	0.273	0.293	0.171	0.168	0.185	0.056	0.071	0.058	0.0	0.101	0.217	0.231	0.185	0.093	0.214	0.243	0.283	0.125	0.082	0.143	0.089	0.048	0.182	0.213	0.25	0.216	0.198	0.211	0.218	0.103	0.136	0.094	0.074	0.169	0.226	0.268	0.122	0.069	0.05	0.24	0.201	0.204	0.213	0.007	0.327	0.318	0.269	0.007	0.321	0.013	0.123	0.293	0.197	0.281	0.231	0.227	0.227	0.227	0.159	0.182	0.219	0.23	0.269	0.168	0.01	
Chromosome	2989916	G	T	0.0	0.126	0.0	0.0	0.0	0.0	0.0	0.0	0.0	0.0	0.0	0.0	0.0	0.0	0.0	0.0	0.008	0.0	0.0	0.0	0.0	0.0	0.0	0.0	0.0	0.0	0.0	0.0	0.0	0.0	0.0	0.008	0.0	0.0	0.0	0.0	0.0	0.004	0.0	0.0	0.0	0.0	0.0	0.0	0.0	0.0	0.003	0.0	0.0	0.0	0.0	0.0	0.0	0.005	0.0	0.0	0.0	0.0	0.0	0.0	0.0	0.0	0.0	0.0	0.0	0.0	0.0	0.0	0.0	
Chromosome	3009071	A	C	0.034	0.073	0.059	0.027	0.034	0.031	0.056	0.038	0.045	0.0	0.015	0.022	0.0	0.008	0.023	0.016	0.015	0.01	0.036	0.039	0.007	0.006	0.021	0.009	0.0	0.019	0.04	0.051	0.031	0.015	0.027	0.065	0.033	0.012	0.015	0.012	0.005	0.011	0.019	0.036	0.008	0.03	0.012	0.0	0.016	0.027	0.027	0.0	0.027	0.045	0.031	0.0	0.026	0.014	0.006	0.006	0.024	0.008	0.025	0.019	0.019	0.016	0.005	0.013	0.009	0.035	0.016	0.025	0.0	
Chromosome	3030967	A	C	0.347	0.6	0.623	0.525	0.565	0.522	0.614	0.5	0.455	0.634	0.724	0.594	0.0	0.255	0.5	0.368	0.451	0.587	0.396	0.345	0.489	0.437	0.421	0.388	0.566	0.676	0.512	0.409	0.514	0.563	0.43	0.37	0.488	0.567	0.506	0.368	0.451	0.35	0.307	0.314	0.456	0.586	0.61	0.54	0.34	0.377	0.383	0.0	0.375	0.446	0.483	0.007	0.438	0.0	0.456	0.394	0.337	0.331	0.378	0.359	0.361	0.402	0.407	0.389	0.368	0.286	0.403	0.299	0.0	
Chromosome	3092769	T	TGGGGGGGGGGGGGGG	0.0	0.019	0.0	0.021	0.0	0.0	0.0	0.02	0.0	0.0	0.0	0.0	0.0	0.0	0.0	0.0	0.0	0.0	0.0	0.0	0.0	0.0	0.0	0.0	0.0	0.0	0.0	0.0	0.014	0.0	0.0	0.0	0.0	0.0	0.0	0.0	0.0	0.0	0.0	0.0	0.0	0.0	0.01	0.0	0.0	0.0	0.0	0.0	0.0	0.0	0.0	0.0	0.0	0.0	0.0	0.022	0.0	0.0	0.0	0.0	0.0	0.0	0.0	0.0	0.0	0.0	0.0	0.0	0.0	
Chromosome	3109157	A	C	0.104	0.328	0.143	0.289	0.26	0.244	0.373	0.26	0.241	0.143	0.029	0.043	0.0	0.038	0.19	0.218	0.189	0.103	0.143	0.106	0.162	0.093	0.118	0.074	0.097	0.051	0.25	0.286	0.221	0.2	0.191	0.224	0.189	0.115	0.069	0.076	0.077	0.082	0.087	0.102	0.039	0.151	0.167	0.186	0.124	0.125	0.145	0.0	0.158	0.207	0.198	0.0	0.321	0.0	0.083	0.168	0.145	0.135	0.119	0.133	0.156	0.116	0.065	0.077	0.197	0.126	0.092	0.1	0.008	
Chromosome	3109158	T	A	0.207	0.311	0.222	0.267	0.265	0.268	0.293	0.245	0.364	0.167	0.032	0.121	0.0	0.053	0.205	0.241	0.245	0.157	0.223	0.173	0.188	0.106	0.145	0.067	0.091	0.088	0.326	0.319	0.299	0.25	0.188	0.311	0.209	0.102	0.054	0.068	0.106	0.092	0.197	0.212	0.092	0.104	0.192	0.224	0.227	0.205	0.227	0.0	0.178	0.317	0.25	0.0	0.297	0.0	0.109	0.198	0.182	0.261	0.25	0.253	0.21	0.173	0.153	0.066	0.28	0.238	0.218	0.246	0.0	
Chromosome	3109169	T	G	0.178	0.397	0.139	0.267	0.14	0.295	0.259	0.333	0.333	0.0	0.017	0.0	0.007	0.031	0.189	0.175	0.268	0.069	0.21	0.171	0.163	0.054	0.08	0.104	0.056	0.032	0.235	0.225	0.304	0.262	0.26	0.314	0.245	0.021	0.023	0.013	0.051	0.014	0.132	0.141	0.026	0.022	0.064	0.207	0.157	0.144	0.183	0.0	0.218	0.303	0.227	0.0	0.227	0.006	0.077	0.216	0.239	0.164	0.163	0.191	0.191	0.136	0.054	0.016	0.28	0.18	0.195	0.179	0.008	
Chromosome	3109177	A	C	0.192	0.5	0.314	0.326	0.333	0.283	0.333	0.304	0.293	0.0	0.02	0.036	0.007	0.015	0.237	0.211	0.418	0.034	0.216	0.202	0.233	0.129	0.122	0.122	0.02	0.0	0.213	0.292	0.459	0.403	0.296	0.343	0.247	0.0	0.012	0.089	0.025	0.056	0.101	0.128	0.028	0.045	0.042	0.268	0.125	0.192	0.16	0.0	0.194	0.233	0.183	0.0	0.347	0.0	0.053	0.247	0.168	0.201	0.186	0.135	0.202	0.112	0.042	0.049	0.246	0.153	0.148	0.165	0.008	
Chromosome	3777637	A	C	0.147	0.24	0.233	0.378	0.218	0.275	0.316	0.418	0.315	0.51	0.287	0.219	0.0	0.108	0.253	0.286	0.32	0.217	0.283	0.261	0.265	0.153	0.228	0.209	0.331	0.224	0.237	0.292	0.281	0.223	0.308	0.21	0.256	0.254	0.293	0.188	0.189	0.138	0.196	0.201	0.169	0.219	0.211	0.23	0.161	0.185	0.179	0.0	0.31	0.262	0.275	0.0	0.264	0.007	0.218	0.222	0.146	0.205	0.184	0.188	0.154	0.143	0.242	0.248	0.215	0.151	0.174	0.155	0.006	
Chromosome	3973377	T	G	0.097	0.15	0.113	0.115	0.106	0.108	0.108	0.061	0.106	0.259	0.104	0.082	0.0	0.083	0.11	0.071	0.084	0.129	0.116	0.13	0.105	0.134	0.154	0.101	0.064	0.089	0.096	0.135	0.107	0.105	0.087	0.087	0.138	0.119	0.165	0.145	0.113	0.143	0.083	0.096	0.096	0.141	0.109	0.071	0.081	0.058	0.09	0.0	0.109	0.085	0.119	0.0	0.135	0.0	0.073	0.164	0.083	0.102	0.105	0.103	0.104	0.04	0.15	0.135	0.133	0.104	0.05	0.084	0.0	
Chromosome	4214560	C	A	0.452	0.472	0.431	0.453	0.479	0.42	0.509	0.468	0.49	0.509	0.462	0.494	0.408	0.533	0.441	0.444	0.525	0.503	0.477	0.478	0.474	0.465	0.518	0.466	0.465	0.544	0.5	0.53	0.506	0.48	0.485	0.401	0.533	0.478	0.449	0.475	0.494	0.517	0.494	0.476	0.515	0.485	0.48	0.481	0.502	0.45	0.481	0.463	0.458	0.491	0.505	0.538	0.511	0.524	0.498	0.496	0.478	0.497	0.486	0.494	0.506	0.43	0.49	0.489	0.515	0.442	0.432	0.326	0.498	
Chromosome	4214739	G	GT	0.34	0.367	0.331	0.371	0.301	0.321	0.371	0.324	0.352	0.535	0.391	0.331	0.26	0.395	0.304	0.332	0.352	0.324	0.364	0.304	0.32	0.338	0.351	0.336	0.368	0.472	0.392	0.342	0.38	0.312	0.339	0.353	0.34	0.358	0.313	0.303	0.316	0.331	0.332	0.321	0.353	0.327	0.388	0.339	0.358	0.305	0.333	0.327	0.332	0.362	0.287	0.317	0.332	0.357	0.306	0.309	0.32	0.334	0.355	0.338	0.314	0.329	0.36	0.327	0.316	0.303	0.304	0.266	0.329	
Chromosome	4214852	A	AG	0.06	0.048	0.024	0.074	0.088	0.054	0.039	0.026	0.069	0.065	0.06	0.058	0.082	0.074	0.043	0.078	0.072	0.05	0.058	0.023	0.048	0.056	0.076	0.083	0.069	0.07	0.099	0.049	0.107	0.048	0.074	0.046	0.047	0.057	0.059	0.07	0.045	0.05	0.069	0.061	0.07	0.066	0.067	0.066	0.062	0.073	0.066	0.022	0.065	0.047	0.037	0.051	0.087	0.097	0.015	0.066	0.044	0.084	0.064	0.057	0.058	0.053	0.058	0.067	0.049	0.073	0.054	0.058	0.045	
Chromosome	4214853	C	CAATGATCAATACCTGTGGAT	0.0	0.008	0.0	0.0	0.0	0.0	0.007	0.0	0.006	0.0	0.004	0.006	0.06	0.0	0.0	0.0	0.008	0.0	0.004	0.0	0.0	0.0	0.013	0.003	0.0	0.0	0.0	0.006	0.0	0.0	0.006	0.0	0.0	0.004	0.0	0.008	0.003	0.0	0.0	0.003	0.004	0.0	0.004	0.0	0.0	0.0	0.003	0.011	0.0	0.006	0.0	0.034	0.0	0.067	0.0	0.004	0.0	0.0	0.004	0.0	0.0	0.0	0.008	0.009	0.0	0.0	0.0	0.0	0.019	
Chromosome	4364062	T	C	0.0	0.261	0.0	0.0	0.0	0.0	0.0	0.0	0.0	0.0	0.0	0.0	0.0	0.0	0.0	0.0	0.0	0.0	0.0	0.0	0.0	0.0	0.0	0.0	0.0	0.0	0.0	0.0	0.0	0.0	0.0	0.0	0.0	0.0	0.0	0.0	0.0	0.0	0.0	0.0	0.0	0.0	0.005	0.0	0.0	0.0	0.0	0.0	0.0	0.0	0.0	0.0	0.0	0.0	0.0	0.0	0.0	0.0	0.002	0.0	0.0	0.0	0.0	0.0	0.0	0.0	0.0	0.0	0.0	
Chromosome	4536329	A	C	0.078	0.319	0.283	0.202	0.263	0.252	0.256	0.202	0.297	0.128	0.167	0.064	0.0	0.045	0.2	0.303	0.222	0.1	0.161	0.172	0.16	0.087	0.08	0.091	0.076	0.18	0.1	0.267	0.257	0.257	0.227	0.154	0.198	0.088	0.07	0.1	0.085	0.096	0.039	0.055	0.062	0.07	0.109	0.16	0.069	0.071	0.064	0.0	0.118	0.17	0.123	0.0	0.138	0.0	0.081	0.119	0.081	0.07	0.085	0.055	0.114	0.047	0.058	0.109	0.155	0.034	0.062	0.071	0.007	
Chromosome	4582881	T	G	0.086	0.137	0.071	0.117	0.07	0.176	0.157	0.118	0.147	0.211	0.182	0.089	0.006	0.046	0.122	0.212	0.074	0.119	0.091	0.126	0.127	0.07	0.11	0.102	0.236	0.138	0.175	0.09	0.073	0.204	0.119	0.151	0.084	0.116	0.107	0.099	0.06	0.096	0.071	0.075	0.078	0.11	0.099	0.124	0.091	0.088	0.054	0.0	0.132	0.086	0.086	0.006	0.097	0.006	0.123	0.069	0.084	0.071	0.072	0.073	0.09	0.084	0.108	0.106	0.122	0.065	0.067	0.071	0.015	
Chromosome	4718864	CGACGTT	C	0.014	0.07	0.0	0.0	0.0	0.013	0.014	0.018	0.0	0.0	0.005	0.007	0.006	0.014	0.016	0.008	0.008	0.009	0.005	0.015	0.022	0.004	0.005	0.005	0.02	0.0	0.009	0.033	0.0	0.025	0.0	0.015	0.01	0.006	0.013	0.012	0.011	0.013	0.004	0.0	0.015	0.005	0.0	0.011	0.007	0.014	0.003	0.0	0.043	0.006	0.0	0.0	0.007	0.005	0.018	0.011	0.012	0.011	0.007	0.007	0.009	0.009	0.01	0.0	0.009	0.007	0.003	0.004	0.007	
Chromosome	4948868	T	G	0.188	0.333	0.242	0.248	0.311	0.252	0.239	0.192	0.26	0.231	0.221	0.169	0.0	0.117	0.217	0.29	0.282	0.193	0.254	0.245	0.267	0.157	0.175	0.134	0.16	0.123	0.244	0.353	0.357	0.28	0.333	0.274	0.236	0.203	0.187	0.165	0.176	0.198	0.181	0.21	0.129	0.194	0.16	0.263	0.154	0.203	0.19	0.0	0.259	0.212	0.23	0.006	0.221	0.0	0.109	0.271	0.223	0.159	0.172	0.211	0.226	0.247	0.12	0.186	0.174	0.221	0.226	0.217	0.0	
Chromosome	4987024	A	C	0.1	0.262	0.162	0.142	0.168	0.206	0.138	0.103	0.214	0.125	0.138	0.135	0.0	0.072	0.16	0.167	0.115	0.208	0.107	0.093	0.142	0.058	0.081	0.074	0.128	0.148	0.221	0.16	0.151	0.195	0.129	0.154	0.144	0.171	0.067	0.078	0.069	0.056	0.069	0.064	0.065	0.181	0.166	0.155	0.098	0.064	0.068	0.0	0.115	0.076	0.133	0.0	0.113	0.0	0.085	0.136	0.07	0.039	0.068	0.053	0.062	0.051	0.078	0.063	0.106	0.053	0.058	0.052	0.007	
Chromosome	5046374	T	TGGGGGGGGGGGGGGG	0.0	0.0	0.0	0.0	0.0	0.0	0.0	0.0	0.0	0.0	0.0	0.0	0.0	0.0	0.0	0.0	0.0	0.0	0.0	0.0	0.0	0.0	0.0	0.0	0.0	0.0	0.0	0.0	0.0	0.0	0.0	0.0	0.0	0.0	0.0	0.0	0.0	0.0	0.0	0.0	0.0	0.0	0.0	0.0	0.0	0.0	0.0	0.0	0.0	0.0	0.0	0.0	0.0	0.0	0.0	0.0	0.0	0.0	0.0	0.0	0.0	0.0	0.0	0.0	0.0	0.0	0.0	0.0	0.0	
Chromosome	5046375	C	G	0.0	0.067	0.111	0.078	0.065	0.073	0.051	0.051	0.106	0.071	0.057	0.027	0.0	0.0	0.078	0.092	0.069	0.016	0.031	0.028	0.019	0.015	0.015	0.004	0.015	0.054	0.031	0.081	0.088	0.078	0.07	0.015	0.026	0.036	0.0	0.014	0.008	0.0	0.0	0.007	0.0	0.032	0.028	0.01	0.003	0.003	0.003	0.0	0.019	0.009	0.009	0.0	0.023	0.0	0.011	0.025	0.0	0.0	0.01	0.004	0.002	0.0	0.0	0.005	0.03	0.003	0.002	0.003	0.0	
Chromosome	5231357	T	G	0.108	0.129	0.111	0.082	0.145	0.162	0.136	0.065	0.076	0.161	0.1	0.116	0.0	0.115	0.082	0.137	0.089	0.134	0.062	0.074	0.105	0.128	0.136	0.084	0.158	0.187	0.113	0.076	0.074	0.079	0.118	0.112	0.114	0.097	0.104	0.109	0.132	0.108	0.111	0.076	0.109	0.14	0.113	0.1	0.071	0.107	0.089	0.005	0.129	0.111	0.094	0.006	0.115	0.0	0.083	0.113	0.101	0.096	0.076	0.106	0.123	0.085	0.12	0.103	0.121	0.091	0.069	0.091	0.0	
Chromosome	5437973	A	C	0.047	0.188	0.045	0.167	0.115	0.145	0.121	0.193	0.083	0.045	0.095	0.128	0.006	0.056	0.079	0.131	0.087	0.111	0.094	0.056	0.113	0.086	0.048	0.078	0.179	0.144	0.127	0.132	0.134	0.037	0.175	0.118	0.172	0.146	0.088	0.055	0.071	0.078	0.084	0.059	0.03	0.107	0.075	0.112	0.081	0.049	0.034	0.01	0.063	0.073	0.08	0.0	0.12	0.0	0.036	0.087	0.058	0.11	0.075	0.066	0.062	0.04	0.047	0.035	0.073	0.024	0.04	0.035	0.0	
Chromosome	5461789	T	G	0.108	0.413	0.327	0.487	0.46	0.532	0.438	0.352	0.44	0.6	0.472	0.342	0.011	0.107	0.359	0.451	0.46	0.412	0.349	0.333	0.346	0.225	0.197	0.174	0.5	0.404	0.315	0.39	0.494	0.459	0.457	0.602	0.455	0.442	0.239	0.237	0.217	0.231	0.174	0.22	0.145	0.316	0.327	0.353	0.17	0.168	0.167	0.0	0.33	0.357	0.409	0.008	0.326	0.006	0.263	0.33	0.181	0.164	0.215	0.163	0.144	0.082	0.179	0.278	0.232	0.118	0.137	0.175	0.01	
Chromosome	5521106	A	C	0.049	0.204	0.176	0.195	0.212	0.2	0.144	0.163	0.19	0.057	0.145	0.105	0.004	0.036	0.13	0.189	0.122	0.146	0.126	0.139	0.124	0.078	0.068	0.053	0.158	0.144	0.132	0.13	0.162	0.131	0.142	0.173	0.123	0.136	0.086	0.057	0.058	0.071	0.068	0.08	0.056	0.139	0.127	0.163	0.058	0.081	0.051	0.0	0.078	0.071	0.133	0.0	0.138	0.006	0.121	0.11	0.059	0.059	0.072	0.053	0.072	0.077	0.109	0.093	0.082	0.077	0.051	0.078	0.0	
Chromosome	5524265	A	C	0.031	0.157	0.144	0.161	0.147	0.139	0.155	0.149	0.151	0.1	0.049	0.095	0.006	0.005	0.083	0.188	0.067	0.086	0.108	0.067	0.059	0.025	0.045	0.043	0.082	0.116	0.092	0.143	0.114	0.172	0.177	0.147	0.07	0.103	0.037	0.023	0.054	0.043	0.033	0.032	0.038	0.08	0.101	0.1	0.022	0.04	0.034	0.0	0.079	0.058	0.07	0.0	0.069	0.0	0.079	0.063	0.03	0.022	0.046	0.047	0.022	0.026	0.033	0.077	0.064	0.036	0.035	0.017	0.0	
Chromosome	5950199	A	C	0.01	0.117	0.009	0.013	0.045	0.018	0.006	0.0	0.028	0.0	0.0	0.0	0.005	0.0	0.0	0.008	0.007	0.0	0.0	0.0	0.0	0.017	0.005	0.012	0.0	0.0	0.01	0.012	0.012	0.016	0.0	0.007	0.014	0.014	0.004	0.004	0.0	0.007	0.0	0.012	0.003	0.017	0.0	0.026	0.003	0.005	0.003	0.005	0.005	0.0	0.005	0.0	0.019	0.0	0.005	0.022	0.011	0.007	0.004	0.01	0.003	0.006	0.004	0.005	0.012	0.025	0.005	0.0	0.0	
Chromosome	5990280	T	G	0.054	0.14	0.137	0.14	0.144	0.141	0.106	0.118	0.114	0.036	0.018	0.009	0.0	0.013	0.074	0.078	0.072	0.023	0.052	0.036	0.092	0.02	0.04	0.057	0.014	0.023	0.054	0.1	0.092	0.055	0.1	0.117	0.093	0.066	0.032	0.021	0.02	0.032	0.012	0.039	0.03	0.052	0.018	0.065	0.029	0.038	0.027	0.0	0.065	0.081	0.075	0.006	0.042	0.0	0.037	0.054	0.03	0.048	0.022	0.038	0.043	0.017	0.036	0.029	0.043	0.031	0.021	0.032	0.0	
Chromosome	6001792	A	G	0.0	0.136	0.0	0.0	0.0	0.0	0.0	0.0	0.0	0.0	0.0	0.0	0.0	0.0	0.0	0.0	0.0	0.0	0.0	0.0	0.0	0.0	0.0	0.0	0.0	0.0	0.0	0.0	0.0	0.0	0.0	0.0	0.0	0.0	0.0	0.0	0.0	0.0	0.0	0.0	0.0	0.0	0.0	0.0	0.0	0.0	0.0	0.0	0.0	0.0	0.0	0.0	0.0	0.0	0.0	0.0	0.0	0.0	0.0	0.0	0.0	0.0	0.0	0.0	0.0	0.0	0.0	0.003	0.0	
Chromosome	6135889	T	G	0.068	0.227	0.274	0.24	0.203	0.239	0.27	0.183	0.2	0.194	0.173	0.166	0.006	0.045	0.228	0.201	0.267	0.148	0.14	0.163	0.132	0.118	0.12	0.104	0.127	0.141	0.179	0.236	0.245	0.292	0.219	0.175	0.139	0.158	0.108	0.13	0.168	0.131	0.068	0.057	0.079	0.151	0.15	0.174	0.062	0.082	0.079	0.0	0.162	0.145	0.147	0.016	0.134	0.0	0.105	0.157	0.098	0.069	0.092	0.066	0.11	0.081	0.136	0.144	0.178	0.095	0.071	0.067	0.007	
Chromosome	6135898	A	C	0.048	0.265	0.24	0.247	0.262	0.245	0.261	0.254	0.178	0.162	0.138	0.148	0.006	0.038	0.276	0.254	0.287	0.133	0.132	0.151	0.101	0.114	0.079	0.117	0.14	0.126	0.133	0.25	0.295	0.341	0.252	0.239	0.123	0.168	0.084	0.066	0.092	0.075	0.048	0.046	0.042	0.154	0.12	0.109	0.054	0.073	0.048	0.0	0.145	0.132	0.119	0.0	0.119	0.0	0.044	0.122	0.078	0.059	0.039	0.047	0.044	0.054	0.101	0.084	0.135	0.045	0.065	0.061	0.0	
Chromosome	6155911	G	A	0.0	0.252	0.0	0.0	0.0	0.0	0.0	0.0	0.0	0.0	0.0	0.0	0.0	0.0	0.0	0.0	0.0	0.0	0.0	0.0	0.0	0.0	0.0	0.003	0.0	0.0	0.0	0.0	0.0	0.0	0.0	0.0	0.0	0.0	0.0	0.0	0.0	0.0	0.0	0.0	0.0	0.0	0.0	0.0	0.0	0.0	0.0	0.0	0.0	0.0	0.004	0.0	0.0	0.0	0.0	0.0	0.0	0.0	0.0	0.004	0.0	0.0	0.0	0.0	0.0	0.0	0.0	0.0	0.0	
Chromosome	6240181	T	G	0.01	0.093	0.06	0.035	0.032	0.061	0.051	0.041	0.044	0.087	0.051	0.038	0.0	0.0	0.021	0.068	0.043	0.049	0.027	0.038	0.034	0.007	0.027	0.009	0.053	0.062	0.058	0.096	0.049	0.046	0.056	0.031	0.062	0.035	0.018	0.02	0.019	0.02	0.016	0.01	0.013	0.022	0.033	0.055	0.003	0.01	0.011	0.0	0.023	0.04	0.027	0.0	0.07	0.007	0.028	0.055	0.004	0.007	0.014	0.009	0.014	0.01	0.025	0.011	0.024	0.004	0.008	0.024	0.0	
Chromosome	6355800	T	G	0.083	0.217	0.189	0.127	0.186	0.219	0.137	0.164	0.168	0.032	0.063	0.051	0.019	0.04	0.126	0.171	0.167	0.047	0.103	0.157	0.095	0.045	0.065	0.027	0.062	0.045	0.097	0.223	0.185	0.161	0.224	0.149	0.135	0.053	0.046	0.033	0.049	0.046	0.049	0.09	0.045	0.058	0.083	0.131	0.078	0.068	0.063	0.0	0.128	0.116	0.118	0.0	0.134	0.01	0.034	0.167	0.05	0.054	0.085	0.087	0.1	0.088	0.036	0.046	0.109	0.075	0.079	0.082	0.015	
Chromosome	6687534	G	C	0.133	0.253	0.221	0.204	0.312	0.252	0.179	0.247	0.269	0.392	0.435	0.324	0.004	0.108	0.237	0.316	0.244	0.351	0.147	0.223	0.186	0.228	0.228	0.236	0.429	0.451	0.233	0.337	0.211	0.293	0.276	0.233	0.215	0.436	0.18	0.23	0.177	0.179	0.13	0.172	0.205	0.362	0.419	0.246	0.142	0.13	0.161	0.0	0.233	0.21	0.214	0.0	0.238	0.0	0.291	0.185	0.125	0.16	0.165	0.161	0.182	0.155	0.168	0.211	0.19	0.12	0.163	0.191	0.0	
Chromosome	6769641	T	G	0.023	0.192	0.085	0.115	0.204	0.098	0.122	0.109	0.152	0.163	0.083	0.104	0.0	0.045	0.092	0.132	0.102	0.117	0.126	0.109	0.13	0.083	0.066	0.072	0.141	0.145	0.052	0.066	0.116	0.135	0.106	0.143	0.092	0.103	0.067	0.045	0.086	0.089	0.047	0.044	0.03	0.115	0.143	0.122	0.035	0.054	0.035	0.0	0.068	0.102	0.12	0.0	0.1	0.0	0.073	0.125	0.05	0.041	0.044	0.036	0.04	0.024	0.057	0.061	0.083	0.065	0.04	0.042	0.0	
Chromosome	6913446	T	G	0.158	0.275	0.113	0.233	0.25	0.175	0.205	0.175	0.207	0.016	0.125	0.145	0.0	0.117	0.162	0.122	0.196	0.15	0.167	0.142	0.164	0.122	0.108	0.139	0.112	0.121	0.151	0.16	0.159	0.201	0.175	0.225	0.139	0.122	0.154	0.139	0.151	0.138	0.186	0.143	0.159	0.161	0.16	0.191	0.175	0.162	0.237	0.005	0.154	0.189	0.178	0.005	0.209	0.0	0.089	0.201	0.128	0.146	0.146	0.175	0.186	0.198	0.145	0.158	0.154	0.235	0.183	0.19	0.005	
Chromosome	6923330	T	G	0.29	0.507	0.339	0.411	0.474	0.417	0.493	0.376	0.471	0.588	0.413	0.437	0.0	0.253	0.352	0.347	0.411	0.365	0.397	0.421	0.319	0.333	0.374	0.324	0.472	0.587	0.472	0.467	0.396	0.397	0.383	0.427	0.39	0.423	0.307	0.372	0.351	0.382	0.258	0.264	0.271	0.46	0.412	0.466	0.31	0.292	0.261	0.0	0.392	0.372	0.322	0.0	0.42	0.006	0.265	0.283	0.261	0.294	0.261	0.261	0.3	0.279	0.36	0.294	0.352	0.236	0.273	0.232	0.014	
