chromosome	pos	ref	mut	APAW	MockA	MockB	MockC	MockD	MockE	MockF	MockG	MockH	MockI	MockJ	MockK	MockL	Ana1	BedA	BedB	BedC	BedD	CipA	CipB	CipC	CLFA	CLFB	CLFC	CombA2	CombA3	CombA	CombAu1	CombAu3	CombAu5	CombB	CombC	CycloA	CycloB	CycloC	EMBA	EMBB	EMBC	INH1	INH2	INHA	LzdA	LzdB	LzdC	M91	M92	M9B	MA_F1	MA_F2	MA_F3	MA_H1	MA_H2	MA_H3	MA_S1	MA_S2	MA_S3	MMCA	MMCB	MMCC	NANOA	NANOB	NANOC	RIFA	RIFB	RIFC	UV1	UV2	UV3	WT_Msm
Chromosome	64993	C	G	0.027	0.145	0.196	0.219	0.143	0.108	0.125	0.093	0.181	0.108	0.043	0.064	0.0	0.0	0.147	0.114	0.042	0.035	0.037	0.007	0.066	0.034	0.046	0.011	0.074	0.05	0.112	0.105	0.098	0.176	0.118	0.073	0.075	0.028	0.033	0.02	0.071	0.025	0.025	0.034	0.013	0.076	0.075	0.064	0.036	0.013	0.019	0.0	0.046	0.048	0.041	0.007	0.061	0.0	0.012	0.07	0.023	0.035	0.02	0.025	0.03	0.014	0.029	0.008	0.049	0.028	0.009	0.042	0.0	
Chromosome	202859	T	G	0.083	0.26	0.241	0.241	0.266	0.281	0.199	0.275	0.281	0.2	0.196	0.23	0.005	0.051	0.274	0.259	0.214	0.199	0.119	0.11	0.157	0.151	0.094	0.058	0.216	0.256	0.359	0.195	0.268	0.15	0.217	0.226	0.162	0.214	0.104	0.1	0.095	0.139	0.104	0.087	0.097	0.212	0.208	0.194	0.071	0.081	0.095	0.0	0.177	0.09	0.147	0.006	0.184	0.0	0.16	0.145	0.11	0.102	0.108	0.089	0.13	0.089	0.103	0.143	0.131	0.089	0.077	0.063	0.013	
Chromosome	490627	T	G	0.084	0.182	0.102	0.064	0.092	0.154	0.153	0.068	0.102	0.132	0.041	0.057	0.0	0.035	0.065	0.118	0.097	0.092	0.088	0.103	0.122	0.088	0.115	0.11	0.074	0.057	0.085	0.062	0.071	0.094	0.092	0.088	0.123	0.052	0.119	0.063	0.077	0.145	0.073	0.08	0.095	0.071	0.091	0.073	0.066	0.072	0.102	0.0	0.149	0.132	0.092	0.006	0.046	0.0	0.098	0.126	0.123	0.101	0.081	0.071	0.097	0.057	0.083	0.099	0.111	0.089	0.064	0.043	0.0	
Chromosome	499483	A	C	0.018	0.122	0.114	0.105	0.069	0.127	0.085	0.121	0.093	0.097	0.046	0.076	0.0	0.012	0.015	0.079	0.087	0.054	0.046	0.028	0.026	0.039	0.025	0.018	0.081	0.038	0.033	0.022	0.101	0.055	0.09	0.076	0.063	0.078	0.008	0.01	0.029	0.031	0.007	0.018	0.009	0.036	0.094	0.048	0.011	0.016	0.007	0.0	0.038	0.043	0.006	0.006	0.032	0.018	0.027	0.043	0.008	0.004	0.01	0.012	0.022	0.0	0.014	0.01	0.023	0.021	0.003	0.01	0.0	
Chromosome	700161	T	G	0.048	0.17	0.129	0.197	0.187	0.106	0.157	0.124	0.082	0.094	0.076	0.061	0.0	0.021	0.176	0.101	0.068	0.042	0.112	0.132	0.078	0.028	0.049	0.031	0.064	0.036	0.138	0.155	0.122	0.163	0.095	0.096	0.126	0.05	0.063	0.048	0.055	0.052	0.042	0.038	0.035	0.033	0.045	0.12	0.035	0.059	0.035	0.005	0.062	0.079	0.118	0.0	0.025	0.007	0.023	0.077	0.048	0.04	0.052	0.067	0.05	0.025	0.052	0.032	0.095	0.041	0.044	0.058	0.0	
Chromosome	704761	T	G	0.02	0.084	0.101	0.099	0.123	0.107	0.109	0.11	0.126	0.087	0.048	0.061	0.0	0.008	0.107	0.106	0.149	0.063	0.041	0.084	0.082	0.027	0.039	0.021	0.045	0.051	0.104	0.115	0.073	0.063	0.107	0.062	0.083	0.08	0.022	0.032	0.006	0.031	0.019	0.042	0.01	0.04	0.029	0.119	0.032	0.036	0.027	0.0	0.05	0.096	0.07	0.012	0.09	0.0	0.008	0.06	0.033	0.014	0.029	0.033	0.052	0.023	0.024	0.028	0.043	0.034	0.035	0.029	0.007	
Chromosome	706123	T	G	0.145	0.219	0.212	0.236	0.263	0.204	0.225	0.25	0.253	0.205	0.168	0.171	0.005	0.094	0.195	0.196	0.2	0.155	0.187	0.222	0.226	0.158	0.104	0.112	0.173	0.132	0.2	0.212	0.221	0.237	0.163	0.243	0.209	0.172	0.167	0.155	0.149	0.15	0.167	0.092	0.128	0.159	0.108	0.251	0.16	0.141	0.143	0.0	0.209	0.181	0.209	0.006	0.205	0.005	0.114	0.151	0.106	0.158	0.138	0.139	0.15	0.164	0.11	0.167	0.186	0.162	0.134	0.171	0.007	
Chromosome	708677	A	C	0.24	0.3	0.28	0.312	0.305	0.31	0.292	0.217	0.292	0.386	0.356	0.267	0.0	0.152	0.293	0.262	0.33	0.28	0.295	0.306	0.324	0.221	0.237	0.264	0.288	0.254	0.267	0.351	0.324	0.357	0.303	0.27	0.223	0.333	0.181	0.226	0.205	0.189	0.189	0.168	0.228	0.295	0.335	0.222	0.205	0.216	0.184	0.0	0.265	0.255	0.305	0.008	0.295	0.0	0.26	0.239	0.193	0.235	0.22	0.175	0.24	0.18	0.233	0.25	0.206	0.201	0.187	0.215	0.0	
Chromosome	767511	T	G	0.095	0.32	0.345	0.289	0.353	0.321	0.337	0.362	0.321	0.194	0.209	0.141	0.0	0.065	0.303	0.325	0.349	0.169	0.213	0.198	0.199	0.099	0.101	0.124	0.179	0.189	0.188	0.359	0.313	0.327	0.331	0.319	0.183	0.134	0.083	0.116	0.078	0.061	0.104	0.067	0.081	0.139	0.126	0.16	0.102	0.126	0.068	0.005	0.185	0.256	0.209	0.0	0.214	0.0	0.098	0.169	0.105	0.064	0.087	0.089	0.079	0.088	0.134	0.049	0.138	0.087	0.086	0.064	0.0	
Chromosome	1203844	T	G	0.076	0.132	0.151	0.171	0.146	0.12	0.129	0.169	0.203	0.048	0.032	0.056	0.0	0.035	0.183	0.199	0.152	0.074	0.074	0.094	0.111	0.083	0.064	0.07	0.091	0.068	0.134	0.145	0.133	0.108	0.188	0.097	0.139	0.095	0.084	0.059	0.07	0.094	0.081	0.069	0.053	0.061	0.081	0.177	0.079	0.078	0.065	0.0	0.069	0.097	0.078	0.005	0.086	0.006	0.081	0.068	0.063	0.065	0.079	0.074	0.089	0.073	0.041	0.073	0.138	0.068	0.086	0.074	0.0	
Chromosome	1448912	A	C	0.025	0.113	0.098	0.076	0.079	0.067	0.041	0.063	0.094	0.049	0.087	0.061	0.0	0.051	0.085	0.071	0.075	0.07	0.072	0.073	0.096	0.059	0.05	0.045	0.056	0.08	0.08	0.08	0.06	0.067	0.057	0.094	0.056	0.04	0.039	0.058	0.062	0.023	0.024	0.026	0.033	0.059	0.076	0.125	0.032	0.035	0.027	0.0	0.073	0.057	0.05	0.0	0.071	0.0	0.029	0.06	0.011	0.038	0.04	0.041	0.025	0.03	0.04	0.025	0.046	0.041	0.029	0.031	0.0	
Chromosome	1588385	T	A	0.149	0.19	0.18	0.215	0.138	0.238	0.21	0.202	0.188	0.098	0.076	0.098	0.0	0.075	0.161	0.163	0.178	0.103	0.165	0.165	0.209	0.117	0.067	0.124	0.109	0.125	0.116	0.173	0.256	0.191	0.185	0.147	0.168	0.1	0.086	0.069	0.097	0.066	0.169	0.188	0.104	0.097	0.124	0.189	0.181	0.174	0.117	0.0	0.173	0.176	0.139	0.0	0.177	0.0	0.056	0.163	0.186	0.135	0.181	0.155	0.167	0.164	0.091	0.094	0.157	0.161	0.151	0.136	0.0	
Chromosome	1613646	T	G	0.081	0.211	0.118	0.176	0.167	0.172	0.149	0.136	0.113	0.192	0.16	0.147	0.0	0.048	0.123	0.147	0.161	0.129	0.068	0.116	0.024	0.07	0.099	0.086	0.139	0.168	0.099	0.103	0.123	0.114	0.183	0.072	0.113	0.126	0.1	0.101	0.079	0.104	0.064	0.097	0.088	0.153	0.13	0.114	0.083	0.053	0.063	0.005	0.144	0.079	0.095	0.0	0.077	0.005	0.049	0.08	0.044	0.077	0.086	0.058	0.062	0.078	0.088	0.074	0.124	0.09	0.07	0.08	0.0	
Chromosome	1613678	T	A	0.133	0.187	0.161	0.212	0.147	0.149	0.145	0.168	0.179	0.143	0.094	0.12	0.0	0.059	0.108	0.206	0.156	0.108	0.102	0.121	0.096	0.118	0.094	0.098	0.098	0.152	0.17	0.135	0.202	0.208	0.168	0.146	0.202	0.088	0.081	0.094	0.065	0.087	0.12	0.121	0.148	0.083	0.114	0.202	0.142	0.113	0.1	0.0	0.118	0.108	0.171	0.0	0.087	0.0	0.071	0.106	0.133	0.111	0.164	0.123	0.1	0.119	0.066	0.119	0.184	0.136	0.15	0.142	0.0	
Chromosome	1756627	T	G	0.135	0.257	0.2	0.134	0.205	0.272	0.225	0.252	0.211	0.125	0.045	0.109	0.006	0.048	0.225	0.149	0.21	0.097	0.142	0.17	0.136	0.126	0.139	0.101	0.108	0.082	0.211	0.201	0.176	0.201	0.218	0.148	0.152	0.061	0.101	0.099	0.1	0.115	0.094	0.092	0.077	0.099	0.086	0.184	0.128	0.11	0.079	0.005	0.177	0.178	0.104	0.007	0.155	0.006	0.086	0.165	0.108	0.112	0.116	0.105	0.115	0.042	0.083	0.083	0.155	0.104	0.104	0.087	0.0	
Chromosome	1777808	T	G	0.136	0.257	0.379	0.277	0.347	0.309	0.355	0.407	0.326	0.425	0.321	0.291	0.014	0.099	0.308	0.231	0.302	0.225	0.17	0.172	0.188	0.197	0.152	0.117	0.255	0.298	0.209	0.274	0.294	0.347	0.333	0.294	0.256	0.269	0.151	0.161	0.188	0.14	0.151	0.125	0.154	0.254	0.219	0.216	0.156	0.201	0.117	0.0	0.273	0.225	0.242	0.0	0.231	0.0	0.195	0.275	0.143	0.2	0.164	0.162	0.16	0.126	0.166	0.14	0.204	0.128	0.145	0.141	0.0	
Chromosome	1777813	T	G	0.226	0.299	0.314	0.305	0.335	0.327	0.391	0.387	0.38	0.273	0.235	0.207	0.0	0.168	0.269	0.253	0.331	0.182	0.259	0.266	0.28	0.226	0.243	0.179	0.185	0.263	0.25	0.276	0.271	0.349	0.337	0.257	0.249	0.19	0.225	0.237	0.221	0.19	0.269	0.273	0.161	0.161	0.168	0.281	0.23	0.259	0.193	0.004	0.286	0.299	0.278	0.0	0.328	0.005	0.206	0.35	0.223	0.335	0.237	0.232	0.204	0.2	0.237	0.182	0.32	0.224	0.23	0.221	0.006	
Chromosome	1777828	A	C	0.076	0.233	0.268	0.216	0.24	0.206	0.196	0.199	0.147	0.0	0.02	0.039	0.0	0.009	0.136	0.156	0.174	0.017	0.114	0.105	0.102	0.02	0.039	0.025	0.008	0.024	0.1	0.13	0.169	0.254	0.156	0.167	0.171	0.055	0.01	0.034	0.055	0.03	0.085	0.098	0.021	0.015	0.013	0.144	0.109	0.072	0.091	0.0	0.113	0.133	0.137	0.005	0.148	0.005	0.044	0.163	0.112	0.097	0.081	0.11	0.083	0.081	0.062	0.037	0.115	0.104	0.102	0.065	0.0	
Chromosome	2195144	T	G	0.142	0.233	0.247	0.229	0.25	0.221	0.208	0.22	0.191	0.147	0.07	0.083	0.0	0.092	0.217	0.177	0.189	0.099	0.226	0.268	0.225	0.162	0.072	0.084	0.129	0.1	0.244	0.254	0.201	0.19	0.203	0.194	0.234	0.093	0.124	0.058	0.129	0.163	0.164	0.174	0.063	0.107	0.083	0.205	0.161	0.17	0.181	0.0	0.202	0.254	0.218	0.006	0.251	0.006	0.068	0.187	0.164	0.145	0.177	0.171	0.199	0.159	0.15	0.156	0.186	0.196	0.16	0.124	0.0	
Chromosome	2263316	T	G	0.088	0.085	0.131	0.09	0.062	0.087	0.054	0.123	0.063	0.103	0.078	0.087	0.0	0.093	0.028	0.103	0.082	0.106	0.114	0.091	0.111	0.11	0.083	0.088	0.084	0.071	0.076	0.099	0.077	0.1	0.088	0.088	0.099	0.078	0.077	0.093	0.102	0.128	0.084	0.069	0.084	0.106	0.071	0.075	0.04	0.075	0.051	0.0	0.052	0.107	0.094	0.007	0.145	0.0	0.103	0.087	0.073	0.1	0.06	0.076	0.1	0.055	0.099	0.081	0.092	0.068	0.057	0.066	0.012	
Chromosome	2355770	A	G	0.115	0.134	0.413	0.191	0.0	0.0	0.0	0.158	0.0	0.0	0.0	0.0	0.0	0.0	0.0	0.0	0.404	0.0	0.0	0.0	0.0	0.0	0.0	0.0	0.0	0.0	0.19	0.0	0.0	0.0	0.091	0.308	0.0	0.0	0.0	0.0	0.0	0.0	0.003	0.0	0.0	0.0	0.0	0.0	0.0	0.0	0.0	0.0	0.0	0.0	0.0	0.013	0.0	0.0	0.0	0.0	0.0	0.0	0.0	0.0	0.0	0.0	0.136	0.0	0.0	0.0	0.0	0.0	0.0	
Chromosome	2425088	A	C	0.059	0.172	0.123	0.1	0.101	0.142	0.127	0.168	0.09	0.138	0.076	0.114	0.008	0.064	0.103	0.118	0.113	0.071	0.115	0.094	0.122	0.084	0.074	0.096	0.145	0.15	0.202	0.104	0.09	0.088	0.099	0.127	0.127	0.091	0.1	0.094	0.092	0.107	0.061	0.082	0.057	0.082	0.105	0.126	0.062	0.067	0.083	0.0	0.094	0.074	0.066	0.0	0.082	0.007	0.101	0.083	0.067	0.067	0.062	0.071	0.07	0.06	0.061	0.086	0.085	0.057	0.06	0.048	0.008	
Chromosome	2717702	C	T	0.0	0.198	0.0	0.0	0.0	0.0	0.0	0.0	0.0	0.0	0.0	0.0	0.0	0.0	0.0	0.008	0.0	0.0	0.0	0.0	0.0	0.0	0.0	0.0	0.0	0.0	0.0	0.0	0.0	0.0	0.0	0.0	0.0	0.0	0.0	0.0	0.0	0.0	0.0	0.0	0.0	0.006	0.0	0.0	0.003	0.0	0.0	0.0	0.0	0.0	0.0	0.0	0.0	0.0	0.0	0.0	0.0	0.0	0.0	0.0	0.002	0.0	0.0	0.0	0.0	0.0	0.002	0.0	0.0	
Chromosome	2798424	A	C	0.102	0.292	0.258	0.257	0.276	0.262	0.262	0.275	0.269	0.295	0.24	0.189	0.006	0.044	0.15	0.145	0.225	0.234	0.195	0.182	0.181	0.159	0.146	0.149	0.211	0.256	0.192	0.213	0.25	0.232	0.263	0.227	0.273	0.179	0.182	0.12	0.15	0.178	0.111	0.124	0.057	0.129	0.237	0.23	0.121	0.131	0.124	0.0	0.181	0.206	0.216	0.0	0.19	0.006	0.113	0.17	0.119	0.089	0.129	0.143	0.116	0.085	0.113	0.171	0.16	0.142	0.13	0.058	0.009	
Chromosome	3092769	T	TGG	0.0	0.0	0.021	0.0	0.0	0.0	0.02	0.0	0.019	0.0	0.0	0.0	0.0	0.0	0.0	0.0	0.0	0.0	0.0	0.0	0.0	0.0	0.0	0.0	0.0	0.0	0.0	0.0	0.014	0.0	0.0	0.0	0.0	0.0	0.0	0.0	0.0	0.0	0.0	0.0	0.0	0.0	0.01	0.0	0.0	0.0	0.0	0.0	0.0	0.0	0.0	0.0	0.0	0.0	0.0	0.022	0.0	0.0	0.0	0.0	0.0	0.0	0.0	0.0	0.0	0.0	0.0	0.0	0.0	
Chromosome	3092770	C	G	0.145	0.12	0.229	0.098	0.163	0.097	0.098	0.194	0.143	0.045	0.078	0.073	0.0	0.0	0.125	0.125	0.087	0.026	0.139	0.192	0.156	0.007	0.023	0.0	0.089	0.043	0.118	0.152	0.159	0.14	0.128	0.119	0.114	0.112	0.033	0.0	0.007	0.029	0.15	0.126	0.007	0.099	0.067	0.143	0.122	0.142	0.181	0.0	0.159	0.122	0.176	0.008	0.145	0.0	0.034	0.185	0.108	0.137	0.11	0.161	0.091	0.142	0.022	0.0	0.144	0.105	0.153	0.109	0.0	
Chromosome	3123426	T	G	0.146	0.248	0.169	0.377	0.25	0.245	0.33	0.227	0.246	0.348	0.246	0.188	0.0	0.126	0.244	0.243	0.258	0.263	0.228	0.21	0.237	0.243	0.218	0.161	0.27	0.245	0.343	0.197	0.273	0.209	0.254	0.204	0.286	0.241	0.283	0.173	0.237	0.205	0.135	0.095	0.131	0.256	0.257	0.206	0.154	0.163	0.142	0.006	0.287	0.24	0.205	0.0	0.195	0.007	0.176	0.237	0.155	0.113	0.163	0.189	0.178	0.115	0.226	0.19	0.214	0.123	0.119	0.135	0.0	
Chromosome	3523310	T	G	0.044	0.144	0.12	0.094	0.129	0.094	0.113	0.05	0.105	0.064	0.08	0.091	0.006	0.084	0.119	0.1	0.109	0.094	0.099	0.079	0.074	0.125	0.11	0.123	0.099	0.109	0.173	0.088	0.065	0.081	0.087	0.12	0.135	0.121	0.082	0.09	0.106	0.124	0.074	0.091	0.08	0.107	0.082	0.084	0.091	0.08	0.055	0.0	0.097	0.124	0.087	0.013	0.084	0.012	0.111	0.078	0.082	0.094	0.067	0.077	0.068	0.054	0.095	0.104	0.097	0.054	0.06	0.066	0.0	
Chromosome	3847886	T	A	0.206	0.236	0.183	0.256	0.22	0.195	0.187	0.223	0.237	0.408	0.286	0.291	0.0	0.167	0.214	0.246	0.165	0.36	0.279	0.2	0.241	0.186	0.171	0.147	0.297	0.26	0.225	0.3	0.203	0.205	0.235	0.234	0.259	0.333	0.253	0.227	0.134	0.206	0.159	0.258	0.204	0.267	0.251	0.258	0.24	0.2	0.207	0.0	0.243	0.263	0.259	0.0	0.274	0.0	0.238	0.245	0.229	0.269	0.219	0.274	0.253	0.219	0.169	0.238	0.27	0.242	0.245	0.224	0.0	
Chromosome	4105906	G	T	0.0	0.191	0.0	0.213	0.0	0.0	0.0	0.0	0.0	0.0	0.0	0.0	0.0	0.0	0.009	0.0	0.0	0.005	0.0	0.0	0.0	0.0	0.0	0.0	0.0	0.0	0.0	0.0	0.008	0.0	0.0	0.008	0.0	0.0	0.0	0.005	0.0	0.0	0.0	0.0	0.0	0.0	0.0	0.0	0.003	0.0	0.0	0.0	0.0	0.0	0.0	0.0	0.0	0.0	0.0	0.0	0.0	0.0	0.0	0.0	0.0	0.0	0.0	0.0	0.0	0.0	0.0	0.003	0.0	
Chromosome	4214560	C	A	0.452	0.431	0.453	0.479	0.42	0.509	0.468	0.49	0.472	0.509	0.462	0.494	0.408	0.533	0.441	0.444	0.525	0.503	0.477	0.478	0.474	0.465	0.518	0.466	0.465	0.544	0.5	0.53	0.506	0.48	0.485	0.401	0.533	0.478	0.449	0.475	0.494	0.517	0.494	0.476	0.515	0.485	0.48	0.481	0.502	0.45	0.481	0.463	0.458	0.491	0.505	0.538	0.511	0.524	0.498	0.496	0.478	0.497	0.486	0.494	0.506	0.43	0.49	0.489	0.515	0.442	0.432	0.326	0.498	
Chromosome	4214739	G	GT	0.34	0.331	0.371	0.301	0.321	0.371	0.324	0.352	0.367	0.535	0.391	0.331	0.26	0.395	0.304	0.332	0.352	0.324	0.364	0.304	0.32	0.338	0.351	0.336	0.368	0.472	0.392	0.342	0.38	0.312	0.339	0.353	0.34	0.358	0.313	0.303	0.316	0.331	0.332	0.321	0.353	0.327	0.388	0.339	0.358	0.305	0.333	0.327	0.332	0.362	0.287	0.317	0.332	0.357	0.306	0.309	0.32	0.334	0.355	0.338	0.314	0.329	0.36	0.327	0.316	0.303	0.304	0.266	0.329	
Chromosome	4254144	G	T	0.0	0.284	0.0	0.0	0.0	0.015	0.0	0.0	0.0	0.0	0.0	0.0	0.0	0.007	0.0	0.0	0.0	0.0	0.005	0.0	0.0	0.0	0.0	0.0	0.0	0.0	0.0	0.0	0.0	0.0	0.0	0.0	0.0	0.0	0.0	0.0	0.004	0.0	0.0	0.0	0.0	0.0	0.0	0.005	0.0	0.0	0.0	0.005	0.0	0.0	0.0	0.005	0.0	0.0	0.0	0.0	0.0	0.0	0.0	0.0	0.0	0.0	0.0	0.0	0.0	0.0	0.002	0.0	0.0	
Chromosome	4305867	T	G	0.11	0.159	0.205	0.221	0.198	0.237	0.17	0.239	0.218	0.154	0.169	0.12	0.0	0.039	0.192	0.198	0.168	0.134	0.163	0.163	0.09	0.059	0.1	0.075	0.113	0.139	0.22	0.164	0.161	0.175	0.176	0.223	0.236	0.134	0.094	0.114	0.114	0.069	0.082	0.097	0.074	0.157	0.178	0.157	0.076	0.092	0.08	0.006	0.155	0.188	0.125	0.015	0.153	0.0	0.122	0.193	0.19	0.087	0.101	0.088	0.109	0.087	0.115	0.091	0.132	0.064	0.082	0.06	0.0	
Chromosome	4449597	A	C	0.114	0.226	0.274	0.262	0.278	0.237	0.2	0.308	0.27	0.1	0.108	0.149	0.005	0.033	0.203	0.227	0.218	0.103	0.154	0.189	0.195	0.11	0.104	0.106	0.121	0.145	0.123	0.24	0.218	0.256	0.19	0.206	0.252	0.126	0.103	0.115	0.123	0.093	0.201	0.168	0.066	0.124	0.154	0.241	0.158	0.154	0.15	0.0	0.197	0.182	0.208	0.0	0.241	0.0	0.062	0.188	0.188	0.131	0.162	0.182	0.165	0.116	0.121	0.098	0.235	0.179	0.162	0.129	0.007	
Chromosome	4537113	T	G	0.087	0.212	0.244	0.193	0.208	0.259	0.175	0.238	0.232	0.325	0.149	0.133	0.0	0.08	0.151	0.13	0.183	0.202	0.147	0.116	0.148	0.066	0.119	0.123	0.168	0.157	0.143	0.216	0.176	0.207	0.157	0.192	0.203	0.205	0.123	0.1	0.13	0.101	0.088	0.096	0.07	0.188	0.14	0.149	0.082	0.089	0.051	0.005	0.136	0.144	0.159	0.007	0.099	0.0	0.121	0.181	0.112	0.086	0.1	0.072	0.127	0.072	0.09	0.165	0.131	0.081	0.081	0.066	0.0	
Chromosome	4537125	A	C	0.082	0.194	0.275	0.191	0.172	0.194	0.214	0.208	0.228	0.097	0.1	0.077	0.0	0.035	0.176	0.134	0.145	0.126	0.125	0.171	0.101	0.07	0.075	0.075	0.107	0.097	0.126	0.153	0.158	0.178	0.146	0.224	0.208	0.109	0.118	0.089	0.092	0.079	0.073	0.085	0.056	0.076	0.025	0.2	0.084	0.116	0.083	0.0	0.104	0.12	0.138	0.007	0.127	0.0	0.03	0.159	0.071	0.071	0.09	0.075	0.104	0.057	0.035	0.124	0.07	0.08	0.105	0.085	0.008	
Chromosome	4537134	A	C	0.071	0.152	0.213	0.106	0.133	0.194	0.16	0.196	0.173	0.071	0.063	0.071	0.007	0.016	0.168	0.109	0.161	0.053	0.127	0.074	0.085	0.059	0.032	0.039	0.034	0.033	0.09	0.197	0.103	0.112	0.172	0.188	0.12	0.056	0.073	0.047	0.016	0.066	0.062	0.083	0.058	0.05	0.044	0.197	0.062	0.075	0.065	0.005	0.089	0.105	0.124	0.0	0.13	0.0	0.032	0.142	0.09	0.083	0.079	0.072	0.077	0.062	0.054	0.112	0.106	0.05	0.051	0.069	0.0	
Chromosome	4724246	A	C	0.306	0.386	0.398	0.367	0.33	0.206	0.277	0.389	0.23	0.233	0.248	0.219	0.0	0.171	0.299	0.304	0.243	0.243	0.289	0.344	0.258	0.223	0.244	0.235	0.284	0.262	0.278	0.311	0.315	0.245	0.342	0.275	0.318	0.268	0.261	0.269	0.232	0.23	0.31	0.277	0.203	0.22	0.297	0.348	0.235	0.269	0.275	0.0	0.272	0.29	0.267	0.0	0.327	0.006	0.157	0.354	0.294	0.358	0.288	0.281	0.263	0.26	0.281	0.251	0.312	0.275	0.296	0.192	0.0	
Chromosome	4724247	T	A	0.238	0.17	0.255	0.165	0.105	0.073	0.18	0.158	0.119	0.0	0.016	0.11	0.0	0.076	0.138	0.219	0.137	0.075	0.154	0.193	0.152	0.089	0.077	0.089	0.08	0.026	0.125	0.184	0.183	0.117	0.145	0.142	0.126	0.061	0.089	0.124	0.067	0.059	0.232	0.189	0.09	0.066	0.079	0.156	0.157	0.167	0.166	0.0	0.13	0.08	0.163	0.0	0.184	0.0	0.057	0.167	0.204	0.181	0.238	0.187	0.161	0.194	0.138	0.082	0.182	0.17	0.256	0.161	0.0	
Chromosome	4806662	G	A	0.0	0.238	0.0	0.231	0.0	0.0	0.0	0.0	0.0	0.0	0.0	0.0	0.0	0.0	0.0	0.0	0.0	0.0	0.0	0.0	0.0	0.0	0.0	0.0	0.0	0.0	0.0	0.0	0.0	0.0	0.0	0.0	0.0	0.0	0.0	0.0	0.0	0.0	0.0	0.0	0.0	0.0	0.0	0.0	0.0	0.0	0.0	0.0	0.0	0.0	0.0	0.0	0.0	0.0	0.0	0.0	0.0	0.0	0.0	0.0	0.0	0.0	0.0	0.0	0.0	0.0	0.0	0.0	0.0	
Chromosome	4942828	T	C	0.0	0.194	0.0	0.0	0.006	0.0	0.0	0.0	0.0	0.0	0.0	0.0	0.005	0.0	0.0	0.0	0.0	0.0	0.005	0.0	0.0	0.0	0.0	0.0	0.0	0.0	0.0	0.0	0.0	0.0	0.0	0.0	0.0	0.0	0.0	0.0	0.0	0.0	0.0	0.0	0.0	0.0	0.0	0.0	0.0	0.0	0.0	0.0	0.0	0.0	0.0	0.0	0.0	0.005	0.0	0.0	0.0	0.003	0.0	0.0	0.0	0.0	0.0	0.0	0.0	0.0	0.0	0.0	0.0	
Chromosome	4987024	A	C	0.1	0.162	0.142	0.168	0.206	0.138	0.103	0.214	0.262	0.125	0.138	0.135	0.0	0.072	0.16	0.167	0.115	0.208	0.107	0.093	0.142	0.058	0.081	0.074	0.128	0.148	0.221	0.16	0.151	0.195	0.129	0.154	0.144	0.171	0.067	0.078	0.069	0.056	0.069	0.064	0.065	0.181	0.166	0.155	0.098	0.064	0.068	0.0	0.115	0.076	0.133	0.0	0.113	0.0	0.085	0.136	0.07	0.039	0.068	0.053	0.062	0.051	0.078	0.063	0.106	0.053	0.058	0.052	0.007	
Chromosome	5292499	A	C	0.056	0.178	0.257	0.2	0.219	0.203	0.189	0.264	0.254	0.114	0.153	0.146	0.006	0.023	0.169	0.15	0.147	0.134	0.114	0.078	0.137	0.093	0.073	0.068	0.115	0.078	0.172	0.18	0.186	0.16	0.196	0.095	0.153	0.117	0.073	0.07	0.062	0.04	0.037	0.075	0.061	0.117	0.124	0.213	0.053	0.092	0.077	0.0	0.11	0.125	0.126	0.0	0.099	0.005	0.057	0.069	0.06	0.075	0.077	0.09	0.09	0.051	0.078	0.041	0.093	0.088	0.054	0.041	0.0	
Chromosome	5359307	A	C	0.12	0.25	0.301	0.293	0.333	0.247	0.211	0.302	0.34	0.093	0.115	0.121	0.0	0.051	0.295	0.265	0.266	0.089	0.15	0.182	0.175	0.149	0.141	0.12	0.105	0.148	0.242	0.268	0.265	0.267	0.25	0.301	0.241	0.127	0.13	0.121	0.099	0.113	0.131	0.147	0.071	0.127	0.142	0.215	0.163	0.119	0.131	0.005	0.205	0.227	0.258	0.0	0.231	0.005	0.142	0.197	0.145	0.132	0.149	0.134	0.144	0.091	0.115	0.132	0.16	0.144	0.123	0.108	0.0	
Chromosome	5521106	A	C	0.049	0.176	0.195	0.212	0.2	0.144	0.163	0.19	0.204	0.057	0.145	0.105	0.004	0.036	0.13	0.189	0.122	0.146	0.126	0.139	0.124	0.078	0.068	0.053	0.158	0.144	0.132	0.13	0.162	0.131	0.142	0.173	0.123	0.136	0.086	0.057	0.058	0.071	0.068	0.08	0.056	0.139	0.127	0.163	0.058	0.081	0.051	0.0	0.078	0.071	0.133	0.0	0.138	0.006	0.121	0.11	0.059	0.059	0.072	0.053	0.072	0.077	0.109	0.093	0.082	0.077	0.051	0.078	0.0	
Chromosome	5521109	A	C	0.077	0.179	0.18	0.167	0.189	0.174	0.131	0.214	0.155	0.121	0.139	0.156	0.0	0.03	0.151	0.144	0.111	0.146	0.139	0.135	0.081	0.082	0.05	0.068	0.157	0.189	0.169	0.147	0.154	0.19	0.153	0.109	0.133	0.135	0.095	0.119	0.06	0.066	0.06	0.076	0.053	0.133	0.113	0.109	0.09	0.058	0.05	0.0	0.091	0.134	0.139	0.011	0.178	0.0	0.094	0.114	0.04	0.042	0.075	0.076	0.052	0.096	0.112	0.075	0.087	0.063	0.062	0.057	0.006	
Chromosome	5521116	T	G	0.017	0.09	0.129	0.126	0.127	0.086	0.072	0.141	0.101	0.057	0.107	0.065	0.0	0.01	0.092	0.136	0.073	0.093	0.095	0.076	0.078	0.019	0.022	0.018	0.043	0.065	0.059	0.11	0.12	0.123	0.125	0.081	0.046	0.055	0.016	0.042	0.028	0.04	0.003	0.03	0.031	0.087	0.059	0.066	0.033	0.041	0.049	0.0	0.059	0.052	0.105	0.005	0.109	0.0	0.029	0.067	0.041	0.037	0.026	0.039	0.03	0.032	0.029	0.026	0.045	0.025	0.013	0.036	0.006	
Chromosome	5723895	T	G	0.039	0.112	0.144	0.083	0.135	0.083	0.096	0.117	0.116	0.091	0.056	0.07	0.0	0.016	0.068	0.093	0.086	0.067	0.035	0.033	0.045	0.024	0.033	0.033	0.044	0.075	0.11	0.122	0.096	0.077	0.113	0.118	0.099	0.097	0.023	0.047	0.051	0.042	0.03	0.03	0.021	0.067	0.084	0.114	0.04	0.037	0.016	0.0	0.075	0.04	0.06	0.005	0.088	0.0	0.045	0.095	0.03	0.042	0.028	0.034	0.048	0.044	0.044	0.034	0.02	0.036	0.018	0.038	0.015	
Chromosome	5730202	T	G	0.034	0.16	0.162	0.136	0.131	0.131	0.083	0.145	0.138	0.033	0.09	0.055	0.005	0.018	0.139	0.081	0.127	0.09	0.06	0.083	0.056	0.072	0.025	0.049	0.058	0.044	0.08	0.114	0.08	0.118	0.167	0.152	0.076	0.089	0.042	0.073	0.062	0.058	0.053	0.042	0.024	0.034	0.061	0.066	0.019	0.04	0.044	0.022	0.117	0.063	0.093	0.0	0.092	0.006	0.079	0.069	0.053	0.048	0.037	0.028	0.028	0.04	0.047	0.045	0.06	0.028	0.044	0.027	0.0	
Chromosome	5815219	A	C	0.067	0.111	0.089	0.103	0.113	0.108	0.092	0.064	0.077	0.097	0.028	0.036	0.0	0.064	0.057	0.058	0.078	0.046	0.066	0.117	0.071	0.067	0.047	0.094	0.1	0.132	0.092	0.035	0.033	0.055	0.067	0.08	0.067	0.064	0.07	0.059	0.085	0.041	0.052	0.036	0.071	0.092	0.071	0.076	0.057	0.065	0.034	0.005	0.052	0.084	0.071	0.0	0.085	0.0	0.088	0.068	0.037	0.054	0.054	0.044	0.059	0.047	0.097	0.058	0.061	0.063	0.032	0.039	0.0	
Chromosome	5845723	A	C	0.045	0.127	0.058	0.1	0.04	0.048	0.058	0.026	0.092	0.0	0.031	0.051	0.0	0.03	0.052	0.051	0.053	0.042	0.075	0.047	0.05	0.053	0.07	0.087	0.053	0.029	0.076	0.086	0.059	0.075	0.087	0.014	0.056	0.062	0.071	0.082	0.085	0.092	0.042	0.044	0.039	0.061	0.106	0.086	0.065	0.033	0.058	0.0	0.056	0.028	0.053	0.0	0.032	0.005	0.059	0.042	0.044	0.041	0.042	0.041	0.048	0.049	0.077	0.041	0.075	0.069	0.042	0.029	0.006	
Chromosome	5868858	T	G	0.06	0.153	0.122	0.117	0.165	0.12	0.101	0.089	0.126	0.118	0.091	0.079	0.0	0.012	0.073	0.103	0.072	0.11	0.129	0.123	0.04	0.06	0.047	0.055	0.064	0.087	0.136	0.132	0.141	0.104	0.107	0.084	0.138	0.123	0.063	0.036	0.072	0.059	0.045	0.04	0.031	0.081	0.093	0.063	0.052	0.042	0.041	0.004	0.095	0.106	0.094	0.005	0.116	0.0	0.087	0.12	0.04	0.048	0.077	0.055	0.055	0.022	0.077	0.078	0.062	0.09	0.057	0.041	0.0	
Chromosome	5939320	T	G	0.13	0.258	0.238	0.256	0.282	0.267	0.221	0.256	0.246	0.163	0.137	0.139	0.0	0.047	0.221	0.192	0.246	0.157	0.178	0.21	0.187	0.179	0.155	0.148	0.159	0.106	0.252	0.262	0.273	0.221	0.245	0.23	0.234	0.155	0.134	0.145	0.122	0.11	0.137	0.132	0.077	0.106	0.153	0.19	0.148	0.139	0.122	0.0	0.177	0.216	0.167	0.0	0.216	0.0	0.156	0.201	0.121	0.145	0.154	0.108	0.177	0.119	0.104	0.112	0.158	0.131	0.159	0.092	0.0	
Chromosome	6075172	A	C	0.13	0.314	0.188	0.24	0.219	0.222	0.26	0.152	0.232	0.341	0.333	0.328	0.006	0.133	0.18	0.25	0.229	0.3	0.239	0.237	0.211	0.198	0.181	0.189	0.258	0.344	0.211	0.317	0.211	0.241	0.17	0.197	0.258	0.253	0.241	0.213	0.235	0.195	0.18	0.16	0.2	0.299	0.322	0.286	0.152	0.187	0.184	0.006	0.285	0.252	0.289	0.0	0.254	0.007	0.296	0.24	0.184	0.16	0.143	0.155	0.168	0.176	0.206	0.226	0.167	0.176	0.148	0.163	0.0	
Chromosome	6111322	A	C	0.023	0.196	0.233	0.15	0.156	0.196	0.124	0.226	0.22	0.028	0.032	0.032	0.0	0.011	0.114	0.179	0.163	0.035	0.05	0.036	0.041	0.055	0.025	0.016	0.022	0.017	0.092	0.123	0.128	0.164	0.13	0.202	0.055	0.035	0.021	0.009	0.023	0.035	0.013	0.031	0.011	0.033	0.041	0.038	0.006	0.024	0.018	0.0	0.027	0.034	0.045	0.0	0.039	0.0	0.036	0.021	0.011	0.019	0.006	0.019	0.02	0.017	0.032	0.035	0.06	0.017	0.029	0.017	0.0	
Chromosome	6416078	C	G	0.042	0.071	0.056	0.029	0.062	0.028	0.031	0.076	0.028	0.0	0.01	0.009	0.042	0.0	0.036	0.076	0.057	0.0	0.03	0.036	0.029	0.01	0.01	0.017	0.0	0.01	0.057	0.057	0.05	0.031	0.038	0.04	0.06	0.032	0.012	0.014	0.022	0.013	0.044	0.036	0.015	0.021	0.011	0.005	0.042	0.044	0.062	0.046	0.017	0.011	0.041	0.044	0.029	0.036	0.005	0.023	0.03	0.017	0.041	0.042	0.038	0.046	0.021	0.005	0.033	0.049	0.046	0.039	0.012	
Chromosome	6458276	T	G	0.134	0.135	0.134	0.165	0.195	0.145	0.179	0.197	0.138	0.026	0.106	0.125	0.0	0.135	0.17	0.152	0.155	0.139	0.152	0.154	0.131	0.119	0.164	0.163	0.152	0.081	0.123	0.133	0.088	0.157	0.154	0.132	0.136	0.123	0.148	0.145	0.118	0.147	0.113	0.143	0.093	0.174	0.168	0.144	0.155	0.125	0.07	0.0	0.131	0.146	0.176	0.005	0.155	0.0	0.107	0.149	0.11	0.117	0.096	0.105	0.119	0.112	0.127	0.101	0.114	0.103	0.122	0.066	0.0	
Chromosome	6908542	G	T	0.0	0.149	0.0	0.0	0.0	0.0	0.0	0.0	0.0	0.0	0.0	0.0	0.0	0.0	0.0	0.006	0.0	0.0	0.0	0.0	0.0	0.0	0.0	0.0	0.0	0.0	0.0	0.0	0.0	0.0	0.0	0.01	0.004	0.0	0.0	0.0	0.0	0.0	0.0	0.0	0.0	0.0	0.0	0.0	0.0	0.0	0.0	0.004	0.004	0.0	0.0	0.005	0.0	0.0	0.0	0.0	0.0	0.0	0.0	0.0	0.0	0.0	0.0	0.0	0.0	0.0	0.0	0.0	0.0	
Chromosome	6923330	T	G	0.29	0.339	0.411	0.474	0.417	0.493	0.376	0.471	0.507	0.588	0.413	0.437	0.0	0.253	0.352	0.347	0.411	0.365	0.397	0.421	0.319	0.333	0.374	0.324	0.472	0.587	0.472	0.467	0.396	0.397	0.383	0.427	0.39	0.423	0.307	0.372	0.351	0.382	0.258	0.264	0.271	0.46	0.412	0.466	0.31	0.292	0.261	0.0	0.392	0.372	0.322	0.0	0.42	0.006	0.265	0.283	0.261	0.294	0.261	0.261	0.3	0.279	0.36	0.294	0.352	0.236	0.273	0.232	0.014	
