chromosome	pos	ref	mut	APAW	MockJ	MockA	MockB	MockC	MockD	MockE	MockF	MockG	MockH	MockI	MockK	MockL	Ana1	BedA	BedB	BedC	BedD	CipA	CipB	CipC	CLFA	CLFB	CLFC	CombA2	CombA3	CombA	CombAu1	CombAu3	CombAu5	CombB	CombC	CycloA	CycloB	CycloC	EMBA	EMBB	EMBC	INH1	INH2	INHA	LzdA	LzdB	LzdC	M91	M92	M9B	MA_F1	MA_F2	MA_F3	MA_H1	MA_H2	MA_H3	MA_S1	MA_S2	MA_S3	MMCA	MMCB	MMCC	NANOA	NANOB	NANOC	RIFA	RIFB	RIFC	UV1	UV2	UV3	WT_Msm
Chromosome	421	G	A	0.0	0.117	0.0	0.0	0.0	0.0	0.0	0.0	0.0	0.0	0.0	0.0	0.005	0.0	0.0	0.0	0.007	0.0	0.0	0.0	0.0	0.0	0.0	0.0	0.0	0.0	0.0	0.0	0.0	0.0	0.0	0.0	0.0	0.0	0.0	0.0	0.0	0.0	0.0	0.0	0.0	0.0	0.0	0.0	0.0	0.0	0.0	0.0	0.0	0.0	0.0	0.0	0.0	0.0	0.0	0.0	0.0	0.0	0.0	0.0	0.0	0.0	0.0	0.0	0.004	0.0	0.0	0.0	0.0	
Chromosome	57142	G	C	0.099	0.251	0.232	0.244	0.23	0.201	0.228	0.185	0.162	0.203	0.217	0.219	0.005	0.042	0.213	0.226	0.176	0.179	0.145	0.155	0.174	0.121	0.121	0.096	0.223	0.281	0.202	0.208	0.214	0.229	0.23	0.19	0.196	0.208	0.113	0.118	0.125	0.137	0.099	0.103	0.075	0.281	0.243	0.222	0.129	0.083	0.08	0.0	0.162	0.132	0.144	0.0	0.162	0.0	0.161	0.113	0.097	0.102	0.102	0.073	0.097	0.067	0.091	0.107	0.181	0.116	0.117	0.093	0.0	
Chromosome	64992	T	G	0.148	0.261	0.349	0.34	0.421	0.366	0.394	0.373	0.364	0.368	0.222	0.27	0.006	0.15	0.294	0.305	0.25	0.251	0.171	0.238	0.23	0.174	0.157	0.208	0.27	0.26	0.276	0.337	0.376	0.369	0.325	0.306	0.257	0.188	0.17	0.184	0.168	0.178	0.136	0.128	0.12	0.298	0.246	0.302	0.176	0.125	0.14	0.028	0.22	0.283	0.287	0.022	0.29	0.015	0.195	0.228	0.193	0.177	0.154	0.189	0.15	0.113	0.23	0.221	0.22	0.121	0.148	0.162	0.067	
Chromosome	65001	A	C	0.148	0.272	0.345	0.429	0.337	0.325	0.398	0.336	0.387	0.371	0.324	0.256	0.0	0.099	0.358	0.298	0.298	0.303	0.251	0.247	0.336	0.211	0.201	0.171	0.294	0.235	0.371	0.396	0.439	0.471	0.317	0.361	0.23	0.254	0.219	0.232	0.221	0.235	0.163	0.164	0.131	0.226	0.254	0.251	0.248	0.182	0.174	0.0	0.255	0.25	0.265	0.007	0.304	0.0	0.172	0.219	0.208	0.158	0.185	0.119	0.196	0.172	0.242	0.174	0.21	0.17	0.17	0.152	0.0	
Chromosome	202859	T	G	0.083	0.196	0.26	0.241	0.241	0.266	0.281	0.199	0.275	0.281	0.2	0.23	0.005	0.051	0.274	0.259	0.214	0.199	0.119	0.11	0.157	0.151	0.094	0.058	0.216	0.256	0.359	0.195	0.268	0.15	0.217	0.226	0.162	0.214	0.104	0.1	0.095	0.139	0.104	0.087	0.097	0.212	0.208	0.194	0.071	0.081	0.095	0.0	0.177	0.09	0.147	0.006	0.184	0.0	0.16	0.145	0.11	0.102	0.108	0.089	0.13	0.089	0.103	0.143	0.131	0.089	0.077	0.063	0.013	
Chromosome	240242	T	A	0.107	0.118	0.151	0.082	0.135	0.127	0.173	0.137	0.161	0.175	0.094	0.097	0.0	0.061	0.166	0.16	0.154	0.124	0.173	0.111	0.102	0.057	0.037	0.086	0.132	0.11	0.105	0.149	0.109	0.152	0.162	0.137	0.076	0.087	0.066	0.073	0.055	0.059	0.079	0.098	0.061	0.098	0.149	0.15	0.093	0.086	0.11	0.0	0.102	0.072	0.12	0.0	0.143	0.0	0.057	0.098	0.107	0.104	0.098	0.105	0.12	0.09	0.05	0.049	0.127	0.106	0.12	0.129	0.0	
Chromosome	240244	A	C	0.044	0.157	0.169	0.096	0.102	0.108	0.159	0.106	0.151	0.123	0.139	0.096	0.0	0.018	0.138	0.084	0.12	0.112	0.093	0.076	0.065	0.041	0.045	0.029	0.168	0.11	0.079	0.121	0.117	0.144	0.109	0.14	0.151	0.12	0.048	0.07	0.043	0.038	0.024	0.033	0.061	0.127	0.122	0.087	0.045	0.037	0.03	0.0	0.058	0.069	0.107	0.0	0.083	0.005	0.088	0.083	0.032	0.044	0.042	0.047	0.042	0.044	0.041	0.056	0.064	0.039	0.041	0.052	0.006	
Chromosome	247000	T	G	0.044	0.133	0.073	0.212	0.196	0.126	0.177	0.147	0.111	0.125	0.135	0.067	0.0	0.0	0.145	0.172	0.192	0.105	0.095	0.09	0.087	0.07	0.047	0.064	0.083	0.109	0.14	0.149	0.18	0.139	0.133	0.167	0.103	0.095	0.049	0.048	0.068	0.04	0.064	0.062	0.042	0.055	0.102	0.105	0.036	0.094	0.062	0.0	0.087	0.153	0.12	0.0	0.11	0.0	0.051	0.102	0.086	0.064	0.033	0.058	0.061	0.043	0.055	0.037	0.103	0.038	0.057	0.067	0.0	
Chromosome	247015	T	G	0.066	0.104	0.11	0.147	0.163	0.097	0.146	0.105	0.12	0.125	0.171	0.069	0.005	0.049	0.137	0.198	0.136	0.052	0.087	0.08	0.071	0.032	0.027	0.027	0.089	0.047	0.133	0.132	0.119	0.123	0.118	0.114	0.105	0.038	0.055	0.03	0.025	0.03	0.036	0.073	0.036	0.051	0.019	0.132	0.03	0.058	0.067	0.0	0.107	0.107	0.106	0.0	0.08	0.006	0.053	0.087	0.065	0.064	0.053	0.064	0.075	0.045	0.047	0.014	0.082	0.054	0.057	0.05	0.0	
Chromosome	249685	T	G	0.142	0.255	0.357	0.331	0.375	0.236	0.362	0.324	0.324	0.435	0.344	0.217	0.0	0.141	0.373	0.327	0.294	0.225	0.256	0.203	0.226	0.188	0.19	0.165	0.264	0.302	0.259	0.252	0.416	0.333	0.319	0.35	0.219	0.204	0.211	0.199	0.234	0.165	0.121	0.144	0.089	0.276	0.245	0.207	0.155	0.146	0.125	0.0	0.23	0.227	0.235	0.0	0.19	0.029	0.196	0.23	0.139	0.123	0.12	0.137	0.141	0.121	0.219	0.157	0.229	0.175	0.132	0.127	0.0	
Chromosome	249703	T	G	0.146	0.184	0.277	0.22	0.218	0.186	0.188	0.175	0.25	0.295	0.111	0.085	0.016	0.096	0.231	0.295	0.216	0.11	0.209	0.202	0.195	0.148	0.102	0.107	0.099	0.135	0.224	0.175	0.208	0.182	0.186	0.211	0.188	0.099	0.128	0.105	0.07	0.14	0.196	0.162	0.073	0.083	0.114	0.184	0.137	0.156	0.153	0.006	0.175	0.168	0.182	0.013	0.192	0.005	0.066	0.166	0.126	0.141	0.148	0.169	0.146	0.163	0.106	0.101	0.243	0.157	0.138	0.132	0.013	
Chromosome	407202	A	C	0.103	0.13	0.173	0.184	0.152	0.221	0.237	0.162	0.189	0.231	0.118	0.089	0.005	0.019	0.151	0.098	0.217	0.077	0.182	0.157	0.106	0.055	0.064	0.078	0.045	0.09	0.159	0.172	0.154	0.174	0.152	0.148	0.125	0.086	0.067	0.07	0.042	0.063	0.053	0.079	0.031	0.096	0.068	0.157	0.103	0.057	0.083	0.0	0.145	0.1	0.131	0.006	0.11	0.006	0.061	0.095	0.08	0.053	0.076	0.069	0.1	0.078	0.082	0.077	0.108	0.116	0.078	0.067	0.0	
Chromosome	417971	T	A	0.145	0.234	0.074	0.152	0.193	0.162	0.211	0.107	0.134	0.203	0.324	0.167	0.0	0.06	0.152	0.169	0.145	0.198	0.142	0.104	0.123	0.162	0.12	0.098	0.213	0.196	0.121	0.137	0.16	0.157	0.167	0.199	0.174	0.206	0.114	0.118	0.109	0.092	0.158	0.133	0.167	0.19	0.23	0.166	0.132	0.109	0.111	0.0	0.117	0.173	0.133	0.0	0.091	0.0	0.135	0.104	0.194	0.155	0.15	0.158	0.146	0.142	0.121	0.092	0.159	0.15	0.142	0.134	0.0	
Chromosome	417985	T	A	0.107	0.199	0.088	0.118	0.177	0.112	0.185	0.084	0.164	0.137	0.243	0.136	0.0	0.06	0.078	0.115	0.163	0.183	0.16	0.14	0.113	0.113	0.172	0.119	0.165	0.166	0.163	0.133	0.092	0.121	0.139	0.142	0.165	0.218	0.131	0.1	0.174	0.083	0.167	0.133	0.165	0.166	0.177	0.157	0.131	0.09	0.14	0.0	0.126	0.161	0.107	0.0	0.104	0.0	0.092	0.118	0.145	0.151	0.15	0.146	0.165	0.124	0.078	0.061	0.149	0.149	0.12	0.125	0.0	
Chromosome	560472	T	G	0.128	0.228	0.208	0.225	0.238	0.165	0.278	0.239	0.226	0.229	0.277	0.207	0.004	0.048	0.259	0.304	0.276	0.242	0.24	0.261	0.274	0.128	0.103	0.093	0.193	0.213	0.289	0.248	0.238	0.259	0.295	0.26	0.206	0.245	0.12	0.118	0.091	0.082	0.085	0.097	0.112	0.174	0.241	0.24	0.102	0.129	0.116	0.006	0.176	0.186	0.155	0.0	0.272	0.005	0.148	0.209	0.144	0.133	0.14	0.144	0.131	0.085	0.092	0.113	0.164	0.087	0.128	0.102	0.006	
Chromosome	560476	C	A	0.144	0.052	0.097	0.135	0.115	0.115	0.113	0.125	0.096	0.092	0.045	0.098	0.004	0.101	0.11	0.133	0.101	0.064	0.123	0.093	0.106	0.106	0.066	0.09	0.093	0.081	0.027	0.13	0.148	0.107	0.114	0.137	0.149	0.08	0.069	0.09	0.054	0.07	0.093	0.147	0.081	0.096	0.099	0.131	0.121	0.143	0.118	0.0	0.055	0.115	0.091	0.0	0.087	0.005	0.157	0.107	0.116	0.124	0.109	0.113	0.133	0.134	0.09	0.083	0.146	0.127	0.097	0.118	0.0	
Chromosome	680934	A	C	0.043	0.17	0.043	0.16	0.151	0.129	0.149	0.11	0.082	0.11	0.182	0.088	0.0	0.016	0.108	0.088	0.122	0.092	0.086	0.064	0.041	0.058	0.054	0.047	0.076	0.108	0.115	0.15	0.134	0.128	0.101	0.121	0.152	0.119	0.034	0.105	0.062	0.037	0.031	0.059	0.018	0.118	0.105	0.07	0.048	0.045	0.04	0.0	0.069	0.09	0.073	0.006	0.084	0.0	0.082	0.062	0.044	0.038	0.029	0.039	0.053	0.05	0.047	0.07	0.074	0.03	0.041	0.034	0.006	
Chromosome	691924	C	G	0.076	0.198	0.158	0.112	0.213	0.25	0.194	0.167	0.212	0.226	0.279	0.205	0.0	0.037	0.157	0.187	0.148	0.175	0.093	0.094	0.081	0.118	0.069	0.08	0.216	0.315	0.179	0.137	0.198	0.158	0.223	0.22	0.144	0.179	0.104	0.065	0.039	0.079	0.055	0.059	0.064	0.18	0.207	0.158	0.061	0.071	0.048	0.0	0.124	0.092	0.112	0.0	0.09	0.0	0.143	0.134	0.058	0.065	0.068	0.075	0.085	0.059	0.083	0.088	0.105	0.071	0.077	0.091	0.0	
Chromosome	691927	T	G	0.074	0.116	0.167	0.178	0.202	0.241	0.164	0.234	0.178	0.202	0.171	0.08	0.0	0.032	0.129	0.204	0.154	0.092	0.106	0.11	0.119	0.053	0.045	0.071	0.09	0.165	0.169	0.149	0.232	0.14	0.196	0.206	0.159	0.096	0.048	0.045	0.052	0.056	0.057	0.07	0.055	0.126	0.108	0.177	0.075	0.069	0.067	0.0	0.125	0.084	0.095	0.005	0.109	0.0	0.034	0.145	0.099	0.099	0.101	0.077	0.091	0.062	0.067	0.055	0.153	0.084	0.076	0.08	0.006	
Chromosome	691931	G	C	0.094	0.223	0.191	0.167	0.236	0.244	0.206	0.248	0.227	0.194	0.25	0.084	0.0	0.044	0.163	0.193	0.216	0.152	0.139	0.1	0.099	0.077	0.035	0.04	0.119	0.15	0.143	0.188	0.233	0.167	0.253	0.234	0.16	0.094	0.058	0.066	0.037	0.061	0.098	0.137	0.089	0.093	0.061	0.21	0.125	0.129	0.116	0.0	0.147	0.087	0.163	0.0	0.131	0.0	0.091	0.156	0.113	0.116	0.126	0.129	0.122	0.125	0.072	0.085	0.156	0.121	0.088	0.155	0.0	
Chromosome	691935	A	C	0.059	0.154	0.207	0.204	0.252	0.212	0.186	0.222	0.235	0.274	0.219	0.082	0.0	0.011	0.159	0.193	0.185	0.082	0.122	0.143	0.147	0.057	0.069	0.067	0.119	0.222	0.188	0.186	0.228	0.155	0.229	0.254	0.222	0.102	0.074	0.079	0.066	0.052	0.092	0.08	0.065	0.106	0.098	0.186	0.065	0.086	0.115	0.011	0.181	0.12	0.117	0.006	0.18	0.0	0.1	0.185	0.113	0.092	0.089	0.12	0.12	0.091	0.088	0.045	0.144	0.086	0.098	0.119	0.0	
Chromosome	700122	G	C	0.011	0.12	0.022	0.068	0.079	0.065	0.077	0.047	0.056	0.02	0.021	0.065	0.0	0.007	0.078	0.062	0.041	0.035	0.035	0.034	0.031	0.011	0.021	0.011	0.042	0.031	0.115	0.037	0.015	0.056	0.023	0.054	0.016	0.075	0.012	0.012	0.01	0.005	0.019	0.028	0.014	0.023	0.039	0.064	0.013	0.011	0.003	0.0	0.028	0.034	0.032	0.0	0.013	0.0	0.025	0.025	0.0	0.008	0.027	0.015	0.003	0.008	0.005	0.01	0.027	0.008	0.027	0.004	0.0	
Chromosome	702177	T	G	0.091	0.184	0.144	0.164	0.111	0.154	0.136	0.187	0.173	0.134	0.294	0.156	0.0	0.074	0.233	0.175	0.217	0.166	0.159	0.168	0.17	0.125	0.129	0.114	0.171	0.216	0.172	0.141	0.124	0.151	0.166	0.159	0.159	0.119	0.09	0.132	0.142	0.1	0.139	0.081	0.102	0.178	0.121	0.193	0.128	0.098	0.101	0.0	0.128	0.186	0.205	0.0	0.178	0.0	0.101	0.183	0.108	0.117	0.135	0.095	0.131	0.128	0.09	0.115	0.117	0.094	0.094	0.096	0.007	
Chromosome	713223	A	C	0.049	0.102	0.096	0.184	0.163	0.134	0.155	0.081	0.167	0.164	0.133	0.14	0.0	0.006	0.162	0.161	0.107	0.125	0.081	0.076	0.122	0.069	0.056	0.058	0.124	0.094	0.135	0.18	0.14	0.169	0.175	0.12	0.142	0.134	0.053	0.09	0.066	0.062	0.046	0.035	0.051	0.093	0.109	0.157	0.063	0.063	0.044	0.0	0.106	0.141	0.107	0.006	0.118	0.0	0.05	0.105	0.058	0.048	0.055	0.05	0.055	0.047	0.051	0.075	0.083	0.047	0.058	0.035	0.007	
Chromosome	725022	T	G	0.027	0.192	0.151	0.185	0.131	0.116	0.118	0.146	0.115	0.144	0.288	0.166	0.005	0.019	0.113	0.078	0.131	0.196	0.079	0.117	0.123	0.071	0.061	0.04	0.154	0.129	0.089	0.065	0.157	0.111	0.118	0.159	0.149	0.214	0.061	0.057	0.037	0.044	0.043	0.028	0.054	0.196	0.161	0.093	0.018	0.03	0.034	0.0	0.123	0.077	0.115	0.0	0.096	0.005	0.109	0.089	0.024	0.018	0.046	0.037	0.048	0.045	0.047	0.063	0.054	0.035	0.052	0.027	0.012	
Chromosome	725029	GA	G	0.007	0.061	0.0	0.0	0.0	0.007	0.008	0.0	0.009	0.009	0.088	0.064	0.005	0.007	0.015	0.0	0.019	0.061	0.011	0.011	0.005	0.023	0.029	0.016	0.045	0.048	0.0	0.009	0.008	0.02	0.008	0.0	0.005	0.042	0.036	0.009	0.021	0.036	0.015	0.017	0.011	0.064	0.06	0.015	0.007	0.005	0.007	0.013	0.006	0.006	0.004	0.005	0.0	0.011	0.057	0.012	0.01	0.0	0.002	0.009	0.006	0.007	0.031	0.015	0.018	0.007	0.006	0.0	0.006	
Chromosome	725030	A	*,G	0.0	0.0	0.0	0.0	0.0	0.0	0.0	0.0	0.0	0.0	0.0	0.009	0.0	0.0	0.0	0.0	0.0	0.0	0.0	0.0	0.0	0.0	0.0	0.0	0.0	0.0	0.0	0.0	0.0	0.0	0.0	0.0	0.0	0.005	0.0	0.0	0.0	0.0	0.0	0.0	0.0	0.0	0.0	0.0	0.0	0.0	0.0	0.0	0.0	0.0	0.0	0.0	0.0	0.0	0.0	0.0	0.0	0.0	0.0	0.0	0.0	0.0	0.0	0.005	0.0	0.0	0.0	0.0	0.0	
Chromosome	725038	G	C	0.099	0.157	0.208	0.236	0.19	0.181	0.24	0.241	0.136	0.167	0.111	0.125	0.0	0.052	0.133	0.096	0.173	0.152	0.105	0.137	0.127	0.067	0.07	0.038	0.131	0.028	0.104	0.157	0.147	0.14	0.11	0.207	0.149	0.135	0.121	0.076	0.075	0.066	0.128	0.111	0.113	0.124	0.11	0.132	0.111	0.101	0.092	0.0	0.139	0.143	0.125	0.0	0.123	0.0	0.107	0.103	0.102	0.091	0.119	0.117	0.121	0.107	0.058	0.116	0.113	0.114	0.104	0.148	0.0	
Chromosome	725042	A	C	0.132	0.216	0.229	0.256	0.231	0.203	0.229	0.351	0.225	0.184	0.185	0.178	0.01	0.077	0.2	0.168	0.253	0.198	0.235	0.194	0.193	0.144	0.11	0.147	0.196	0.111	0.104	0.183	0.243	0.208	0.214	0.314	0.209	0.17	0.181	0.148	0.156	0.094	0.156	0.147	0.131	0.145	0.167	0.215	0.112	0.132	0.113	0.0	0.228	0.188	0.209	0.0	0.23	0.0	0.161	0.164	0.117	0.124	0.141	0.161	0.16	0.114	0.119	0.193	0.186	0.119	0.129	0.157	0.0	
Chromosome	787991	C	G	0.097	0.255	0.119	0.171	0.125	0.203	0.176	0.136	0.096	0.129	0.288	0.22	0.0	0.055	0.152	0.172	0.206	0.186	0.138	0.166	0.155	0.113	0.143	0.143	0.168	0.222	0.163	0.219	0.174	0.186	0.144	0.076	0.209	0.209	0.176	0.145	0.152	0.124	0.108	0.12	0.085	0.248	0.19	0.218	0.116	0.086	0.109	0.0	0.144	0.218	0.173	0.007	0.148	0.0	0.145	0.126	0.131	0.134	0.107	0.102	0.108	0.093	0.099	0.091	0.159	0.086	0.09	0.141	0.0	
Chromosome	831607	A	C	0.049	0.16	0.118	0.117	0.143	0.144	0.112	0.059	0.127	0.112	0.152	0.042	0.0	0.012	0.06	0.086	0.087	0.072	0.113	0.071	0.074	0.028	0.059	0.056	0.094	0.09	0.093	0.095	0.087	0.094	0.081	0.108	0.127	0.067	0.068	0.046	0.063	0.056	0.032	0.063	0.042	0.067	0.055	0.083	0.033	0.047	0.058	0.0	0.08	0.116	0.13	0.0	0.093	0.005	0.039	0.098	0.064	0.057	0.052	0.07	0.049	0.029	0.051	0.06	0.074	0.052	0.078	0.035	0.0	
Chromosome	857617	A	C	0.066	0.16	0.096	0.115	0.072	0.122	0.125	0.142	0.168	0.128	0.137	0.131	0.0	0.03	0.095	0.149	0.119	0.101	0.137	0.126	0.114	0.096	0.087	0.076	0.138	0.165	0.128	0.114	0.159	0.105	0.134	0.185	0.165	0.143	0.074	0.095	0.067	0.086	0.056	0.083	0.047	0.163	0.08	0.189	0.049	0.059	0.049	0.005	0.131	0.148	0.118	0.0	0.141	0.005	0.049	0.119	0.11	0.086	0.079	0.062	0.068	0.055	0.074	0.097	0.102	0.061	0.069	0.056	0.0	
Chromosome	899914	T	C	0.0	0.184	0.0	0.0	0.007	0.0	0.0	0.0	0.0	0.0	0.0	0.0	0.0	0.0	0.0	0.0	0.0	0.0	0.0	0.007	0.006	0.0	0.0	0.0	0.0	0.0	0.0	0.0	0.0	0.0	0.0	0.0	0.0	0.0	0.0	0.0	0.0	0.0	0.0	0.0	0.0	0.0	0.004	0.0	0.0	0.0	0.0	0.0	0.0	0.0	0.0	0.0	0.0	0.0	0.0	0.0	0.0	0.0	0.0	0.0	0.0	0.0	0.0	0.0	0.0	0.0	0.003	0.0	0.0	
Chromosome	971934	C	G	0.071	0.192	0.129	0.083	0.136	0.133	0.13	0.129	0.149	0.182	0.232	0.149	0.045	0.044	0.081	0.096	0.113	0.154	0.142	0.123	0.138	0.086	0.087	0.103	0.145	0.13	0.119	0.114	0.148	0.1	0.159	0.122	0.142	0.149	0.066	0.071	0.098	0.07	0.076	0.062	0.068	0.11	0.14	0.157	0.101	0.078	0.066	0.03	0.137	0.118	0.13	0.029	0.12	0.012	0.181	0.12	0.096	0.087	0.074	0.085	0.091	0.058	0.093	0.071	0.107	0.097	0.087	0.092	0.025	
Chromosome	971942	C	G	0.057	0.212	0.134	0.103	0.146	0.17	0.165	0.144	0.227	0.164	0.286	0.152	0.067	0.005	0.061	0.09	0.151	0.209	0.128	0.15	0.154	0.133	0.129	0.105	0.129	0.161	0.099	0.127	0.116	0.128	0.115	0.105	0.144	0.179	0.093	0.11	0.092	0.132	0.071	0.104	0.092	0.159	0.167	0.175	0.125	0.076	0.056	0.078	0.117	0.113	0.14	0.084	0.142	0.061	0.161	0.111	0.102	0.076	0.085	0.09	0.102	0.06	0.087	0.054	0.126	0.101	0.064	0.109	0.056	
Chromosome	971947	C	G	0.057	0.201	0.12	0.124	0.216	0.172	0.16	0.173	0.257	0.217	0.273	0.167	0.086	0.027	0.114	0.133	0.177	0.195	0.163	0.147	0.136	0.134	0.133	0.119	0.147	0.214	0.14	0.147	0.128	0.147	0.137	0.131	0.184	0.181	0.081	0.14	0.106	0.126	0.066	0.076	0.098	0.148	0.165	0.167	0.13	0.082	0.075	0.061	0.178	0.12	0.155	0.071	0.149	0.045	0.189	0.115	0.1	0.095	0.082	0.115	0.092	0.089	0.111	0.074	0.125	0.137	0.082	0.093	0.024	
Chromosome	971953	A	T	0.081	0.145	0.152	0.068	0.159	0.123	0.099	0.116	0.151	0.132	0.151	0.132	0.0	0.032	0.073	0.105	0.133	0.142	0.106	0.082	0.071	0.113	0.089	0.112	0.136	0.161	0.076	0.111	0.125	0.076	0.094	0.08	0.151	0.132	0.061	0.089	0.08	0.073	0.054	0.088	0.058	0.108	0.153	0.15	0.093	0.061	0.042	0.0	0.124	0.089	0.084	0.0	0.071	0.0	0.113	0.087	0.095	0.091	0.075	0.099	0.094	0.076	0.051	0.053	0.112	0.089	0.082	0.077	0.0	
Chromosome	1203804	T	G	0.073	0.155	0.112	0.088	0.151	0.158	0.142	0.119	0.169	0.19	0.048	0.141	0.006	0.043	0.103	0.171	0.093	0.163	0.109	0.097	0.123	0.089	0.065	0.082	0.136	0.163	0.163	0.137	0.132	0.125	0.151	0.087	0.158	0.139	0.081	0.067	0.066	0.073	0.038	0.05	0.045	0.149	0.111	0.14	0.064	0.075	0.042	0.0	0.103	0.069	0.123	0.0	0.109	0.006	0.052	0.085	0.054	0.094	0.075	0.062	0.074	0.05	0.082	0.078	0.094	0.06	0.065	0.056	0.0	
Chromosome	1253485	A	C	0.062	0.116	0.067	0.07	0.053	0.086	0.132	0.062	0.105	0.135	0.176	0.089	0.0	0.02	0.071	0.049	0.061	0.089	0.088	0.087	0.093	0.086	0.08	0.089	0.085	0.094	0.035	0.065	0.091	0.071	0.093	0.112	0.079	0.083	0.064	0.094	0.066	0.076	0.06	0.075	0.066	0.077	0.126	0.101	0.063	0.057	0.039	0.005	0.145	0.104	0.07	0.0	0.101	0.005	0.057	0.06	0.072	0.052	0.049	0.057	0.081	0.065	0.088	0.053	0.071	0.048	0.061	0.05	0.0	
Chromosome	1370349	A	C	0.087	0.258	0.253	0.214	0.237	0.273	0.227	0.184	0.24	0.243	0.229	0.169	0.0	0.038	0.231	0.26	0.219	0.194	0.188	0.209	0.158	0.126	0.105	0.086	0.231	0.207	0.2	0.243	0.292	0.274	0.281	0.226	0.252	0.18	0.083	0.144	0.111	0.091	0.078	0.12	0.086	0.184	0.182	0.217	0.131	0.096	0.083	0.006	0.173	0.124	0.163	0.006	0.235	0.006	0.112	0.242	0.103	0.094	0.106	0.1	0.117	0.081	0.139	0.115	0.159	0.099	0.126	0.131	0.008	
Chromosome	1411130	C	G	0.037	0.175	0.167	0.35	0.218	0.263	0.247	0.25	0.149	0.188	0.087	0.2	0.0	0.051	0.266	0.2	0.211	0.103	0.084	0.123	0.149	0.124	0.124	0.139	0.13	0.14	0.226	0.214	0.112	0.273	0.2	0.206	0.136	0.168	0.133	0.104	0.082	0.116	0.043	0.075	0.066	0.13	0.121	0.12	0.042	0.062	0.048	0.0	0.156	0.153	0.132	0.0	0.102	0.0	0.204	0.153	0.036	0.03	0.069	0.055	0.05	0.042	0.165	0.093	0.147	0.033	0.059	0.036	0.0	
Chromosome	1411132	A	G	0.095	0.085	0.183	0.265	0.123	0.216	0.149	0.245	0.152	0.174	0.059	0.061	0.01	0.041	0.147	0.181	0.158	0.048	0.145	0.167	0.173	0.103	0.095	0.051	0.07	0.058	0.108	0.158	0.124	0.265	0.229	0.229	0.11	0.071	0.073	0.073	0.09	0.053	0.051	0.094	0.034	0.082	0.041	0.164	0.069	0.087	0.052	0.0	0.205	0.215	0.138	0.006	0.148	0.0	0.133	0.201	0.054	0.046	0.115	0.071	0.073	0.071	0.09	0.055	0.165	0.055	0.081	0.043	0.0	
Chromosome	1448912	A	C	0.025	0.087	0.113	0.098	0.076	0.079	0.067	0.041	0.063	0.094	0.049	0.061	0.0	0.051	0.085	0.071	0.075	0.07	0.072	0.073	0.096	0.059	0.05	0.045	0.056	0.08	0.08	0.08	0.06	0.067	0.057	0.094	0.056	0.04	0.039	0.058	0.062	0.023	0.024	0.026	0.033	0.059	0.076	0.125	0.032	0.035	0.027	0.0	0.073	0.057	0.05	0.0	0.071	0.0	0.029	0.06	0.011	0.038	0.04	0.041	0.025	0.03	0.04	0.025	0.046	0.041	0.029	0.031	0.0	
Chromosome	1574107	A	C	0.078	0.119	0.152	0.261	0.196	0.167	0.156	0.234	0.283	0.277	0.123	0.155	0.0	0.025	0.151	0.165	0.22	0.183	0.119	0.109	0.136	0.113	0.079	0.104	0.146	0.105	0.155	0.205	0.203	0.301	0.254	0.195	0.126	0.16	0.1	0.065	0.076	0.109	0.065	0.087	0.043	0.2	0.173	0.149	0.083	0.057	0.057	0.0	0.137	0.12	0.094	0.006	0.144	0.0	0.038	0.102	0.085	0.059	0.074	0.077	0.088	0.058	0.102	0.09	0.114	0.071	0.091	0.067	0.0	
Chromosome	1613646	T	G	0.081	0.16	0.211	0.118	0.176	0.167	0.172	0.149	0.136	0.113	0.192	0.147	0.0	0.048	0.123	0.147	0.161	0.129	0.068	0.116	0.024	0.07	0.099	0.086	0.139	0.168	0.099	0.103	0.123	0.114	0.183	0.072	0.113	0.126	0.1	0.101	0.079	0.104	0.064	0.097	0.088	0.153	0.13	0.114	0.083	0.053	0.063	0.005	0.144	0.079	0.095	0.0	0.077	0.005	0.049	0.08	0.044	0.077	0.086	0.058	0.062	0.078	0.088	0.074	0.124	0.09	0.07	0.08	0.0	
Chromosome	1613678	T	A	0.133	0.094	0.187	0.161	0.212	0.147	0.149	0.145	0.168	0.179	0.143	0.12	0.0	0.059	0.108	0.206	0.156	0.108	0.102	0.121	0.096	0.118	0.094	0.098	0.098	0.152	0.17	0.135	0.202	0.208	0.168	0.146	0.202	0.088	0.081	0.094	0.065	0.087	0.12	0.121	0.148	0.083	0.114	0.202	0.142	0.113	0.1	0.0	0.118	0.108	0.171	0.0	0.087	0.0	0.071	0.106	0.133	0.111	0.164	0.123	0.1	0.119	0.066	0.119	0.184	0.136	0.15	0.142	0.0	
Chromosome	1732122	A	C	0.035	0.106	0.113	0.09	0.108	0.17	0.062	0.07	0.087	0.091	0.04	0.097	0.006	0.03	0.084	0.077	0.084	0.08	0.078	0.072	0.039	0.062	0.081	0.057	0.115	0.112	0.09	0.109	0.054	0.081	0.103	0.083	0.082	0.089	0.05	0.034	0.057	0.039	0.013	0.038	0.041	0.107	0.116	0.13	0.041	0.025	0.033	0.005	0.092	0.065	0.07	0.0	0.07	0.0	0.031	0.073	0.028	0.041	0.044	0.038	0.052	0.032	0.043	0.038	0.066	0.024	0.029	0.063	0.008	
Chromosome	1763066	T	G	0.31	0.5	0.308	0.46	0.481	0.577	0.449	0.367	0.274	0.348	0.37	0.55	0.005	0.263	0.365	0.383	0.392	0.475	0.358	0.25	0.368	0.362	0.368	0.427	0.459	0.433	0.5	0.453	0.466	0.464	0.393	0.451	0.31	0.43	0.351	0.351	0.373	0.364	0.307	0.29	0.315	0.482	0.488	0.259	0.309	0.23	0.249	0.0	0.375	0.35	0.368	0.0	0.406	0.0	0.383	0.351	0.283	0.278	0.257	0.34	0.3	0.254	0.349	0.33	0.368	0.297	0.278	0.279	0.0	
Chromosome	1787487	T	G	0.139	0.259	0.191	0.237	0.241	0.227	0.211	0.196	0.221	0.255	0.212	0.203	0.006	0.062	0.315	0.247	0.187	0.22	0.223	0.221	0.225	0.131	0.193	0.117	0.223	0.176	0.24	0.181	0.238	0.304	0.275	0.243	0.234	0.261	0.157	0.106	0.13	0.146	0.14	0.115	0.136	0.212	0.187	0.249	0.162	0.14	0.196	0.0	0.194	0.233	0.197	0.006	0.223	0.006	0.18	0.216	0.156	0.156	0.167	0.154	0.16	0.174	0.179	0.128	0.239	0.144	0.158	0.127	0.007	
Chromosome	1979874	C	A	0.084	0.099	0.121	0.121	0.167	0.142	0.188	0.16	0.185	0.111	0.1	0.066	0.0	0.032	0.129	0.151	0.113	0.049	0.078	0.092	0.119	0.021	0.061	0.07	0.048	0.051	0.107	0.164	0.186	0.106	0.163	0.091	0.139	0.084	0.046	0.041	0.049	0.053	0.057	0.067	0.072	0.049	0.076	0.082	0.085	0.069	0.035	0.0	0.084	0.062	0.109	0.0	0.105	0.0	0.069	0.105	0.067	0.076	0.086	0.071	0.066	0.049	0.032	0.029	0.119	0.065	0.078	0.06	0.0	
Chromosome	1990230	T	G	0.273	0.37	0.344	0.282	0.417	0.377	0.43	0.347	0.393	0.297	0.424	0.294	0.005	0.246	0.261	0.315	0.262	0.302	0.307	0.271	0.252	0.281	0.292	0.323	0.37	0.492	0.31	0.27	0.333	0.316	0.339	0.276	0.288	0.412	0.314	0.256	0.299	0.292	0.314	0.319	0.286	0.296	0.277	0.31	0.302	0.289	0.283	0.0	0.266	0.281	0.28	0.0	0.28	0.0	0.295	0.357	0.274	0.387	0.294	0.282	0.271	0.273	0.318	0.36	0.31	0.28	0.309	0.334	0.0	
Chromosome	2117922	C	G	0.059	0.13	0.147	0.112	0.165	0.141	0.144	0.132	0.094	0.222	0.163	0.102	0.0	0.027	0.084	0.138	0.117	0.115	0.076	0.122	0.078	0.067	0.038	0.066	0.156	0.242	0.148	0.081	0.092	0.132	0.104	0.143	0.098	0.101	0.028	0.037	0.073	0.101	0.065	0.061	0.024	0.167	0.153	0.072	0.06	0.052	0.04	0.0	0.058	0.049	0.07	0.0	0.064	0.0	0.071	0.052	0.037	0.08	0.071	0.051	0.027	0.064	0.075	0.067	0.121	0.035	0.046	0.046	0.0	
Chromosome	2117924	A	C	0.205	0.352	0.3	0.19	0.266	0.309	0.267	0.296	0.25	0.351	0.37	0.259	0.0	0.18	0.273	0.344	0.321	0.286	0.224	0.288	0.303	0.168	0.246	0.244	0.289	0.32	0.318	0.223	0.281	0.287	0.295	0.349	0.273	0.26	0.238	0.19	0.291	0.266	0.239	0.219	0.177	0.258	0.278	0.322	0.206	0.207	0.231	0.006	0.242	0.219	0.219	0.0	0.212	0.0	0.195	0.215	0.215	0.211	0.225	0.222	0.231	0.19	0.192	0.138	0.247	0.157	0.152	0.228	0.0	
Chromosome	2117927	T	G	0.145	0.182	0.22	0.183	0.225	0.271	0.167	0.234	0.225	0.247	0.079	0.149	0.0	0.172	0.202	0.237	0.252	0.161	0.169	0.2	0.253	0.165	0.182	0.166	0.152	0.149	0.218	0.221	0.261	0.13	0.225	0.208	0.226	0.129	0.129	0.179	0.185	0.214	0.187	0.209	0.123	0.145	0.146	0.245	0.176	0.233	0.234	0.0	0.295	0.212	0.213	0.0	0.236	0.0	0.081	0.157	0.173	0.205	0.197	0.197	0.183	0.173	0.163	0.117	0.214	0.167	0.163	0.197	0.0	
Chromosome	2154684	A	C	0.121	0.211	0.217	0.227	0.209	0.192	0.223	0.219	0.286	0.241	0.346	0.153	0.0	0.091	0.229	0.244	0.25	0.191	0.211	0.185	0.166	0.17	0.116	0.126	0.193	0.22	0.242	0.335	0.162	0.229	0.196	0.227	0.176	0.184	0.141	0.155	0.101	0.142	0.084	0.077	0.086	0.211	0.224	0.244	0.088	0.105	0.099	0.0	0.181	0.217	0.134	0.013	0.182	0.0	0.093	0.173	0.111	0.089	0.112	0.116	0.13	0.093	0.13	0.135	0.153	0.123	0.096	0.109	0.0	
Chromosome	2163421	G	C	0.134	0.201	0.17	0.217	0.196	0.176	0.22	0.25	0.264	0.25	0.333	0.229	0.0	0.037	0.2	0.232	0.218	0.169	0.175	0.083	0.143	0.121	0.106	0.124	0.233	0.268	0.248	0.219	0.21	0.206	0.19	0.218	0.211	0.17	0.115	0.087	0.15	0.132	0.111	0.134	0.091	0.207	0.223	0.23	0.121	0.143	0.111	0.0	0.132	0.168	0.148	0.0	0.147	0.0	0.162	0.124	0.137	0.147	0.122	0.118	0.159	0.132	0.143	0.108	0.143	0.145	0.127	0.114	0.0	
Chromosome	2195100	T	G	0.089	0.164	0.132	0.184	0.188	0.225	0.17	0.144	0.201	0.16	0.14	0.128	0.0	0.085	0.124	0.186	0.12	0.178	0.192	0.205	0.162	0.186	0.129	0.143	0.174	0.151	0.198	0.141	0.22	0.198	0.168	0.155	0.199	0.129	0.151	0.145	0.137	0.179	0.112	0.094	0.09	0.15	0.143	0.184	0.114	0.142	0.121	0.0	0.156	0.119	0.225	0.0	0.156	0.005	0.149	0.074	0.142	0.103	0.093	0.119	0.12	0.141	0.158	0.131	0.204	0.109	0.116	0.088	0.007	
Chromosome	2208735	C	G	0.054	0.119	0.165	0.113	0.149	0.124	0.108	0.082	0.178	0.123	0.176	0.121	0.0	0.0	0.076	0.126	0.145	0.123	0.057	0.076	0.088	0.05	0.06	0.049	0.107	0.12	0.064	0.119	0.143	0.125	0.127	0.091	0.09	0.089	0.066	0.034	0.025	0.0	0.033	0.047	0.059	0.116	0.096	0.136	0.052	0.039	0.042	0.0	0.069	0.068	0.055	0.0	0.053	0.006	0.057	0.092	0.026	0.02	0.052	0.051	0.053	0.028	0.037	0.042	0.071	0.046	0.054	0.049	0.0	
Chromosome	2208736	T	G	0.168	0.276	0.259	0.217	0.2	0.246	0.212	0.224	0.235	0.298	0.294	0.278	0.0	0.088	0.2	0.295	0.28	0.211	0.2	0.245	0.197	0.212	0.177	0.201	0.183	0.21	0.192	0.308	0.33	0.33	0.242	0.222	0.229	0.183	0.195	0.168	0.173	0.147	0.137	0.172	0.123	0.208	0.214	0.233	0.169	0.18	0.156	0.0	0.214	0.228	0.165	0.007	0.219	0.0	0.101	0.225	0.186	0.146	0.192	0.216	0.188	0.149	0.15	0.161	0.153	0.141	0.179	0.146	0.009	
Chromosome	2224338	G	GGCGTGACGAGGTCAGATGCCGACC	0.512	0.538	0.519	0.613	0.545	0.533	0.591	0.5	0.474	0.744	0.562	0.5	0.354	0.4	0.529	0.452	0.526	0.458	0.51	0.468	0.391	0.508	0.377	0.481	0.48	0.556	0.667	0.582	0.439	0.484	0.55	0.614	0.562	0.453	0.455	0.581	0.577	0.597	0.517	0.567	0.456	0.634	0.483	0.611	0.543	0.571	0.532	0.364	0.571	0.442	0.538	0.204	0.56	0.417	0.537	0.571	0.488	0.536	0.495	0.504	0.531	0.582	0.479	0.5	0.687	0.553	0.574	0.447	0.333	
Chromosome	2351318	T	A	0.115	0.163	0.162	0.212	0.246	0.203	0.218	0.161	0.206	0.183	0.056	0.129	0.0	0.036	0.174	0.175	0.194	0.165	0.174	0.099	0.128	0.052	0.072	0.064	0.149	0.174	0.277	0.167	0.152	0.216	0.165	0.209	0.163	0.189	0.048	0.051	0.052	0.062	0.085	0.111	0.073	0.113	0.144	0.166	0.103	0.14	0.068	0.0	0.097	0.132	0.133	0.0	0.117	0.0	0.104	0.149	0.109	0.129	0.101	0.111	0.116	0.06	0.087	0.082	0.132	0.129	0.107	0.099	0.0	
Chromosome	2355857	T	G	0.081	0.077	0.187	0.189	0.238	0.216	0.153	0.175	0.161	0.23	0.192	0.13	0.0	0.028	0.165	0.258	0.208	0.062	0.176	0.162	0.17	0.118	0.123	0.105	0.051	0.115	0.12	0.17	0.177	0.15	0.262	0.209	0.197	0.121	0.073	0.085	0.095	0.084	0.121	0.091	0.086	0.097	0.116	0.175	0.111	0.092	0.116	0.0	0.171	0.223	0.152	0.0	0.17	0.0	0.056	0.201	0.149	0.144	0.092	0.124	0.126	0.099	0.081	0.12	0.137	0.131	0.1	0.123	0.0	
Chromosome	2478303	G	A	0.0	0.177	0.0	0.0	0.0	0.0	0.0	0.0	0.0	0.0	0.0	0.0	0.0	0.0	0.0	0.0	0.0	0.0	0.0	0.0	0.006	0.0	0.0	0.0	0.0	0.0	0.0	0.0	0.0	0.0	0.0	0.0	0.0	0.0	0.0	0.0	0.0	0.0	0.0	0.0	0.0	0.0	0.0	0.0	0.0	0.0	0.0	0.0	0.0	0.0	0.006	0.0	0.0	0.006	0.0	0.0	0.0	0.0	0.0	0.002	0.0	0.0	0.0	0.0	0.0	0.0	0.0	0.0	0.0	
Chromosome	2482395	A	C	0.092	0.115	0.15	0.169	0.148	0.164	0.186	0.193	0.206	0.158	0.206	0.088	0.0	0.034	0.14	0.169	0.169	0.062	0.146	0.145	0.151	0.124	0.074	0.101	0.131	0.108	0.13	0.159	0.191	0.107	0.201	0.222	0.117	0.065	0.116	0.101	0.127	0.091	0.07	0.075	0.083	0.052	0.094	0.121	0.101	0.087	0.058	0.01	0.163	0.098	0.202	0.006	0.136	0.01	0.064	0.155	0.096	0.073	0.106	0.106	0.1	0.074	0.1	0.066	0.08	0.09	0.087	0.065	0.0	
Chromosome	2559471	C	G	0.075	0.114	0.14	0.164	0.151	0.163	0.215	0.236	0.179	0.189	0.111	0.103	0.0	0.061	0.169	0.17	0.214	0.092	0.1	0.098	0.061	0.053	0.048	0.043	0.057	0.064	0.136	0.191	0.136	0.236	0.176	0.142	0.155	0.118	0.039	0.028	0.083	0.055	0.079	0.11	0.06	0.065	0.061	0.159	0.101	0.073	0.059	0.006	0.137	0.114	0.118	0.0	0.115	0.005	0.056	0.105	0.098	0.075	0.07	0.086	0.115	0.063	0.037	0.051	0.14	0.115	0.075	0.086	0.0	
Chromosome	2559477	T	G	0.064	0.168	0.27	0.128	0.177	0.187	0.163	0.202	0.126	0.143	0.2	0.113	0.0	0.008	0.187	0.159	0.164	0.126	0.119	0.146	0.07	0.062	0.05	0.026	0.057	0.086	0.179	0.192	0.142	0.178	0.183	0.148	0.155	0.087	0.049	0.044	0.054	0.063	0.053	0.06	0.042	0.065	0.045	0.193	0.084	0.042	0.046	0.0	0.082	0.095	0.094	0.006	0.084	0.0	0.044	0.097	0.058	0.066	0.048	0.05	0.08	0.051	0.033	0.056	0.094	0.057	0.029	0.063	0.0	
Chromosome	2579189	A	C	0.173	0.256	0.283	0.34	0.287	0.219	0.263	0.281	0.333	0.308	0.238	0.256	0.0	0.134	0.268	0.276	0.242	0.322	0.271	0.222	0.31	0.219	0.219	0.213	0.261	0.246	0.282	0.237	0.297	0.183	0.206	0.319	0.253	0.25	0.187	0.23	0.232	0.224	0.248	0.226	0.202	0.275	0.243	0.239	0.21	0.225	0.223	0.006	0.273	0.263	0.274	0.0	0.395	0.0	0.226	0.303	0.277	0.259	0.226	0.225	0.219	0.226	0.154	0.254	0.234	0.26	0.238	0.244	0.013	
Chromosome	2635287	A	C	0.044	0.111	0.063	0.087	0.057	0.11	0.05	0.121	0.098	0.126	0.125	0.093	0.0	0.013	0.103	0.087	0.103	0.081	0.077	0.109	0.116	0.067	0.054	0.055	0.052	0.129	0.128	0.072	0.116	0.118	0.087	0.093	0.113	0.096	0.027	0.038	0.05	0.065	0.023	0.033	0.027	0.117	0.081	0.078	0.042	0.047	0.048	0.0	0.069	0.057	0.101	0.0	0.071	0.0	0.03	0.052	0.042	0.044	0.044	0.037	0.049	0.034	0.054	0.078	0.07	0.042	0.031	0.03	0.0	
Chromosome	2794622	A	C	0.105	0.214	0.162	0.188	0.185	0.234	0.217	0.209	0.219	0.172	0.319	0.16	0.0	0.072	0.139	0.187	0.188	0.168	0.172	0.177	0.178	0.088	0.08	0.105	0.192	0.193	0.205	0.198	0.168	0.164	0.145	0.173	0.197	0.249	0.132	0.128	0.111	0.126	0.089	0.105	0.088	0.131	0.144	0.177	0.102	0.077	0.077	0.006	0.188	0.135	0.164	0.0	0.156	0.012	0.123	0.155	0.057	0.105	0.106	0.08	0.072	0.092	0.126	0.114	0.117	0.072	0.086	0.084	0.014	
Chromosome	2838382	A	.	0.0	0.0	0.0	0.0	0.0	0.0	0.0	0.0	0.0	0.0	0.0	0.0	0.0	0.0	0.0	0.0	0.0	0.0	0.0	0.0	0.0	0.0	0.0	0.0	0.0	0.0	0.0	0.0	0.0	0.0	0.0	0.0	0.0	0.0	0.0	0.0	0.0	0.0	0.0	0.0	0.0	0.0	0.0	0.0	0.0	0.0	0.0	0.0	0.0	0.0	0.0	0.0	0.0	0.0	0.0	0.0	0.0	0.0	0.0	0.0	0.0	0.0	0.0	0.0	0.0	0.0	0.0	0.0	0.0	
Chromosome	2952396	T	G	0.089	0.209	0.186	0.203	0.243	0.2	0.145	0.219	0.211	0.21	0.182	0.188	0.0	0.085	0.217	0.175	0.175	0.207	0.18	0.152	0.203	0.18	0.095	0.114	0.259	0.289	0.123	0.199	0.264	0.271	0.257	0.11	0.21	0.172	0.144	0.122	0.151	0.14	0.086	0.082	0.087	0.18	0.169	0.21	0.06	0.105	0.056	0.005	0.139	0.194	0.109	0.0	0.186	0.0	0.096	0.168	0.063	0.09	0.12	0.096	0.073	0.061	0.136	0.102	0.103	0.051	0.091	0.075	0.0	
Chromosome	2952399	C	G	0.109	0.189	0.129	0.119	0.134	0.144	0.129	0.081	0.173	0.175	0.189	0.182	0.0	0.076	0.143	0.17	0.109	0.173	0.156	0.187	0.18	0.154	0.112	0.123	0.204	0.265	0.096	0.152	0.135	0.158	0.161	0.168	0.154	0.136	0.142	0.12	0.139	0.121	0.11	0.121	0.09	0.127	0.126	0.177	0.104	0.101	0.119	0.005	0.204	0.196	0.165	0.0	0.252	0.0	0.197	0.223	0.089	0.152	0.119	0.093	0.128	0.119	0.154	0.112	0.124	0.102	0.109	0.089	0.0	
Chromosome	2952405	A	C	0.131	0.164	0.186	0.178	0.194	0.171	0.148	0.163	0.183	0.15	0.118	0.119	0.012	0.131	0.123	0.214	0.107	0.176	0.216	0.223	0.224	0.164	0.113	0.144	0.153	0.171	0.125	0.173	0.182	0.163	0.151	0.158	0.193	0.106	0.169	0.104	0.134	0.19	0.142	0.104	0.125	0.141	0.196	0.197	0.102	0.156	0.129	0.0	0.204	0.229	0.174	0.006	0.254	0.0	0.152	0.238	0.144	0.165	0.143	0.155	0.128	0.158	0.162	0.134	0.136	0.135	0.126	0.122	0.0	
Chromosome	2968097	T	G	0.003	0.156	0.008	0.0	0.008	0.006	0.0	0.007	0.0	0.0	0.0	0.0	0.0	0.0	0.0	0.009	0.0	0.0	0.0	0.0	0.0	0.0	0.0	0.0	0.0	0.0	0.0	0.0	0.0	0.0	0.0	0.0	0.0	0.0	0.004	0.0	0.0	0.0	0.0	0.006	0.0	0.005	0.0	0.0	0.0	0.0	0.003	0.01	0.0	0.0	0.004	0.0	0.0	0.0	0.0	0.0	0.0	0.0	0.002	0.002	0.0	0.003	0.0	0.0	0.0	0.0	0.0	0.0	0.007	
Chromosome	3015747	G	C	0.202	0.515	0.273	0.258	0.247	0.212	0.194	0.169	0.212	0.258	0.545	0.5	0.0	0.291	0.207	0.209	0.295	0.376	0.209	0.252	0.231	0.297	0.287	0.326	0.481	0.5	0.239	0.306	0.279	0.203	0.217	0.243	0.305	0.399	0.29	0.343	0.347	0.344	0.222	0.194	0.303	0.452	0.427	0.204	0.238	0.223	0.219	0.0	0.246	0.204	0.25	0.0	0.231	0.0	0.339	0.227	0.271	0.211	0.225	0.235	0.239	0.215	0.27	0.341	0.284	0.174	0.224	0.231	0.0	
Chromosome	3030950	G	C	0.097	0.395	0.131	0.11	0.244	0.246	0.3	0.172	0.169	0.281	0.286	0.194	0.0	0.088	0.266	0.226	0.19	0.284	0.145	0.169	0.17	0.088	0.118	0.12	0.286	0.35	0.212	0.233	0.228	0.294	0.263	0.286	0.184	0.286	0.071	0.147	0.091	0.099	0.081	0.091	0.079	0.253	0.173	0.213	0.065	0.084	0.07	0.0	0.136	0.104	0.069	0.0	0.09	0.0	0.129	0.128	0.143	0.12	0.085	0.079	0.097	0.074	0.104	0.117	0.117	0.091	0.117	0.108	0.0	
Chromosome	3030967	A	C	0.347	0.724	0.623	0.525	0.565	0.522	0.614	0.5	0.455	0.6	0.634	0.594	0.0	0.255	0.5	0.368	0.451	0.587	0.396	0.345	0.489	0.437	0.421	0.388	0.566	0.676	0.512	0.409	0.514	0.563	0.43	0.37	0.488	0.567	0.506	0.368	0.451	0.35	0.307	0.314	0.456	0.586	0.61	0.54	0.34	0.377	0.383	0.0	0.375	0.446	0.483	0.007	0.438	0.0	0.456	0.394	0.337	0.331	0.378	0.359	0.361	0.402	0.407	0.389	0.368	0.286	0.403	0.299	0.0	
Chromosome	3049013	T	G	0.113	0.186	0.217	0.183	0.181	0.171	0.297	0.255	0.236	0.257	0.204	0.186	0.0	0.006	0.204	0.258	0.232	0.158	0.133	0.172	0.191	0.107	0.08	0.108	0.201	0.136	0.114	0.207	0.243	0.231	0.198	0.214	0.209	0.201	0.093	0.111	0.118	0.127	0.084	0.1	0.072	0.183	0.196	0.226	0.072	0.119	0.102	0.006	0.181	0.203	0.18	0.0	0.097	0.006	0.088	0.149	0.12	0.114	0.135	0.077	0.101	0.092	0.089	0.083	0.182	0.097	0.095	0.101	0.0	
Chromosome	3049023	G	C	0.148	0.208	0.286	0.216	0.212	0.225	0.306	0.318	0.262	0.231	0.111	0.089	0.0	0.039	0.229	0.267	0.352	0.111	0.169	0.225	0.222	0.096	0.09	0.06	0.124	0.071	0.13	0.291	0.297	0.245	0.262	0.242	0.239	0.144	0.061	0.116	0.111	0.105	0.159	0.156	0.082	0.079	0.067	0.276	0.136	0.156	0.12	0.0	0.183	0.225	0.208	0.0	0.194	0.0	0.093	0.149	0.15	0.157	0.166	0.145	0.177	0.161	0.058	0.058	0.171	0.163	0.166	0.164	0.0	
Chromosome	3092808	A	C	0.368	0.46	0.4	0.264	0.396	0.283	0.364	0.318	0.418	0.349	0.4	0.547	0.0	0.328	0.373	0.267	0.241	0.511	0.403	0.289	0.443	0.589	0.505	0.541	0.488	0.561	0.273	0.316	0.456	0.316	0.373	0.26	0.395	0.627	0.536	0.53	0.615	0.574	0.327	0.315	0.396	0.568	0.593	0.446	0.413	0.347	0.392	0.0	0.384	0.333	0.27	0.0	0.385	0.0	0.353	0.39	0.368	0.364	0.318	0.405	0.34	0.308	0.564	0.487	0.391	0.3	0.333	0.251	0.01	
Chromosome	3219364	A	C	0.015	0.079	0.025	0.033	0.038	0.052	0.007	0.056	0.049	0.022	0.212	0.086	0.0	0.015	0.007	0.024	0.027	0.058	0.051	0.023	0.047	0.053	0.056	0.053	0.06	0.118	0.056	0.036	0.046	0.055	0.006	0.026	0.083	0.051	0.042	0.078	0.053	0.033	0.018	0.021	0.02	0.08	0.076	0.085	0.017	0.033	0.008	0.017	0.036	0.081	0.027	0.012	0.06	0.01	0.021	0.059	0.013	0.037	0.009	0.02	0.022	0.004	0.035	0.082	0.08	0.018	0.022	0.016	0.0	
Chromosome	3230517	A	C	0.197	0.151	0.207	0.274	0.22	0.228	0.229	0.2	0.244	0.236	0.0	0.121	0.0	0.153	0.204	0.193	0.218	0.119	0.22	0.255	0.226	0.075	0.143	0.177	0.103	0.121	0.271	0.225	0.254	0.209	0.215	0.206	0.196	0.097	0.097	0.112	0.172	0.114	0.13	0.192	0.155	0.088	0.086	0.212	0.163	0.185	0.169	0.006	0.216	0.171	0.232	0.0	0.18	0.0	0.075	0.247	0.16	0.164	0.207	0.159	0.159	0.174	0.109	0.154	0.167	0.164	0.144	0.163	0.0	
Chromosome	3230529	A	C	0.136	0.266	0.192	0.284	0.202	0.279	0.261	0.21	0.28	0.265	0.22	0.197	0.0	0.128	0.236	0.188	0.238	0.13	0.194	0.241	0.251	0.129	0.158	0.188	0.238	0.155	0.239	0.259	0.267	0.23	0.215	0.205	0.188	0.168	0.138	0.143	0.134	0.127	0.124	0.128	0.083	0.173	0.143	0.203	0.132	0.128	0.117	0.011	0.221	0.172	0.23	0.0	0.182	0.0	0.144	0.193	0.125	0.133	0.155	0.137	0.129	0.13	0.21	0.131	0.177	0.121	0.124	0.133	0.007	
Chromosome	3269580	C	G	0.045	0.136	0.153	0.074	0.184	0.113	0.103	0.102	0.148	0.196	0.157	0.142	0.0	0.011	0.168	0.13	0.126	0.11	0.077	0.122	0.124	0.053	0.043	0.018	0.109	0.164	0.125	0.144	0.152	0.09	0.096	0.168	0.152	0.107	0.049	0.048	0.036	0.01	0.025	0.062	0.035	0.19	0.077	0.181	0.055	0.026	0.05	0.0	0.063	0.087	0.102	0.0	0.09	0.0	0.091	0.058	0.049	0.059	0.052	0.057	0.046	0.045	0.028	0.03	0.077	0.071	0.031	0.037	0.0	
Chromosome	3269581	T	G	0.168	0.242	0.271	0.277	0.284	0.25	0.231	0.327	0.279	0.283	0.275	0.227	0.0	0.106	0.353	0.269	0.219	0.224	0.232	0.225	0.337	0.204	0.158	0.162	0.196	0.234	0.231	0.302	0.316	0.242	0.289	0.288	0.237	0.312	0.171	0.161	0.202	0.193	0.202	0.222	0.135	0.289	0.243	0.311	0.19	0.15	0.156	0.005	0.192	0.24	0.228	0.006	0.212	0.006	0.206	0.242	0.182	0.197	0.172	0.179	0.2	0.177	0.152	0.198	0.196	0.22	0.161	0.215	0.03	
Chromosome	3358902	T	A	0.0	0.174	0.0	0.0	0.0	0.0	0.0	0.0	0.0	0.0	0.0	0.0	0.0	0.0	0.0	0.0	0.0	0.0	0.0	0.006	0.0	0.0	0.005	0.004	0.0	0.0	0.0	0.0	0.0	0.0	0.0	0.0	0.005	0.0	0.0	0.0	0.0	0.0	0.0	0.0	0.0	0.0	0.0	0.0	0.0	0.0	0.0	0.007	0.0	0.0	0.0	0.0	0.0	0.0	0.0	0.0	0.004	0.0	0.0	0.0	0.003	0.0	0.0	0.0	0.0	0.003	0.0	0.003	0.0	
Chromosome	3543264	T	A	0.0	0.12	0.0	0.0	0.0	0.0	0.0	0.0	0.0	0.0	0.0	0.0	0.0	0.0	0.0	0.0	0.0	0.0	0.0	0.0	0.0	0.004	0.0	0.0	0.0	0.0	0.0	0.005	0.0	0.0	0.0	0.0	0.0	0.0	0.0	0.0	0.0	0.0	0.0	0.0	0.0	0.0	0.0	0.004	0.0	0.0	0.0	0.0	0.005	0.0	0.004	0.0	0.0	0.0	0.0	0.0	0.0	0.0	0.0	0.002	0.002	0.0	0.0	0.004	0.0	0.002	0.002	0.0	0.0	
Chromosome	3580127	A	C	0.053	0.188	0.126	0.209	0.211	0.187	0.208	0.21	0.205	0.19	0.167	0.132	0.0	0.027	0.211	0.214	0.182	0.108	0.167	0.129	0.123	0.071	0.059	0.075	0.149	0.182	0.089	0.176	0.214	0.207	0.184	0.225	0.159	0.179	0.071	0.065	0.058	0.047	0.052	0.059	0.051	0.133	0.142	0.133	0.049	0.06	0.038	0.006	0.151	0.066	0.12	0.007	0.089	0.012	0.13	0.116	0.059	0.05	0.055	0.073	0.075	0.05	0.083	0.035	0.089	0.061	0.052	0.068	0.0	
Chromosome	3723478	A	C	0.061	0.181	0.217	0.222	0.229	0.27	0.258	0.186	0.254	0.219	0.255	0.19	0.014	0.029	0.126	0.184	0.143	0.165	0.154	0.139	0.125	0.061	0.068	0.071	0.161	0.194	0.158	0.209	0.223	0.14	0.252	0.271	0.141	0.159	0.048	0.088	0.062	0.053	0.022	0.046	0.061	0.137	0.152	0.081	0.061	0.075	0.055	0.007	0.167	0.154	0.202	0.02	0.151	0.014	0.108	0.134	0.07	0.114	0.065	0.076	0.076	0.062	0.054	0.101	0.094	0.067	0.072	0.042	0.018	
Chromosome	3727621	A	C	0.035	0.123	0.055	0.114	0.089	0.109	0.107	0.074	0.081	0.069	0.31	0.075	0.0	0.008	0.098	0.068	0.038	0.084	0.055	0.048	0.049	0.021	0.009	0.03	0.058	0.133	0.098	0.086	0.073	0.078	0.147	0.085	0.134	0.054	0.029	0.04	0.033	0.021	0.022	0.026	0.021	0.115	0.05	0.127	0.024	0.038	0.01	0.0	0.058	0.05	0.072	0.0	0.02	0.005	0.016	0.061	0.014	0.009	0.022	0.017	0.035	0.025	0.028	0.036	0.089	0.015	0.024	0.013	0.006	
Chromosome	3743159	C	T	0.0	0.156	0.0	0.0	0.0	0.007	0.0	0.0	0.0	0.0	0.0	0.0	0.007	0.0	0.0	0.0	0.0	0.0	0.0	0.007	0.0	0.0	0.0	0.0	0.0	0.0	0.0	0.0	0.0	0.0	0.0	0.0	0.0	0.0	0.0	0.0	0.0	0.0	0.0	0.0	0.0	0.0	0.0	0.0	0.0	0.0	0.003	0.0	0.0	0.0	0.0	0.007	0.0	0.0	0.0	0.0	0.0	0.0	0.0	0.0	0.0	0.0	0.0	0.0	0.0	0.0	0.0	0.0	0.0	
Chromosome	3777637	A	C	0.147	0.287	0.233	0.378	0.218	0.275	0.316	0.418	0.315	0.24	0.51	0.219	0.0	0.108	0.253	0.286	0.32	0.217	0.283	0.261	0.265	0.153	0.228	0.209	0.331	0.224	0.237	0.292	0.281	0.223	0.308	0.21	0.256	0.254	0.293	0.188	0.189	0.138	0.196	0.201	0.169	0.219	0.211	0.23	0.161	0.185	0.179	0.0	0.31	0.262	0.275	0.0	0.264	0.007	0.218	0.222	0.146	0.205	0.184	0.188	0.154	0.143	0.242	0.248	0.215	0.151	0.174	0.155	0.006	
Chromosome	3847886	T	A	0.206	0.286	0.236	0.183	0.256	0.22	0.195	0.187	0.223	0.237	0.408	0.291	0.0	0.167	0.214	0.246	0.165	0.36	0.279	0.2	0.241	0.186	0.171	0.147	0.297	0.26	0.225	0.3	0.203	0.205	0.235	0.234	0.259	0.333	0.253	0.227	0.134	0.206	0.159	0.258	0.204	0.267	0.251	0.258	0.24	0.2	0.207	0.0	0.243	0.263	0.259	0.0	0.274	0.0	0.238	0.245	0.229	0.269	0.219	0.274	0.253	0.219	0.169	0.238	0.27	0.242	0.245	0.224	0.0	
Chromosome	3847892	G	C	0.065	0.19	0.08	0.065	0.102	0.105	0.098	0.049	0.182	0.103	0.311	0.091	0.0	0.032	0.108	0.074	0.102	0.163	0.105	0.086	0.117	0.079	0.068	0.063	0.12	0.17	0.082	0.142	0.143	0.06	0.09	0.11	0.12	0.188	0.093	0.077	0.065	0.056	0.025	0.05	0.042	0.129	0.118	0.132	0.072	0.058	0.043	0.0	0.133	0.153	0.12	0.0	0.169	0.005	0.081	0.08	0.065	0.077	0.066	0.091	0.073	0.069	0.095	0.094	0.087	0.077	0.07	0.091	0.007	
Chromosome	3847896	T	A	0.133	0.147	0.152	0.142	0.125	0.148	0.145	0.092	0.175	0.118	0.105	0.166	0.0	0.093	0.109	0.172	0.145	0.167	0.104	0.119	0.12	0.057	0.127	0.103	0.152	0.142	0.141	0.164	0.133	0.092	0.138	0.162	0.171	0.173	0.118	0.119	0.077	0.122	0.072	0.146	0.109	0.106	0.134	0.153	0.158	0.128	0.133	0.0	0.118	0.125	0.155	0.0	0.164	0.0	0.133	0.137	0.146	0.183	0.162	0.203	0.169	0.147	0.113	0.136	0.15	0.17	0.175	0.152	0.0	
Chromosome	3873616	A	C	0.184	0.352	0.257	0.274	0.208	0.229	0.239	0.307	0.28	0.355	0.491	0.38	0.007	0.103	0.244	0.303	0.274	0.378	0.258	0.242	0.243	0.292	0.331	0.242	0.441	0.441	0.212	0.33	0.278	0.274	0.37	0.378	0.281	0.419	0.199	0.278	0.241	0.253	0.206	0.142	0.167	0.413	0.46	0.258	0.22	0.2	0.236	0.0	0.302	0.221	0.269	0.0	0.235	0.0	0.321	0.252	0.219	0.237	0.211	0.206	0.186	0.196	0.269	0.242	0.24	0.17	0.211	0.214	0.0	
Chromosome	3899392	T	G	0.021	0.111	0.06	0.097	0.103	0.09	0.158	0.062	0.105	0.12	0.071	0.07	0.0	0.0	0.038	0.108	0.1	0.06	0.062	0.033	0.066	0.017	0.02	0.013	0.048	0.062	0.11	0.054	0.095	0.081	0.11	0.062	0.098	0.069	0.016	0.021	0.016	0.022	0.01	0.033	0.003	0.035	0.05	0.123	0.023	0.018	0.018	0.0	0.043	0.048	0.075	0.0	0.071	0.0	0.022	0.047	0.019	0.022	0.028	0.023	0.023	0.006	0.013	0.025	0.046	0.024	0.015	0.021	0.0	
Chromosome	4103146	T	G	0.0	0.126	0.0	0.0	0.0	0.009	0.007	0.008	0.008	0.0	0.0	0.004	0.0	0.0	0.0	0.011	0.0	0.0	0.0	0.0	0.0	0.018	0.0	0.0	0.0	0.0	0.0	0.008	0.006	0.0	0.0	0.0	0.0	0.0	0.004	0.0	0.005	0.012	0.003	0.0	0.0	0.0	0.005	0.005	0.003	0.003	0.0	0.0	0.0	0.005	0.0	0.0	0.0	0.0	0.0	0.0	0.007	0.0	0.0	0.005	0.003	0.0	0.0	0.0	0.004	0.0	0.003	0.003	0.0	
Chromosome	4214560	C	A	0.452	0.462	0.431	0.453	0.479	0.42	0.509	0.468	0.49	0.472	0.509	0.494	0.408	0.533	0.441	0.444	0.525	0.503	0.477	0.478	0.474	0.465	0.518	0.466	0.465	0.544	0.5	0.53	0.506	0.48	0.485	0.401	0.533	0.478	0.449	0.475	0.494	0.517	0.494	0.476	0.515	0.485	0.48	0.481	0.502	0.45	0.481	0.463	0.458	0.491	0.505	0.538	0.511	0.524	0.498	0.496	0.478	0.497	0.486	0.494	0.506	0.43	0.49	0.489	0.515	0.442	0.432	0.326	0.498	
Chromosome	4214739	G	GT	0.34	0.391	0.331	0.371	0.301	0.321	0.371	0.324	0.352	0.367	0.535	0.331	0.26	0.395	0.304	0.332	0.352	0.324	0.364	0.304	0.32	0.338	0.351	0.336	0.368	0.472	0.392	0.342	0.38	0.312	0.339	0.353	0.34	0.358	0.313	0.303	0.316	0.331	0.332	0.321	0.353	0.327	0.388	0.339	0.358	0.305	0.333	0.327	0.332	0.362	0.287	0.317	0.332	0.357	0.306	0.309	0.32	0.334	0.355	0.338	0.314	0.329	0.36	0.327	0.316	0.303	0.304	0.266	0.329	
Chromosome	4362812	C	G	0.01	0.165	0.073	0.046	0.058	0.058	0.033	0.057	0.06	0.058	0.229	0.125	0.0	0.0	0.045	0.026	0.04	0.109	0.031	0.038	0.033	0.01	0.019	0.013	0.142	0.112	0.091	0.035	0.046	0.02	0.022	0.051	0.04	0.111	0.004	0.0	0.017	0.027	0.0	0.0	0.006	0.109	0.111	0.057	0.009	0.008	0.0	0.0	0.023	0.015	0.044	0.005	0.02	0.0	0.021	0.031	0.009	0.01	0.013	0.011	0.005	0.005	0.014	0.006	0.035	0.003	0.002	0.003	0.0	
Chromosome	4362815	C	G	0.007	0.105	0.087	0.047	0.017	0.085	0.047	0.057	0.036	0.052	0.156	0.069	0.0	0.0	0.031	0.045	0.025	0.026	0.016	0.044	0.017	0.01	0.015	0.009	0.038	0.062	0.063	0.041	0.032	0.027	0.051	0.053	0.056	0.035	0.009	0.014	0.027	0.014	0.0	0.007	0.003	0.069	0.048	0.05	0.012	0.0	0.0	0.0	0.023	0.025	0.022	0.0	0.015	0.0	0.015	0.021	0.017	0.007	0.013	0.013	0.005	0.005	0.02	0.0	0.022	0.006	0.011	0.009	0.0	
Chromosome	4362816	T	G	0.089	0.195	0.209	0.213	0.242	0.247	0.219	0.221	0.204	0.175	0.172	0.2	0.0	0.047	0.197	0.175	0.197	0.189	0.15	0.15	0.15	0.119	0.091	0.11	0.208	0.125	0.189	0.161	0.194	0.132	0.227	0.199	0.194	0.151	0.103	0.111	0.12	0.091	0.059	0.082	0.055	0.184	0.174	0.16	0.093	0.112	0.086	0.0	0.133	0.148	0.135	0.0	0.123	0.0	0.107	0.138	0.108	0.118	0.117	0.104	0.111	0.084	0.1	0.082	0.168	0.078	0.081	0.097	0.0	
Chromosome	4433293	A	T	0.094	0.125	0.168	0.133	0.16	0.194	0.2	0.178	0.135	0.163	0.053	0.046	0.0	0.032	0.164	0.16	0.164	0.105	0.17	0.124	0.138	0.127	0.055	0.061	0.076	0.054	0.189	0.12	0.221	0.178	0.18	0.088	0.176	0.118	0.07	0.059	0.057	0.073	0.132	0.123	0.04	0.06	0.019	0.124	0.148	0.146	0.102	0.0	0.099	0.149	0.108	0.0	0.13	0.0	0.047	0.081	0.115	0.13	0.153	0.115	0.124	0.109	0.063	0.062	0.183	0.085	0.144	0.109	0.007	
Chromosome	4433294	T	G	0.099	0.161	0.126	0.199	0.151	0.274	0.2	0.254	0.148	0.171	0.19	0.068	0.0	0.023	0.223	0.176	0.194	0.095	0.214	0.226	0.159	0.085	0.089	0.1	0.145	0.11	0.151	0.148	0.284	0.225	0.179	0.146	0.188	0.138	0.094	0.07	0.084	0.096	0.098	0.126	0.033	0.129	0.118	0.187	0.108	0.103	0.102	0.0	0.167	0.206	0.137	0.0	0.153	0.0	0.079	0.116	0.123	0.097	0.122	0.141	0.147	0.119	0.101	0.069	0.155	0.074	0.129	0.103	0.0	
Chromosome	4433310	G	C	0.049	0.194	0.105	0.13	0.15	0.178	0.14	0.14	0.138	0.106	0.267	0.188	0.0	0.008	0.129	0.121	0.173	0.159	0.121	0.151	0.121	0.084	0.046	0.082	0.231	0.194	0.133	0.126	0.136	0.173	0.109	0.094	0.141	0.151	0.052	0.093	0.07	0.083	0.03	0.048	0.034	0.161	0.2	0.089	0.056	0.068	0.038	0.0	0.118	0.093	0.077	0.0	0.107	0.006	0.091	0.106	0.061	0.05	0.077	0.047	0.066	0.048	0.059	0.096	0.088	0.066	0.053	0.049	0.008	
Chromosome	4449579	C	G	0.01	0.083	0.053	0.073	0.075	0.056	0.062	0.041	0.061	0.081	0.031	0.061	0.0	0.022	0.042	0.093	0.054	0.07	0.019	0.041	0.026	0.009	0.009	0.032	0.083	0.101	0.059	0.032	0.026	0.062	0.063	0.047	0.061	0.073	0.023	0.036	0.012	0.004	0.007	0.014	0.004	0.082	0.05	0.038	0.024	0.021	0.018	0.0	0.076	0.047	0.021	0.0	0.033	0.0	0.031	0.04	0.025	0.017	0.013	0.01	0.025	0.009	0.041	0.031	0.045	0.012	0.013	0.016	0.0	
Chromosome	4449585	A	C	0.09	0.165	0.146	0.238	0.248	0.23	0.192	0.15	0.226	0.25	0.179	0.173	0.01	0.083	0.189	0.209	0.286	0.174	0.106	0.16	0.162	0.081	0.115	0.118	0.223	0.18	0.175	0.234	0.186	0.238	0.183	0.143	0.221	0.168	0.102	0.133	0.137	0.105	0.109	0.093	0.068	0.153	0.168	0.207	0.122	0.102	0.106	0.011	0.17	0.213	0.157	0.0	0.176	0.0	0.058	0.177	0.17	0.097	0.103	0.111	0.115	0.1	0.146	0.114	0.118	0.128	0.147	0.072	0.0	
Chromosome	4541912	C	G	0.038	0.153	0.092	0.077	0.084	0.067	0.023	0.074	0.123	0.102	0.194	0.094	0.0	0.0	0.038	0.043	0.083	0.114	0.101	0.029	0.039	0.124	0.054	0.069	0.105	0.105	0.049	0.086	0.086	0.092	0.071	0.082	0.073	0.098	0.077	0.071	0.081	0.061	0.028	0.025	0.056	0.101	0.071	0.042	0.067	0.024	0.027	0.0	0.094	0.076	0.092	0.006	0.054	0.0	0.102	0.057	0.044	0.051	0.042	0.028	0.043	0.013	0.091	0.086	0.07	0.027	0.045	0.03	0.0	
Chromosome	4541914	T	G	0.06	0.107	0.124	0.156	0.212	0.149	0.125	0.156	0.156	0.165	0.138	0.126	0.0	0.061	0.12	0.113	0.096	0.13	0.149	0.101	0.103	0.153	0.108	0.159	0.076	0.043	0.067	0.145	0.15	0.108	0.072	0.124	0.121	0.121	0.141	0.123	0.145	0.12	0.082	0.086	0.074	0.147	0.089	0.07	0.089	0.102	0.087	0.005	0.127	0.169	0.2	0.0	0.114	0.0	0.104	0.142	0.118	0.082	0.089	0.098	0.143	0.108	0.143	0.147	0.081	0.069	0.073	0.084	0.007	
Chromosome	4541919	G	C	0.123	0.16	0.247	0.244	0.291	0.269	0.204	0.268	0.204	0.204	0.207	0.2	0.017	0.088	0.144	0.204	0.192	0.281	0.212	0.137	0.144	0.202	0.129	0.139	0.126	0.152	0.14	0.231	0.254	0.22	0.156	0.216	0.25	0.129	0.136	0.123	0.148	0.163	0.129	0.148	0.136	0.195	0.149	0.11	0.14	0.15	0.165	0.01	0.202	0.178	0.283	0.017	0.178	0.022	0.135	0.168	0.159	0.199	0.166	0.161	0.165	0.15	0.163	0.148	0.182	0.163	0.166	0.191	0.021	
Chromosome	4541922	G	C	0.114	0.123	0.198	0.171	0.242	0.194	0.191	0.206	0.216	0.184	0.179	0.106	0.0	0.067	0.153	0.142	0.13	0.221	0.181	0.133	0.15	0.151	0.077	0.079	0.09	0.091	0.15	0.184	0.22	0.195	0.13	0.117	0.185	0.109	0.095	0.133	0.082	0.079	0.071	0.12	0.104	0.1	0.062	0.095	0.123	0.117	0.119	0.026	0.178	0.126	0.17	0.03	0.148	0.017	0.045	0.16	0.165	0.16	0.115	0.14	0.122	0.108	0.152	0.133	0.142	0.109	0.125	0.16	0.0	
Chromosome	4541923	T	G	0.114	0.148	0.283	0.258	0.252	0.238	0.244	0.299	0.261	0.27	0.214	0.174	0.023	0.074	0.176	0.179	0.314	0.249	0.247	0.14	0.16	0.139	0.13	0.189	0.089	0.114	0.178	0.184	0.231	0.297	0.198	0.193	0.222	0.144	0.218	0.157	0.13	0.156	0.134	0.138	0.125	0.152	0.083	0.161	0.187	0.146	0.14	0.005	0.226	0.247	0.291	0.006	0.195	0.006	0.112	0.199	0.172	0.178	0.133	0.15	0.177	0.162	0.194	0.196	0.182	0.136	0.133	0.192	0.035	
Chromosome	4639740	A	C	0.103	0.251	0.232	0.265	0.212	0.268	0.262	0.243	0.363	0.214	0.16	0.202	0.005	0.077	0.239	0.208	0.314	0.24	0.254	0.246	0.234	0.164	0.141	0.153	0.286	0.268	0.217	0.248	0.173	0.263	0.284	0.177	0.169	0.267	0.132	0.132	0.111	0.145	0.113	0.12	0.108	0.23	0.218	0.254	0.157	0.125	0.111	0.014	0.189	0.18	0.19	0.005	0.218	0.0	0.219	0.233	0.132	0.125	0.115	0.134	0.124	0.127	0.169	0.175	0.171	0.149	0.122	0.122	0.006	
Chromosome	4654591	T	G	0.022	0.121	0.051	0.085	0.112	0.061	0.123	0.132	0.11	0.115	0.094	0.077	0.0	0.008	0.067	0.042	0.042	0.053	0.071	0.067	0.082	0.025	0.027	0.044	0.068	0.077	0.143	0.078	0.104	0.078	0.086	0.083	0.095	0.052	0.045	0.047	0.018	0.033	0.023	0.018	0.024	0.092	0.066	0.093	0.035	0.029	0.007	0.005	0.063	0.04	0.069	0.0	0.048	0.0	0.047	0.069	0.042	0.037	0.058	0.031	0.015	0.017	0.037	0.036	0.075	0.033	0.031	0.024	0.0	
Chromosome	4654601	T	G	0.055	0.143	0.119	0.171	0.074	0.107	0.128	0.148	0.083	0.163	0.152	0.077	0.011	0.008	0.055	0.064	0.076	0.109	0.081	0.083	0.069	0.038	0.029	0.039	0.06	0.057	0.12	0.092	0.147	0.149	0.123	0.098	0.096	0.057	0.021	0.024	0.027	0.049	0.016	0.021	0.02	0.068	0.062	0.1	0.037	0.02	0.02	0.0	0.07	0.077	0.059	0.0	0.074	0.0	0.027	0.044	0.021	0.016	0.025	0.025	0.025	0.023	0.032	0.016	0.062	0.017	0.021	0.027	0.0	
Chromosome	4654605	A	C	0.012	0.058	0.01	0.047	0.034	0.045	0.064	0.044	0.054	0.04	0.0	0.034	0.0	0.008	0.04	0.031	0.0	0.029	0.016	0.007	0.019	0.013	0.011	0.0	0.006	0.015	0.034	0.044	0.013	0.022	0.041	0.03	0.037	0.019	0.0	0.005	0.014	0.004	0.003	0.011	0.012	0.014	0.024	0.041	0.003	0.003	0.003	0.0	0.015	0.017	0.01	0.006	0.038	0.0	0.011	0.02	0.012	0.008	0.009	0.015	0.01	0.009	0.011	0.01	0.011	0.015	0.008	0.006	0.0	
Chromosome	4693397	G	C	0.067	0.218	0.151	0.248	0.129	0.277	0.214	0.176	0.214	0.189	0.186	0.191	0.0	0.042	0.235	0.206	0.237	0.18	0.156	0.148	0.161	0.113	0.107	0.125	0.213	0.196	0.167	0.183	0.226	0.186	0.255	0.211	0.267	0.186	0.134	0.107	0.104	0.112	0.059	0.083	0.04	0.184	0.233	0.143	0.075	0.087	0.071	0.006	0.164	0.215	0.187	0.0	0.172	0.006	0.284	0.183	0.112	0.057	0.088	0.068	0.072	0.044	0.097	0.114	0.118	0.076	0.088	0.042	0.0	
Chromosome	4711432	G	A	0.0	0.187	0.0	0.0	0.0	0.0	0.0	0.0	0.0	0.0	0.0	0.0	0.0	0.0	0.0	0.0	0.0	0.0	0.0	0.0	0.0	0.0	0.0	0.0	0.0	0.0	0.0	0.0	0.0	0.0	0.0	0.0	0.0	0.0	0.0	0.0	0.004	0.0	0.0	0.0	0.0	0.0	0.0	0.0	0.0	0.0	0.0	0.0	0.0	0.0	0.0	0.0	0.0	0.0	0.0	0.0	0.003	0.0	0.0	0.0	0.0	0.0	0.0	0.0	0.0	0.0	0.0	0.0	0.0	
Chromosome	4738593	T	G	0.097	0.254	0.207	0.203	0.242	0.261	0.25	0.243	0.269	0.239	0.227	0.228	0.0	0.031	0.179	0.202	0.241	0.214	0.183	0.142	0.2	0.133	0.139	0.101	0.289	0.269	0.154	0.148	0.238	0.213	0.319	0.172	0.299	0.22	0.115	0.132	0.082	0.122	0.114	0.129	0.088	0.172	0.237	0.268	0.098	0.114	0.091	0.0	0.173	0.165	0.22	0.006	0.173	0.0	0.122	0.183	0.112	0.096	0.109	0.11	0.104	0.095	0.101	0.14	0.197	0.11	0.133	0.072	0.0	
Chromosome	4777772	T	G	0.043	0.113	0.086	0.142	0.112	0.187	0.138	0.118	0.208	0.17	0.105	0.09	0.006	0.011	0.085	0.189	0.117	0.084	0.111	0.068	0.075	0.07	0.022	0.053	0.106	0.127	0.16	0.126	0.151	0.149	0.157	0.21	0.097	0.093	0.059	0.025	0.036	0.058	0.022	0.038	0.043	0.099	0.106	0.094	0.028	0.06	0.035	0.0	0.091	0.087	0.07	0.0	0.118	0.0	0.051	0.099	0.055	0.06	0.028	0.051	0.04	0.033	0.06	0.034	0.059	0.042	0.034	0.035	0.007	
Chromosome	4795816	T	G	0.176	0.184	0.237	0.199	0.344	0.315	0.248	0.242	0.24	0.294	0.147	0.167	0.0	0.104	0.226	0.265	0.184	0.159	0.223	0.239	0.23	0.187	0.138	0.152	0.184	0.179	0.191	0.232	0.262	0.226	0.233	0.22	0.223	0.12	0.107	0.144	0.145	0.146	0.17	0.161	0.131	0.156	0.123	0.223	0.188	0.157	0.158	0.0	0.203	0.203	0.249	0.0	0.231	0.014	0.096	0.267	0.111	0.207	0.164	0.178	0.191	0.202	0.18	0.145	0.236	0.2	0.154	0.196	0.019	
Chromosome	4987517	G	A	0.0	0.121	0.0	0.0	0.0	0.0	0.0	0.0	0.0	0.0	0.0	0.0	0.0	0.0	0.0	0.0	0.0	0.0	0.0	0.0	0.0	0.0	0.0	0.0	0.0	0.0	0.0	0.0	0.0	0.0	0.0	0.0	0.0	0.0	0.0	0.0	0.0	0.0	0.0	0.0	0.0	0.0	0.0	0.0	0.0	0.0	0.0	0.0	0.0	0.0	0.0	0.0	0.0	0.0	0.0	0.0	0.0	0.0	0.0	0.0	0.0	0.0	0.0	0.0	0.0	0.0	0.0	0.0	0.0	
Chromosome	5011791	A	C	0.072	0.152	0.144	0.161	0.168	0.142	0.192	0.148	0.134	0.231	0.156	0.096	0.011	0.008	0.193	0.159	0.156	0.129	0.118	0.065	0.133	0.069	0.074	0.054	0.126	0.107	0.145	0.166	0.106	0.126	0.126	0.126	0.09	0.115	0.092	0.077	0.088	0.099	0.032	0.082	0.038	0.104	0.121	0.108	0.054	0.068	0.077	0.0	0.125	0.146	0.134	0.0	0.14	0.004	0.079	0.08	0.064	0.052	0.056	0.075	0.065	0.058	0.074	0.085	0.071	0.067	0.046	0.052	0.0	
Chromosome	5046383	A	C	0.092	0.162	0.188	0.23	0.178	0.22	0.217	0.164	0.233	0.186	0.27	0.127	0.006	0.059	0.16	0.163	0.205	0.077	0.09	0.09	0.144	0.094	0.087	0.061	0.12	0.086	0.141	0.125	0.158	0.164	0.178	0.194	0.104	0.11	0.061	0.087	0.093	0.083	0.049	0.058	0.063	0.145	0.112	0.134	0.068	0.06	0.06	0.0	0.163	0.14	0.118	0.0	0.148	0.006	0.105	0.129	0.057	0.059	0.062	0.085	0.062	0.072	0.081	0.071	0.071	0.062	0.083	0.073	0.0	
Chromosome	5046386	T	G	0.115	0.168	0.28	0.319	0.292	0.26	0.22	0.241	0.292	0.348	0.312	0.149	0.0	0.108	0.293	0.325	0.262	0.135	0.162	0.199	0.197	0.076	0.124	0.112	0.111	0.131	0.209	0.353	0.301	0.292	0.281	0.228	0.228	0.111	0.102	0.117	0.077	0.111	0.06	0.098	0.059	0.12	0.12	0.26	0.068	0.104	0.078	0.01	0.186	0.151	0.197	0.007	0.182	0.0	0.123	0.212	0.135	0.098	0.093	0.125	0.096	0.09	0.114	0.063	0.129	0.074	0.11	0.115	0.007	
Chromosome	5130928	A	C	0.149	0.192	0.185	0.188	0.135	0.222	0.174	0.245	0.218	0.176	0.208	0.191	0.012	0.137	0.272	0.19	0.239	0.157	0.162	0.141	0.127	0.169	0.114	0.179	0.107	0.17	0.188	0.238	0.191	0.207	0.168	0.165	0.159	0.168	0.162	0.108	0.144	0.153	0.172	0.137	0.148	0.207	0.134	0.146	0.141	0.146	0.138	0.0	0.18	0.141	0.166	0.0	0.143	0.019	0.124	0.135	0.139	0.174	0.132	0.161	0.18	0.147	0.161	0.192	0.158	0.165	0.122	0.13	0.01	
Chromosome	5218294	T	G	0.041	0.143	0.071	0.076	0.088	0.072	0.1	0.086	0.082	0.068	0.098	0.08	0.0	0.013	0.076	0.081	0.043	0.051	0.067	0.071	0.062	0.024	0.027	0.005	0.081	0.073	0.101	0.098	0.067	0.091	0.073	0.079	0.092	0.076	0.028	0.042	0.021	0.005	0.02	0.015	0.011	0.098	0.056	0.069	0.004	0.024	0.009	0.0	0.054	0.075	0.059	0.0	0.093	0.0	0.047	0.086	0.038	0.014	0.025	0.035	0.021	0.017	0.036	0.044	0.029	0.013	0.018	0.035	0.0	
Chromosome	5292499	A	C	0.056	0.153	0.178	0.257	0.2	0.219	0.203	0.189	0.264	0.254	0.114	0.146	0.006	0.023	0.169	0.15	0.147	0.134	0.114	0.078	0.137	0.093	0.073	0.068	0.115	0.078	0.172	0.18	0.186	0.16	0.196	0.095	0.153	0.117	0.073	0.07	0.062	0.04	0.037	0.075	0.061	0.117	0.124	0.213	0.053	0.092	0.077	0.0	0.11	0.125	0.126	0.0	0.099	0.005	0.057	0.069	0.06	0.075	0.077	0.09	0.09	0.051	0.078	0.041	0.093	0.088	0.054	0.041	0.0	
Chromosome	5461789	T	G	0.108	0.472	0.327	0.487	0.46	0.532	0.438	0.352	0.44	0.413	0.6	0.342	0.011	0.107	0.359	0.451	0.46	0.412	0.349	0.333	0.346	0.225	0.197	0.174	0.5	0.404	0.315	0.39	0.494	0.459	0.457	0.602	0.455	0.442	0.239	0.237	0.217	0.231	0.174	0.22	0.145	0.316	0.327	0.353	0.17	0.168	0.167	0.0	0.33	0.357	0.409	0.008	0.326	0.006	0.263	0.33	0.181	0.164	0.215	0.163	0.144	0.082	0.179	0.278	0.232	0.118	0.137	0.175	0.01	
Chromosome	5461792	C	G	0.043	0.201	0.143	0.165	0.161	0.242	0.148	0.111	0.21	0.242	0.305	0.125	0.0	0.0	0.129	0.294	0.138	0.163	0.101	0.053	0.105	0.036	0.069	0.076	0.154	0.179	0.204	0.207	0.202	0.172	0.2	0.253	0.194	0.214	0.085	0.076	0.057	0.05	0.015	0.073	0.005	0.152	0.151	0.202	0.056	0.044	0.03	0.0	0.104	0.134	0.15	0.0	0.047	0.0	0.144	0.14	0.058	0.047	0.049	0.048	0.03	0.043	0.04	0.035	0.123	0.063	0.044	0.044	0.0	
Chromosome	5512267	A	C	0.136	0.301	0.179	0.237	0.242	0.247	0.222	0.264	0.202	0.262	0.289	0.2	0.005	0.136	0.148	0.275	0.185	0.193	0.247	0.181	0.204	0.122	0.205	0.17	0.194	0.214	0.205	0.27	0.237	0.228	0.226	0.227	0.195	0.233	0.173	0.184	0.201	0.177	0.138	0.15	0.116	0.181	0.239	0.144	0.131	0.143	0.133	0.0	0.181	0.201	0.176	0.006	0.208	0.005	0.164	0.26	0.116	0.126	0.154	0.129	0.12	0.087	0.192	0.169	0.136	0.123	0.111	0.126	0.0	
Chromosome	5603082	G	A	0.0	0.253	0.0	0.0	0.0	0.0	0.0	0.0	0.006	0.0	0.0	0.0	0.0	0.0	0.0	0.0	0.0	0.0	0.0	0.0	0.0	0.0	0.0	0.0	0.0	0.0	0.0	0.0	0.0	0.006	0.0	0.0	0.0	0.0	0.0	0.0	0.0	0.0	0.0	0.0	0.0	0.0	0.0	0.0	0.0	0.002	0.0	0.0	0.0	0.0	0.0	0.0	0.0	0.006	0.0	0.0	0.003	0.003	0.0	0.0	0.0	0.0	0.0	0.0	0.0	0.0	0.0	0.0	0.0	
Chromosome	5627616	T	TC	0.003	0.152	0.0	0.0	0.0	0.0	0.0	0.0	0.0	0.0	0.0	0.0	0.0	0.0	0.0	0.0	0.0	0.004	0.0	0.0	0.0	0.0	0.0	0.0	0.0	0.0	0.0	0.0	0.0	0.0	0.0	0.0	0.0	0.005	0.0	0.0	0.0	0.0	0.0	0.0	0.0	0.0	0.0	0.0	0.0	0.0	0.0	0.0	0.0	0.0	0.0	0.0	0.0	0.0	0.0	0.0	0.0	0.0	0.0	0.0	0.0	0.0	0.0	0.0	0.004	0.0	0.0	0.0	0.0	
Chromosome	5651226	A	G	0.228	0.22	0.114	0.149	0.187	0.235	0.206	0.218	0.195	0.261	0.056	0.216	0.0	0.06	0.278	0.245	0.261	0.212	0.256	0.243	0.196	0.136	0.168	0.18	0.23	0.183	0.32	0.153	0.194	0.222	0.178	0.219	0.222	0.232	0.167	0.169	0.171	0.112	0.181	0.18	0.093	0.177	0.235	0.229	0.199	0.162	0.141	0.006	0.204	0.284	0.228	0.0	0.198	0.0	0.106	0.174	0.147	0.233	0.131	0.209	0.186	0.209	0.171	0.139	0.22	0.244	0.18	0.222	0.0	
Chromosome	5671905	A	C	0.092	0.169	0.118	0.094	0.066	0.14	0.085	0.11	0.071	0.079	0.211	0.15	0.023	0.093	0.105	0.073	0.064	0.13	0.13	0.146	0.088	0.096	0.103	0.093	0.105	0.196	0.092	0.131	0.102	0.058	0.113	0.112	0.151	0.152	0.104	0.123	0.13	0.085	0.089	0.083	0.062	0.144	0.11	0.123	0.064	0.078	0.101	0.013	0.091	0.092	0.127	0.025	0.084	0.01	0.083	0.16	0.075	0.099	0.108	0.084	0.082	0.08	0.089	0.133	0.092	0.087	0.057	0.085	0.024	
Chromosome	5693406	T	G	0.162	0.247	0.206	0.369	0.397	0.244	0.485	0.366	0.293	0.259	0.4	0.303	0.0	0.044	0.177	0.348	0.288	0.23	0.181	0.171	0.255	0.143	0.16	0.117	0.204	0.343	0.196	0.286	0.353	0.279	0.213	0.363	0.268	0.273	0.18	0.182	0.141	0.149	0.12	0.115	0.081	0.186	0.262	0.214	0.119	0.154	0.11	0.0	0.25	0.274	0.218	0.0	0.174	0.0	0.065	0.238	0.164	0.167	0.141	0.162	0.132	0.16	0.142	0.131	0.201	0.18	0.12	0.134	0.0	
Chromosome	5693409	C	G	0.205	0.437	0.348	0.524	0.549	0.461	0.455	0.434	0.378	0.37	0.629	0.394	0.0	0.115	0.458	0.42	0.361	0.413	0.286	0.275	0.295	0.238	0.159	0.164	0.525	0.508	0.348	0.316	0.427	0.388	0.347	0.42	0.432	0.374	0.217	0.246	0.267	0.244	0.248	0.23	0.26	0.37	0.408	0.339	0.245	0.208	0.2	0.0	0.291	0.274	0.224	0.0	0.196	0.0	0.21	0.281	0.193	0.258	0.211	0.242	0.238	0.229	0.248	0.239	0.322	0.243	0.225	0.17	0.0	
Chromosome	5693423	T	C	0.133	0.263	0.164	0.395	0.305	0.21	0.274	0.275	0.26	0.224	0.455	0.223	0.006	0.0	0.224	0.221	0.236	0.267	0.108	0.153	0.196	0.128	0.14	0.081	0.307	0.354	0.237	0.269	0.337	0.2	0.21	0.267	0.271	0.303	0.193	0.142	0.111	0.136	0.146	0.089	0.07	0.2	0.164	0.15	0.103	0.118	0.101	0.0	0.187	0.167	0.151	0.0	0.078	0.006	0.132	0.191	0.075	0.124	0.11	0.127	0.128	0.085	0.099	0.152	0.175	0.146	0.131	0.139	0.0	
Chromosome	5730207	T	G	0.077	0.089	0.142	0.161	0.161	0.16	0.197	0.139	0.186	0.27	0.068	0.095	0.0	0.044	0.22	0.264	0.221	0.105	0.076	0.117	0.076	0.071	0.083	0.109	0.134	0.136	0.14	0.145	0.16	0.168	0.183	0.109	0.129	0.081	0.067	0.066	0.111	0.095	0.067	0.083	0.032	0.071	0.116	0.147	0.053	0.09	0.08	0.0	0.129	0.137	0.127	0.0	0.099	0.011	0.049	0.102	0.053	0.068	0.068	0.069	0.08	0.05	0.1	0.091	0.095	0.054	0.068	0.076	0.0	
Chromosome	5757785	T	G	0.091	0.145	0.073	0.106	0.126	0.117	0.058	0.105	0.101	0.069	0.148	0.114	0.0	0.063	0.086	0.145	0.075	0.098	0.066	0.103	0.077	0.103	0.11	0.125	0.109	0.101	0.148	0.083	0.089	0.102	0.099	0.053	0.163	0.103	0.113	0.124	0.152	0.116	0.084	0.114	0.091	0.123	0.127	0.071	0.092	0.095	0.09	0.0	0.104	0.121	0.155	0.0	0.074	0.0	0.16	0.085	0.115	0.072	0.114	0.1	0.088	0.08	0.151	0.114	0.089	0.105	0.074	0.074	0.0	
Chromosome	5758976	T	G	0.068	0.099	0.135	0.06	0.143	0.12	0.167	0.144	0.111	0.161	0.097	0.091	0.0	0.024	0.109	0.095	0.153	0.105	0.105	0.125	0.098	0.068	0.065	0.069	0.114	0.111	0.148	0.102	0.129	0.119	0.163	0.115	0.094	0.098	0.048	0.066	0.071	0.056	0.045	0.062	0.038	0.077	0.083	0.105	0.077	0.036	0.061	0.011	0.121	0.156	0.102	0.006	0.134	0.0	0.069	0.077	0.056	0.057	0.078	0.057	0.054	0.049	0.041	0.075	0.101	0.054	0.07	0.05	0.015	
Chromosome	5787036	T	G	0.042	0.143	0.25	0.219	0.239	0.297	0.269	0.256	0.287	0.252	0.255	0.107	0.0	0.046	0.212	0.202	0.194	0.117	0.101	0.089	0.077	0.075	0.094	0.076	0.159	0.077	0.211	0.267	0.234	0.26	0.289	0.269	0.127	0.103	0.061	0.082	0.077	0.078	0.037	0.054	0.036	0.158	0.162	0.125	0.041	0.032	0.033	0.0	0.112	0.097	0.128	0.008	0.102	0.007	0.122	0.115	0.044	0.048	0.052	0.056	0.055	0.06	0.111	0.113	0.08	0.052	0.036	0.025	0.0	
Chromosome	5787045	T	G	0.055	0.135	0.135	0.165	0.202	0.204	0.195	0.163	0.128	0.221	0.171	0.07	0.006	0.031	0.195	0.117	0.168	0.116	0.122	0.105	0.076	0.108	0.109	0.06	0.052	0.076	0.167	0.151	0.177	0.17	0.135	0.125	0.189	0.09	0.079	0.066	0.125	0.077	0.069	0.053	0.044	0.073	0.131	0.118	0.052	0.056	0.05	0.0	0.089	0.102	0.116	0.0	0.084	0.0	0.081	0.118	0.047	0.048	0.073	0.077	0.07	0.037	0.087	0.133	0.113	0.06	0.064	0.025	0.0	
Chromosome	5812445	C	G	0.335	0.681	0.327	0.483	0.413	0.508	0.293	0.429	0.479	0.487	0.583	0.715	0.0	0.425	0.324	0.421	0.34	0.553	0.421	0.429	0.43	0.491	0.487	0.472	0.644	0.607	0.481	0.34	0.448	0.383	0.383	0.491	0.458	0.602	0.504	0.531	0.593	0.504	0.367	0.358	0.452	0.66	0.68	0.407	0.392	0.362	0.337	0.0	0.382	0.446	0.398	0.007	0.391	0.0	0.649	0.396	0.415	0.394	0.402	0.374	0.399	0.323	0.375	0.532	0.444	0.292	0.385	0.383	0.0	
Chromosome	5812482	A	C	0.256	0.417	0.362	0.365	0.422	0.321	0.273	0.357	0.362	0.512	0.263	0.381	0.0	0.248	0.364	0.286	0.176	0.433	0.274	0.256	0.256	0.232	0.276	0.298	0.516	0.469	0.357	0.236	0.3	0.447	0.264	0.375	0.394	0.43	0.339	0.29	0.267	0.379	0.224	0.271	0.217	0.482	0.423	0.312	0.243	0.243	0.247	0.006	0.34	0.26	0.306	0.036	0.263	0.006	0.41	0.374	0.302	0.23	0.234	0.25	0.252	0.225	0.308	0.432	0.394	0.266	0.202	0.209	0.007	
Chromosome	5917291	A	C	0.095	0.153	0.194	0.23	0.186	0.265	0.219	0.264	0.229	0.185	0.273	0.11	0.0	0.048	0.127	0.248	0.237	0.134	0.102	0.107	0.132	0.056	0.165	0.116	0.13	0.223	0.156	0.169	0.211	0.188	0.175	0.201	0.116	0.131	0.09	0.126	0.108	0.114	0.098	0.093	0.074	0.193	0.136	0.158	0.074	0.113	0.076	0.007	0.149	0.2	0.116	0.007	0.126	0.006	0.087	0.105	0.096	0.089	0.096	0.098	0.1	0.068	0.114	0.121	0.101	0.083	0.078	0.071	0.008	
Chromosome	5917300	T	G	0.079	0.147	0.178	0.279	0.186	0.248	0.149	0.215	0.24	0.217	0.22	0.054	0.0	0.024	0.155	0.185	0.217	0.08	0.079	0.114	0.111	0.053	0.106	0.082	0.097	0.154	0.174	0.173	0.165	0.181	0.163	0.205	0.137	0.126	0.041	0.101	0.062	0.057	0.046	0.06	0.045	0.061	0.075	0.153	0.072	0.054	0.058	0.0	0.139	0.126	0.14	0.022	0.093	0.0	0.086	0.122	0.053	0.071	0.072	0.088	0.063	0.051	0.083	0.094	0.13	0.067	0.076	0.088	0.0	
Chromosome	5921663	A	C	0.052	0.108	0.088	0.183	0.172	0.181	0.14	0.1	0.202	0.095	0.091	0.06	0.0	0.014	0.15	0.152	0.142	0.083	0.122	0.072	0.082	0.032	0.013	0.036	0.04	0.091	0.125	0.117	0.133	0.148	0.085	0.165	0.131	0.032	0.05	0.078	0.049	0.049	0.048	0.061	0.022	0.074	0.155	0.11	0.072	0.078	0.032	0.0	0.128	0.068	0.102	0.0	0.046	0.0	0.034	0.098	0.083	0.042	0.058	0.051	0.031	0.056	0.08	0.043	0.072	0.036	0.037	0.029	0.0	
Chromosome	5921672	C	A	0.201	0.081	0.141	0.193	0.15	0.231	0.272	0.173	0.14	0.205	0.0	0.058	0.0	0.066	0.184	0.178	0.21	0.015	0.171	0.183	0.212	0.1	0.096	0.067	0.052	0.034	0.177	0.152	0.22	0.152	0.189	0.267	0.186	0.022	0.051	0.067	0.066	0.088	0.172	0.22	0.067	0.025	0.078	0.212	0.19	0.185	0.16	0.0	0.19	0.134	0.21	0.0	0.124	0.0	0.056	0.125	0.18	0.211	0.186	0.154	0.131	0.205	0.098	0.049	0.21	0.166	0.161	0.156	0.0	
Chromosome	5921674	T	A	0.198	0.067	0.194	0.333	0.139	0.225	0.248	0.174	0.165	0.195	0.0	0.058	0.0	0.08	0.104	0.213	0.168	0.023	0.173	0.177	0.152	0.064	0.057	0.058	0.043	0.071	0.18	0.159	0.22	0.174	0.171	0.23	0.195	0.034	0.064	0.035	0.027	0.053	0.162	0.207	0.07	0.048	0.084	0.211	0.19	0.184	0.128	0.0	0.212	0.116	0.167	0.0	0.126	0.0	0.027	0.138	0.201	0.233	0.143	0.176	0.129	0.207	0.09	0.099	0.191	0.185	0.135	0.161	0.0	
Chromosome	5977753	A	T	0.022	0.09	0.173	0.14	0.077	0.147	0.119	0.052	0.098	0.117	0.125	0.045	0.0	0.009	0.145	0.154	0.081	0.065	0.077	0.094	0.088	0.012	0.021	0.023	0.057	0.082	0.085	0.117	0.141	0.088	0.086	0.143	0.104	0.058	0.029	0.021	0.019	0.012	0.031	0.05	0.032	0.034	0.042	0.111	0.053	0.044	0.014	0.0	0.064	0.082	0.048	0.0	0.054	0.0	0.023	0.11	0.059	0.047	0.039	0.047	0.04	0.039	0.02	0.038	0.079	0.024	0.048	0.033	0.0	
Chromosome	6065279	A	C	0.132	0.21	0.198	0.196	0.284	0.145	0.16	0.215	0.28	0.21	0.2	0.181	0.0	0.092	0.213	0.229	0.288	0.165	0.171	0.211	0.178	0.14	0.127	0.136	0.215	0.134	0.203	0.27	0.198	0.23	0.222	0.204	0.207	0.184	0.102	0.126	0.117	0.118	0.119	0.136	0.049	0.166	0.196	0.177	0.13	0.136	0.117	0.0	0.129	0.199	0.181	0.0	0.173	0.0	0.161	0.157	0.11	0.107	0.121	0.152	0.167	0.17	0.132	0.108	0.122	0.111	0.13	0.125	0.0	
Chromosome	6075172	A	C	0.13	0.333	0.314	0.188	0.24	0.219	0.222	0.26	0.152	0.232	0.341	0.328	0.006	0.133	0.18	0.25	0.229	0.3	0.239	0.237	0.211	0.198	0.181	0.189	0.258	0.344	0.211	0.317	0.211	0.241	0.17	0.197	0.258	0.253	0.241	0.213	0.235	0.195	0.18	0.16	0.2	0.299	0.322	0.286	0.152	0.187	0.184	0.006	0.285	0.252	0.289	0.0	0.254	0.007	0.296	0.24	0.184	0.16	0.143	0.155	0.168	0.176	0.206	0.226	0.167	0.176	0.148	0.163	0.0	
Chromosome	6255215	C	G	0.114	0.221	0.261	0.279	0.192	0.238	0.206	0.33	0.304	0.252	0.321	0.24	0.0	0.058	0.202	0.188	0.155	0.199	0.121	0.091	0.151	0.14	0.1	0.138	0.236	0.319	0.113	0.228	0.283	0.16	0.271	0.165	0.222	0.297	0.116	0.093	0.128	0.061	0.073	0.073	0.075	0.241	0.303	0.226	0.107	0.097	0.122	0.0	0.138	0.16	0.106	0.0	0.132	0.0	0.225	0.155	0.103	0.116	0.098	0.092	0.098	0.072	0.074	0.112	0.163	0.089	0.088	0.097	0.0	
Chromosome	6255217	A	G	0.094	0.179	0.244	0.227	0.176	0.212	0.194	0.278	0.255	0.194	0.163	0.137	0.0	0.036	0.14	0.134	0.135	0.147	0.118	0.149	0.154	0.106	0.067	0.087	0.179	0.247	0.168	0.232	0.221	0.16	0.2	0.13	0.239	0.163	0.079	0.123	0.121	0.095	0.064	0.087	0.052	0.176	0.203	0.205	0.116	0.101	0.114	0.0	0.186	0.148	0.119	0.0	0.172	0.0	0.136	0.14	0.097	0.084	0.115	0.082	0.084	0.106	0.11	0.102	0.215	0.128	0.108	0.113	0.0	
Chromosome	6273834	T	G	0.047	0.182	0.097	0.187	0.167	0.149	0.197	0.169	0.14	0.101	0.176	0.088	0.0	0.033	0.173	0.209	0.171	0.141	0.088	0.095	0.09	0.071	0.079	0.042	0.139	0.046	0.109	0.209	0.177	0.188	0.196	0.077	0.115	0.115	0.046	0.083	0.043	0.079	0.049	0.071	0.047	0.098	0.121	0.119	0.057	0.059	0.035	0.016	0.1	0.098	0.093	0.0	0.122	0.0	0.064	0.13	0.053	0.04	0.055	0.086	0.065	0.044	0.079	0.063	0.126	0.048	0.049	0.047	0.0	
Chromosome	6273839	T	G	0.09	0.179	0.096	0.16	0.23	0.154	0.237	0.137	0.184	0.154	0.161	0.092	0.0	0.069	0.213	0.169	0.151	0.119	0.107	0.072	0.176	0.123	0.055	0.078	0.149	0.11	0.18	0.21	0.226	0.16	0.193	0.151	0.155	0.104	0.088	0.073	0.093	0.093	0.079	0.109	0.084	0.122	0.146	0.142	0.088	0.065	0.085	0.0	0.12	0.137	0.14	0.007	0.136	0.0	0.103	0.178	0.057	0.086	0.091	0.119	0.096	0.077	0.083	0.037	0.116	0.09	0.091	0.081	0.0	
Chromosome	6322354	T	A	0.0	0.158	0.0	0.0	0.0	0.0	0.0	0.0	0.005	0.0	0.0	0.205	0.0	0.0	0.0	0.0	0.0	0.0	0.004	0.0	0.0	0.0	0.0	0.0	0.0	0.0	0.0	0.0	0.0	0.0	0.0	0.0	0.0	0.0	0.0	0.0	0.0	0.0	0.0	0.0	0.0	0.0	0.0	0.0	0.0	0.0	0.0	0.0	0.0	0.0	0.0	0.0	0.0	0.0	0.0	0.0	0.0	0.0	0.0	0.0	0.0	0.003	0.0	0.0	0.0	0.003	0.0	0.0	0.0	
Chromosome	6336520	T	G	0.244	0.367	0.415	0.356	0.308	0.3	0.413	0.348	0.358	0.269	0.643	0.391	0.005	0.276	0.378	0.288	0.297	0.35	0.317	0.281	0.321	0.312	0.4	0.35	0.315	0.571	0.4	0.316	0.278	0.293	0.39	0.352	0.407	0.392	0.328	0.381	0.292	0.258	0.246	0.307	0.324	0.34	0.286	0.416	0.335	0.325	0.268	0.005	0.323	0.296	0.347	0.013	0.339	0.017	0.256	0.409	0.246	0.397	0.282	0.317	0.296	0.269	0.343	0.368	0.331	0.288	0.281	0.346	0.0	
Chromosome	6336530	A	C	0.311	0.585	0.548	0.438	0.586	0.506	0.373	0.5	0.523	0.534	0.667	0.403	0.0	0.194	0.423	0.479	0.549	0.364	0.373	0.504	0.319	0.339	0.379	0.409	0.457	0.65	0.426	0.444	0.552	0.448	0.57	0.522	0.415	0.514	0.338	0.433	0.349	0.387	0.218	0.247	0.255	0.371	0.433	0.492	0.307	0.271	0.27	0.0	0.387	0.421	0.424	0.006	0.408	0.0	0.385	0.372	0.288	0.293	0.241	0.255	0.285	0.199	0.331	0.267	0.395	0.258	0.247	0.301	0.0	
Chromosome	6355773	G	C	0.017	0.135	0.094	0.091	0.109	0.121	0.08	0.12	0.1	0.109	0.152	0.076	0.0	0.015	0.085	0.08	0.119	0.087	0.023	0.039	0.028	0.022	0.035	0.027	0.07	0.054	0.056	0.108	0.094	0.131	0.119	0.073	0.063	0.106	0.019	0.015	0.045	0.013	0.02	0.022	0.03	0.072	0.029	0.067	0.026	0.014	0.014	0.0	0.051	0.055	0.036	0.0	0.028	0.0	0.036	0.019	0.022	0.023	0.013	0.028	0.016	0.005	0.012	0.035	0.05	0.017	0.035	0.027	0.0	
Chromosome	6406902	T	TG	0.0	0.168	0.0	0.0	0.0	0.0	0.0	0.0	0.0	0.0	0.0	0.0	0.0	0.0	0.0	0.0	0.0	0.0	0.0	0.0	0.0	0.0	0.0	0.0	0.0	0.0	0.0	0.0	0.0	0.0	0.0	0.0	0.0	0.0	0.0	0.0	0.0	0.0	0.0	0.0	0.0	0.0	0.0	0.0	0.0	0.0	0.0	0.0	0.0	0.0	0.0	0.0	0.0	0.0	0.0	0.0	0.0	0.0	0.0	0.0	0.0	0.0	0.0	0.0	0.0	0.0	0.0	0.0	0.0	
Chromosome	6410346	A	C	0.147	0.17	0.206	0.202	0.167	0.19	0.215	0.22	0.219	0.23	0.179	0.124	0.0	0.031	0.272	0.259	0.222	0.14	0.13	0.141	0.123	0.071	0.07	0.095	0.133	0.115	0.148	0.189	0.214	0.157	0.252	0.243	0.191	0.137	0.074	0.066	0.071	0.097	0.128	0.124	0.037	0.149	0.178	0.215	0.067	0.12	0.101	0.01	0.152	0.149	0.145	0.0	0.177	0.0	0.038	0.197	0.118	0.108	0.119	0.12	0.103	0.104	0.079	0.074	0.147	0.105	0.128	0.121	0.006	
Chromosome	6426626	G	C	0.042	0.166	0.142	0.165	0.092	0.122	0.114	0.075	0.114	0.164	0.125	0.064	0.0	0.01	0.194	0.152	0.129	0.078	0.101	0.064	0.047	0.041	0.058	0.051	0.098	0.086	0.142	0.145	0.114	0.166	0.159	0.135	0.096	0.122	0.037	0.039	0.036	0.037	0.05	0.05	0.034	0.085	0.101	0.108	0.054	0.047	0.038	0.0	0.075	0.051	0.043	0.006	0.124	0.0	0.025	0.099	0.038	0.073	0.048	0.085	0.035	0.032	0.02	0.034	0.087	0.048	0.065	0.025	0.0	
Chromosome	6426629	G	C	0.025	0.091	0.074	0.112	0.078	0.098	0.08	0.098	0.112	0.174	0.064	0.057	0.0	0.01	0.101	0.132	0.095	0.043	0.049	0.032	0.052	0.017	0.03	0.04	0.064	0.042	0.117	0.12	0.087	0.117	0.143	0.105	0.072	0.089	0.028	0.013	0.036	0.021	0.017	0.03	0.024	0.041	0.065	0.108	0.043	0.04	0.006	0.0	0.061	0.061	0.042	0.0	0.048	0.005	0.046	0.056	0.036	0.038	0.02	0.049	0.04	0.032	0.008	0.03	0.061	0.029	0.054	0.029	0.0	
Chromosome	6478702	A	C	0.165	0.224	0.347	0.32	0.324	0.312	0.315	0.296	0.268	0.261	0.222	0.273	0.005	0.067	0.328	0.224	0.229	0.262	0.273	0.219	0.215	0.16	0.17	0.169	0.228	0.167	0.173	0.264	0.313	0.289	0.181	0.205	0.216	0.255	0.147	0.168	0.198	0.167	0.116	0.158	0.13	0.234	0.237	0.259	0.131	0.136	0.102	0.005	0.226	0.227	0.246	0.0	0.298	0.0	0.123	0.2	0.152	0.139	0.142	0.154	0.117	0.124	0.164	0.186	0.224	0.088	0.134	0.114	0.007	
Chromosome	6501291	C	G	0.217	0.292	0.176	0.252	0.217	0.184	0.267	0.198	0.158	0.284	0.348	0.286	0.051	0.25	0.211	0.201	0.196	0.331	0.28	0.243	0.194	0.263	0.18	0.253	0.272	0.347	0.213	0.212	0.205	0.214	0.209	0.226	0.284	0.329	0.273	0.211	0.262	0.28	0.235	0.218	0.213	0.276	0.274	0.246	0.231	0.164	0.154	0.062	0.277	0.245	0.315	0.076	0.253	0.06	0.246	0.277	0.149	0.199	0.228	0.185	0.241	0.189	0.258	0.275	0.211	0.219	0.183	0.242	0.014	
Chromosome	6635085	C	G	0.281	0.313	0.287	0.329	0.252	0.324	0.285	0.256	0.287	0.322	0.4	0.348	0.0	0.111	0.275	0.194	0.256	0.295	0.302	0.343	0.344	0.325	0.306	0.258	0.372	0.354	0.227	0.372	0.266	0.339	0.24	0.28	0.266	0.322	0.313	0.292	0.281	0.333	0.271	0.257	0.255	0.343	0.283	0.224	0.247	0.248	0.291	0.0	0.322	0.314	0.263	0.0	0.313	0.006	0.373	0.284	0.25	0.289	0.257	0.304	0.261	0.288	0.324	0.332	0.26	0.28	0.274	0.286	0.006	
Chromosome	6635087	C	G	0.071	0.151	0.126	0.154	0.155	0.17	0.203	0.124	0.177	0.15	0.255	0.149	0.0	0.012	0.094	0.104	0.152	0.143	0.123	0.106	0.18	0.12	0.112	0.098	0.194	0.195	0.122	0.143	0.134	0.197	0.079	0.099	0.103	0.158	0.105	0.092	0.104	0.115	0.067	0.057	0.049	0.19	0.166	0.111	0.07	0.079	0.082	0.0	0.171	0.138	0.115	0.0	0.165	0.0	0.134	0.129	0.039	0.09	0.098	0.081	0.068	0.09	0.105	0.088	0.121	0.039	0.101	0.075	0.0	
Chromosome	6687516	C	G	0.122	0.367	0.269	0.315	0.235	0.258	0.314	0.139	0.281	0.229	0.558	0.383	0.0	0.094	0.203	0.172	0.16	0.435	0.179	0.184	0.199	0.247	0.231	0.15	0.415	0.488	0.211	0.25	0.325	0.234	0.275	0.271	0.211	0.392	0.191	0.206	0.23	0.189	0.061	0.075	0.163	0.385	0.349	0.193	0.144	0.091	0.084	0.0	0.184	0.171	0.158	0.0	0.121	0.0	0.253	0.158	0.102	0.113	0.102	0.093	0.099	0.071	0.189	0.224	0.174	0.119	0.094	0.076	0.0	
Chromosome	6687520	G	C	0.231	0.5	0.346	0.383	0.324	0.371	0.393	0.171	0.36	0.302	0.441	0.411	0.005	0.181	0.286	0.258	0.238	0.504	0.228	0.278	0.223	0.262	0.184	0.259	0.375	0.453	0.136	0.263	0.313	0.274	0.2	0.336	0.32	0.56	0.257	0.238	0.232	0.234	0.146	0.214	0.237	0.311	0.413	0.242	0.215	0.192	0.161	0.0	0.261	0.207	0.242	0.0	0.238	0.0	0.381	0.302	0.226	0.212	0.181	0.221	0.206	0.159	0.209	0.26	0.269	0.216	0.177	0.223	0.005	
Chromosome	6687524	T	G	0.332	0.311	0.525	0.611	0.5	0.592	0.5	0.578	0.471	0.426	0.429	0.333	0.004	0.115	0.434	0.459	0.475	0.46	0.342	0.451	0.34	0.288	0.226	0.232	0.425	0.429	0.333	0.458	0.512	0.505	0.57	0.53	0.45	0.446	0.277	0.215	0.257	0.276	0.27	0.319	0.195	0.291	0.372	0.348	0.285	0.314	0.265	0.0	0.447	0.368	0.432	0.0	0.394	0.012	0.245	0.444	0.299	0.311	0.257	0.296	0.303	0.247	0.204	0.318	0.328	0.289	0.293	0.267	0.005	
Chromosome	6687530	C	G	0.199	0.278	0.163	0.181	0.227	0.211	0.22	0.282	0.213	0.202	0.194	0.187	0.0	0.154	0.28	0.265	0.28	0.252	0.137	0.205	0.188	0.16	0.135	0.149	0.176	0.256	0.14	0.258	0.281	0.24	0.173	0.202	0.154	0.26	0.173	0.133	0.162	0.163	0.227	0.17	0.166	0.188	0.226	0.244	0.188	0.165	0.2	0.0	0.169	0.153	0.206	0.0	0.188	0.0	0.14	0.156	0.215	0.188	0.203	0.225	0.208	0.203	0.135	0.177	0.223	0.179	0.202	0.195	0.0	
Chromosome	6687534	G	C	0.133	0.435	0.221	0.204	0.312	0.252	0.179	0.247	0.269	0.253	0.392	0.324	0.004	0.108	0.237	0.316	0.244	0.351	0.147	0.223	0.186	0.228	0.228	0.236	0.429	0.451	0.233	0.337	0.211	0.293	0.276	0.233	0.215	0.436	0.18	0.23	0.177	0.179	0.13	0.172	0.205	0.362	0.419	0.246	0.142	0.13	0.161	0.0	0.233	0.21	0.214	0.0	0.238	0.0	0.291	0.185	0.125	0.16	0.165	0.161	0.182	0.155	0.168	0.211	0.19	0.12	0.163	0.191	0.0	
Chromosome	6778441	A	C	0.072	0.201	0.171	0.165	0.174	0.166	0.199	0.168	0.17	0.12	0.239	0.173	0.033	0.064	0.17	0.122	0.098	0.177	0.132	0.102	0.163	0.111	0.124	0.126	0.22	0.217	0.119	0.15	0.083	0.116	0.172	0.184	0.153	0.181	0.118	0.092	0.146	0.135	0.074	0.079	0.127	0.19	0.176	0.164	0.103	0.098	0.116	0.025	0.127	0.202	0.166	0.036	0.148	0.035	0.122	0.172	0.103	0.14	0.056	0.098	0.09	0.098	0.129	0.126	0.143	0.075	0.076	0.121	0.014	
Chromosome	6778445	A	C	0.117	0.254	0.23	0.25	0.295	0.179	0.209	0.182	0.215	0.148	0.369	0.265	0.182	0.106	0.236	0.159	0.199	0.245	0.182	0.18	0.221	0.224	0.193	0.236	0.3	0.27	0.214	0.214	0.144	0.16	0.269	0.287	0.244	0.26	0.239	0.215	0.223	0.219	0.145	0.135	0.188	0.273	0.271	0.198	0.169	0.141	0.178	0.146	0.205	0.268	0.227	0.218	0.211	0.211	0.19	0.263	0.162	0.211	0.164	0.191	0.181	0.17	0.234	0.23	0.232	0.159	0.145	0.203	0.226	
Chromosome	6778451	T	C	0.068	0.177	0.149	0.132	0.195	0.127	0.129	0.102	0.137	0.073	0.235	0.135	0.198	0.043	0.149	0.045	0.09	0.173	0.108	0.086	0.088	0.103	0.077	0.093	0.178	0.155	0.097	0.103	0.061	0.107	0.11	0.117	0.104	0.126	0.1	0.07	0.09	0.093	0.062	0.048	0.075	0.143	0.104	0.131	0.098	0.051	0.071	0.174	0.091	0.169	0.136	0.205	0.118	0.186	0.098	0.157	0.084	0.131	0.064	0.088	0.09	0.097	0.105	0.085	0.1	0.093	0.056	0.076	0.2	
Chromosome	6778456	G	C	0.172	0.268	0.219	0.233	0.303	0.203	0.254	0.256	0.233	0.231	0.441	0.258	0.185	0.109	0.293	0.143	0.26	0.267	0.185	0.17	0.25	0.237	0.193	0.22	0.341	0.287	0.257	0.29	0.174	0.198	0.257	0.287	0.219	0.237	0.204	0.187	0.202	0.211	0.215	0.193	0.257	0.3	0.21	0.227	0.235	0.223	0.238	0.156	0.225	0.265	0.273	0.185	0.24	0.184	0.233	0.281	0.23	0.24	0.195	0.218	0.223	0.199	0.209	0.185	0.281	0.221	0.209	0.237	0.133	
Chromosome	6778460	G	C	0.212	0.265	0.297	0.248	0.315	0.241	0.226	0.259	0.266	0.208	0.418	0.258	0.146	0.152	0.338	0.173	0.278	0.264	0.234	0.211	0.276	0.235	0.201	0.232	0.358	0.265	0.246	0.25	0.16	0.228	0.245	0.333	0.237	0.235	0.218	0.175	0.237	0.224	0.211	0.207	0.267	0.292	0.239	0.268	0.248	0.245	0.258	0.089	0.212	0.275	0.257	0.149	0.235	0.18	0.243	0.284	0.281	0.258	0.229	0.238	0.255	0.228	0.238	0.203	0.283	0.266	0.236	0.237	0.13	
Chromosome	6869289	T	G	0.16	0.191	0.194	0.211	0.192	0.223	0.245	0.165	0.226	0.279	0.25	0.14	0.0	0.08	0.201	0.159	0.192	0.123	0.185	0.232	0.236	0.115	0.135	0.133	0.136	0.137	0.143	0.227	0.258	0.224	0.19	0.246	0.192	0.199	0.118	0.08	0.133	0.132	0.196	0.178	0.126	0.144	0.107	0.201	0.168	0.158	0.208	0.0	0.235	0.195	0.21	0.0	0.265	0.009	0.096	0.223	0.141	0.135	0.18	0.183	0.155	0.206	0.114	0.111	0.207	0.147	0.142	0.172	0.0	
Chromosome	6923330	T	G	0.29	0.413	0.339	0.411	0.474	0.417	0.493	0.376	0.471	0.507	0.588	0.437	0.0	0.253	0.352	0.347	0.411	0.365	0.397	0.421	0.319	0.333	0.374	0.324	0.472	0.587	0.472	0.467	0.396	0.397	0.383	0.427	0.39	0.423	0.307	0.372	0.351	0.382	0.258	0.264	0.271	0.46	0.412	0.466	0.31	0.292	0.261	0.0	0.392	0.372	0.322	0.0	0.42	0.006	0.265	0.283	0.261	0.294	0.261	0.261	0.3	0.279	0.36	0.294	0.352	0.236	0.273	0.232	0.014	
Chromosome	6923335	A	C	0.23	0.329	0.193	0.284	0.285	0.279	0.267	0.26	0.254	0.292	0.273	0.279	0.01	0.167	0.234	0.256	0.336	0.232	0.278	0.272	0.238	0.218	0.259	0.206	0.286	0.424	0.346	0.358	0.269	0.266	0.289	0.295	0.29	0.264	0.244	0.278	0.245	0.262	0.218	0.217	0.208	0.327	0.244	0.268	0.226	0.219	0.207	0.0	0.328	0.267	0.236	0.01	0.306	0.0	0.144	0.213	0.23	0.25	0.221	0.233	0.221	0.207	0.252	0.207	0.223	0.18	0.201	0.24	0.007	
Chromosome	6966376	T	G	0.285	0.398	0.394	0.346	0.365	0.368	0.378	0.429	0.364	0.301	0.308	0.47	0.0	0.341	0.413	0.413	0.413	0.54	0.416	0.309	0.425	0.448	0.357	0.442	0.483	0.545	0.41	0.383	0.276	0.327	0.306	0.373	0.401	0.476	0.483	0.439	0.405	0.444	0.352	0.329	0.396	0.5	0.486	0.379	0.346	0.312	0.312	0.0	0.355	0.342	0.365	0.0	0.273	0.0	0.41	0.392	0.327	0.396	0.323	0.304	0.335	0.345	0.511	0.354	0.393	0.324	0.346	0.338	0.0	
Chromosome	6966410	A	C	0.172	0.316	0.333	0.528	0.369	0.359	0.455	0.477	0.427	0.417	0.476	0.481	0.006	0.219	0.337	0.389	0.365	0.436	0.36	0.241	0.359	0.336	0.325	0.389	0.48	0.479	0.284	0.419	0.375	0.337	0.34	0.495	0.331	0.413	0.365	0.331	0.378	0.375	0.263	0.27	0.323	0.444	0.432	0.343	0.307	0.257	0.241	0.0	0.362	0.313	0.301	0.0	0.333	0.0	0.261	0.333	0.294	0.248	0.229	0.227	0.275	0.201	0.406	0.393	0.351	0.195	0.199	0.255	0.0	
