chromosome	pos	ref	mut	APAW	MockF	MockA	MockB	MockC	MockD	MockE	MockG	MockH	MockI	MockJ	MockK	MockL	Ana1	BedA	BedB	BedC	BedD	CipA	CipB	CipC	CLFA	CLFB	CLFC	CombA2	CombA3	CombA	CombAu1	CombAu3	CombAu5	CombB	CombC	CycloA	CycloB	CycloC	EMBA	EMBB	EMBC	INH1	INH2	INHA	LzdA	LzdB	LzdC	M91	M92	M9B	MA_F1	MA_F2	MA_F3	MA_H1	MA_H2	MA_H3	MA_S1	MA_S2	MA_S3	MMCA	MMCB	MMCC	NANOA	NANOB	NANOC	RIFA	RIFB	RIFC	UV1	UV2	UV3	WT_Msm
Chromosome	64992	T	G	0.148	0.373	0.349	0.34	0.421	0.366	0.394	0.364	0.368	0.222	0.261	0.27	0.006	0.15	0.294	0.305	0.25	0.251	0.171	0.238	0.23	0.174	0.157	0.208	0.27	0.26	0.276	0.337	0.376	0.369	0.325	0.306	0.257	0.188	0.17	0.184	0.168	0.178	0.136	0.128	0.12	0.298	0.246	0.302	0.176	0.125	0.14	0.028	0.22	0.283	0.287	0.022	0.29	0.015	0.195	0.228	0.193	0.177	0.154	0.189	0.15	0.113	0.23	0.221	0.22	0.121	0.148	0.162	0.067	
Chromosome	158275	T	G	0.003	0.113	0.007	0.0	0.0	0.0	0.01	0.005	0.0	0.0	0.004	0.006	0.0	0.0	0.006	0.007	0.0	0.003	0.0	0.004	0.004	0.0	0.005	0.006	0.0	0.0	0.0	0.012	0.006	0.007	0.006	0.0	0.0	0.006	0.032	0.004	0.0	0.0	0.0	0.0	0.036	0.0	0.0	0.0	0.01	0.0	0.0	0.0	0.008	0.005	0.007	0.0	0.01	0.0	0.022	0.0	0.0	0.0	0.002	0.0	0.0	0.0	0.004	0.005	0.012	0.003	0.003	0.0	0.0	
Chromosome	175257	A	G	0.0	0.179	0.0	0.0	0.0	0.0	0.0	0.0	0.0	0.0	0.0	0.0	0.004	0.0	0.0	0.0	0.0	0.0	0.0	0.0	0.0	0.004	0.0	0.0	0.0	0.0	0.0	0.007	0.0	0.0	0.0	0.0	0.0	0.0	0.0	0.0	0.0	0.0	0.0	0.0	0.0	0.0	0.0	0.0	0.0	0.0	0.0	0.0	0.0	0.0	0.0	0.0	0.0	0.0	0.0	0.0	0.0	0.0	0.0	0.0	0.0	0.0	0.0	0.0	0.0	0.0	0.0	0.0	0.0	
Chromosome	490627	T	G	0.084	0.153	0.182	0.102	0.064	0.092	0.154	0.068	0.102	0.132	0.041	0.057	0.0	0.035	0.065	0.118	0.097	0.092	0.088	0.103	0.122	0.088	0.115	0.11	0.074	0.057	0.085	0.062	0.071	0.094	0.092	0.088	0.123	0.052	0.119	0.063	0.077	0.145	0.073	0.08	0.095	0.071	0.091	0.073	0.066	0.072	0.102	0.0	0.149	0.132	0.092	0.006	0.046	0.0	0.098	0.126	0.123	0.101	0.081	0.071	0.097	0.057	0.083	0.099	0.111	0.089	0.064	0.043	0.0	
Chromosome	675885	A	C	0.083	0.135	0.051	0.103	0.106	0.084	0.105	0.066	0.086	0.081	0.098	0.087	0.01	0.057	0.054	0.106	0.095	0.084	0.099	0.062	0.07	0.093	0.091	0.1	0.097	0.092	0.083	0.058	0.062	0.092	0.061	0.114	0.138	0.068	0.103	0.112	0.098	0.097	0.076	0.084	0.051	0.08	0.129	0.08	0.086	0.062	0.063	0.0	0.104	0.102	0.078	0.016	0.101	0.01	0.069	0.085	0.089	0.087	0.066	0.07	0.083	0.08	0.074	0.089	0.089	0.068	0.036	0.069	0.0	
Chromosome	767473	T	G	0.075	0.336	0.248	0.274	0.25	0.295	0.293	0.273	0.248	0.143	0.203	0.137	0.026	0.066	0.231	0.265	0.273	0.117	0.196	0.156	0.184	0.078	0.103	0.072	0.157	0.143	0.213	0.266	0.276	0.232	0.31	0.256	0.187	0.143	0.07	0.131	0.103	0.078	0.132	0.105	0.119	0.178	0.136	0.164	0.132	0.12	0.134	0.0	0.201	0.245	0.229	0.006	0.164	0.006	0.103	0.194	0.128	0.104	0.107	0.114	0.099	0.114	0.106	0.087	0.152	0.12	0.111	0.115	0.0	
Chromosome	1033491	T	G	0.0	0.204	0.0	0.0	0.0	0.0	0.0	0.005	0.0	0.0	0.0	0.0	0.0	0.0	0.0	0.0	0.0	0.0	0.0	0.0	0.0	0.0	0.0	0.0	0.0	0.0	0.009	0.0	0.0	0.0	0.014	0.006	0.0	0.0	0.007	0.0	0.0	0.0	0.0	0.0	0.0	0.0	0.0	0.0	0.0	0.0	0.0	0.005	0.0	0.0	0.0	0.0	0.0	0.0	0.0	0.0	0.0	0.0	0.002	0.004	0.0	0.0	0.0	0.0	0.0	0.0	0.0	0.0	0.0	
Chromosome	1058714	G	T	0.0	0.229	0.0	0.0	0.006	0.0	0.0	0.005	0.0	0.0	0.0	0.0	0.0	0.0	0.0	0.0	0.0	0.0	0.0	0.0	0.005	0.0	0.008	0.0	0.0	0.0	0.0	0.005	0.01	0.005	0.005	0.005	0.004	0.0	0.0	0.004	0.0	0.0	0.003	0.0	0.0	0.0	0.004	0.0	0.0	0.0	0.0	0.0	0.0	0.0	0.0	0.0	0.0	0.0	0.0	0.009	0.0	0.0	0.0	0.0	0.004	0.0	0.004	0.0	0.0	0.0	0.0	0.0	0.0	
Chromosome	1653614	A	C	0.089	0.234	0.276	0.233	0.304	0.232	0.306	0.3	0.215	0.2	0.223	0.222	0.0	0.065	0.183	0.177	0.299	0.221	0.171	0.171	0.103	0.149	0.113	0.143	0.274	0.23	0.156	0.213	0.237	0.258	0.285	0.215	0.17	0.265	0.12	0.116	0.15	0.098	0.104	0.083	0.088	0.163	0.2	0.206	0.1	0.124	0.084	0.0	0.157	0.147	0.142	0.0	0.129	0.0	0.147	0.101	0.096	0.107	0.117	0.127	0.113	0.072	0.159	0.139	0.124	0.102	0.085	0.101	0.0	
Chromosome	1756627	T	G	0.135	0.225	0.257	0.2	0.134	0.205	0.272	0.252	0.211	0.125	0.045	0.109	0.006	0.048	0.225	0.149	0.21	0.097	0.142	0.17	0.136	0.126	0.139	0.101	0.108	0.082	0.211	0.201	0.176	0.201	0.218	0.148	0.152	0.061	0.101	0.099	0.1	0.115	0.094	0.092	0.077	0.099	0.086	0.184	0.128	0.11	0.079	0.005	0.177	0.178	0.104	0.007	0.155	0.006	0.086	0.165	0.108	0.112	0.116	0.105	0.115	0.042	0.083	0.083	0.155	0.104	0.104	0.087	0.0	
Chromosome	1777813	T	G	0.226	0.391	0.299	0.314	0.305	0.335	0.327	0.387	0.38	0.273	0.235	0.207	0.0	0.168	0.269	0.253	0.331	0.182	0.259	0.266	0.28	0.226	0.243	0.179	0.185	0.263	0.25	0.276	0.271	0.349	0.337	0.257	0.249	0.19	0.225	0.237	0.221	0.19	0.269	0.273	0.161	0.161	0.168	0.281	0.23	0.259	0.193	0.004	0.286	0.299	0.278	0.0	0.328	0.005	0.206	0.35	0.223	0.335	0.237	0.232	0.204	0.2	0.237	0.182	0.32	0.224	0.23	0.221	0.006	
Chromosome	1777822	T	G	0.193	0.382	0.261	0.348	0.291	0.341	0.337	0.418	0.321	0.111	0.186	0.154	0.0	0.109	0.29	0.243	0.307	0.104	0.21	0.266	0.222	0.133	0.151	0.091	0.098	0.202	0.193	0.238	0.321	0.37	0.333	0.308	0.275	0.113	0.181	0.168	0.156	0.134	0.26	0.219	0.099	0.133	0.114	0.274	0.216	0.218	0.191	0.004	0.282	0.293	0.304	0.0	0.29	0.0	0.133	0.323	0.242	0.278	0.227	0.188	0.196	0.202	0.172	0.126	0.303	0.212	0.2	0.202	0.0	
Chromosome	1864076	T	C	0.0	0.224	0.0	0.0	0.0	0.0	0.0	0.0	0.0	0.0	0.0	0.0	0.0	0.0	0.0	0.007	0.007	0.0	0.0	0.0	0.0	0.0	0.0	0.0	0.0	0.0	0.0	0.0	0.0	0.0	0.0	0.0	0.0	0.0	0.0	0.0	0.0	0.0	0.0	0.0	0.0	0.0	0.0	0.0	0.0	0.0	0.0	0.0	0.0	0.0	0.0	0.0	0.0	0.005	0.0	0.0	0.0	0.0	0.0	0.0	0.0	0.0	0.0	0.0	0.0	0.0	0.0	0.0	0.0	
Chromosome	1885515	T	G	0.013	0.184	0.095	0.113	0.098	0.077	0.087	0.106	0.102	0.0	0.04	0.052	0.0	0.0	0.081	0.102	0.117	0.037	0.033	0.032	0.068	0.055	0.046	0.021	0.059	0.064	0.042	0.124	0.097	0.115	0.094	0.072	0.08	0.024	0.044	0.005	0.015	0.03	0.016	0.016	0.016	0.055	0.062	0.079	0.009	0.023	0.013	0.005	0.022	0.031	0.046	0.006	0.056	0.0	0.018	0.067	0.028	0.017	0.031	0.008	0.022	0.013	0.012	0.031	0.025	0.012	0.019	0.021	0.011	
Chromosome	2425088	A	C	0.059	0.127	0.172	0.123	0.1	0.101	0.142	0.168	0.09	0.138	0.076	0.114	0.008	0.064	0.103	0.118	0.113	0.071	0.115	0.094	0.122	0.084	0.074	0.096	0.145	0.15	0.202	0.104	0.09	0.088	0.099	0.127	0.127	0.091	0.1	0.094	0.092	0.107	0.061	0.082	0.057	0.082	0.105	0.126	0.062	0.067	0.083	0.0	0.094	0.074	0.066	0.0	0.082	0.007	0.101	0.083	0.067	0.067	0.062	0.071	0.07	0.06	0.061	0.086	0.085	0.057	0.06	0.048	0.008	
Chromosome	2425100	T	G	0.04	0.156	0.178	0.167	0.136	0.129	0.122	0.142	0.119	0.074	0.055	0.053	0.009	0.032	0.127	0.153	0.131	0.101	0.103	0.099	0.105	0.092	0.056	0.079	0.091	0.043	0.165	0.172	0.184	0.086	0.09	0.161	0.118	0.08	0.053	0.061	0.048	0.056	0.047	0.083	0.033	0.068	0.079	0.171	0.055	0.067	0.061	0.0	0.087	0.107	0.085	0.0	0.12	0.014	0.067	0.064	0.07	0.063	0.061	0.088	0.078	0.067	0.07	0.057	0.086	0.04	0.046	0.049	0.0	
Chromosome	2579189	A	C	0.173	0.281	0.283	0.34	0.287	0.219	0.263	0.333	0.308	0.238	0.256	0.256	0.0	0.134	0.268	0.276	0.242	0.322	0.271	0.222	0.31	0.219	0.219	0.213	0.261	0.246	0.282	0.237	0.297	0.183	0.206	0.319	0.253	0.25	0.187	0.23	0.232	0.224	0.248	0.226	0.202	0.275	0.243	0.239	0.21	0.225	0.223	0.006	0.273	0.263	0.274	0.0	0.395	0.0	0.226	0.303	0.277	0.259	0.226	0.225	0.219	0.226	0.154	0.254	0.234	0.26	0.238	0.244	0.013	
Chromosome	2682937	T	A	0.046	0.183	0.123	0.17	0.129	0.147	0.135	0.141	0.157	0.189	0.14	0.075	0.0	0.057	0.109	0.113	0.117	0.114	0.085	0.086	0.076	0.025	0.037	0.065	0.118	0.108	0.153	0.152	0.095	0.164	0.09	0.104	0.102	0.14	0.034	0.063	0.05	0.065	0.032	0.042	0.067	0.076	0.081	0.165	0.087	0.091	0.063	0.0	0.105	0.116	0.106	0.0	0.087	0.0	0.085	0.11	0.058	0.077	0.084	0.088	0.068	0.059	0.032	0.056	0.062	0.052	0.055	0.049	0.0	
Chromosome	3006151	G	T	0.0	0.301	0.0	0.0	0.0	0.0	0.0	0.0	0.0	0.0	0.0	0.0	0.0	0.0	0.0	0.0	0.0	0.0	0.0	0.0	0.0	0.0	0.0	0.004	0.0	0.0	0.0	0.0	0.0	0.0	0.0	0.0	0.0	0.0	0.0	0.0	0.0	0.0	0.0	0.0	0.0	0.0	0.0	0.0	0.0	0.0	0.0	0.0	0.0	0.0	0.0	0.0	0.0	0.0	0.007	0.0	0.0	0.0	0.0	0.002	0.0	0.0	0.0	0.0	0.0	0.0	0.0	0.0	0.0	
Chromosome	3109743	A	G	0.0	0.145	0.0	0.0	0.0	0.0	0.0	0.0	0.0	0.0	0.0	0.0	0.0	0.0	0.009	0.0	0.0	0.0	0.0	0.0	0.0	0.0	0.0	0.0	0.008	0.0	0.0	0.0	0.0	0.0	0.0	0.0	0.0	0.0	0.0	0.0	0.0	0.0	0.0	0.0	0.0	0.0	0.0	0.0	0.0	0.0	0.0	0.0	0.0	0.0	0.0	0.005	0.0	0.0	0.0	0.0	0.0	0.0	0.0	0.0	0.0	0.0	0.0	0.0	0.0	0.0	0.0	0.0	0.0	
Chromosome	3123426	T	G	0.146	0.33	0.248	0.169	0.377	0.25	0.245	0.227	0.246	0.348	0.246	0.188	0.0	0.126	0.244	0.243	0.258	0.263	0.228	0.21	0.237	0.243	0.218	0.161	0.27	0.245	0.343	0.197	0.273	0.209	0.254	0.204	0.286	0.241	0.283	0.173	0.237	0.205	0.135	0.095	0.131	0.256	0.257	0.206	0.154	0.163	0.142	0.006	0.287	0.24	0.205	0.0	0.195	0.007	0.176	0.237	0.155	0.113	0.163	0.189	0.178	0.115	0.226	0.19	0.214	0.123	0.119	0.135	0.0	
Chromosome	3650124	A	G	0.0	0.292	0.0	0.0	0.0	0.0	0.0	0.0	0.0	0.0	0.0	0.0	0.0	0.0	0.0	0.0	0.0	0.0	0.0	0.0	0.0	0.0	0.0	0.0	0.0	0.0	0.0	0.0	0.0	0.0	0.0	0.0	0.0	0.0	0.0	0.0	0.0	0.0	0.0	0.0	0.0	0.0	0.0	0.0	0.0	0.0	0.0	0.0	0.0	0.0	0.0	0.0	0.0	0.006	0.0	0.0	0.0	0.0	0.0	0.0	0.0	0.0	0.0	0.0	0.0	0.0	0.0	0.0	0.0	
Chromosome	3777637	A	C	0.147	0.418	0.233	0.378	0.218	0.275	0.316	0.315	0.24	0.51	0.287	0.219	0.0	0.108	0.253	0.286	0.32	0.217	0.283	0.261	0.265	0.153	0.228	0.209	0.331	0.224	0.237	0.292	0.281	0.223	0.308	0.21	0.256	0.254	0.293	0.188	0.189	0.138	0.196	0.201	0.169	0.219	0.211	0.23	0.161	0.185	0.179	0.0	0.31	0.262	0.275	0.0	0.264	0.007	0.218	0.222	0.146	0.205	0.184	0.188	0.154	0.143	0.242	0.248	0.215	0.151	0.174	0.155	0.006	
Chromosome	3813142	A	C	0.039	0.089	0.071	0.054	0.063	0.036	0.065	0.054	0.009	0.0	0.018	0.072	0.0	0.035	0.018	0.05	0.043	0.028	0.041	0.032	0.057	0.041	0.03	0.036	0.045	0.035	0.067	0.045	0.054	0.055	0.045	0.05	0.056	0.053	0.043	0.071	0.02	0.036	0.036	0.023	0.011	0.041	0.043	0.047	0.011	0.028	0.016	0.0	0.007	0.048	0.024	0.0	0.042	0.0	0.031	0.022	0.043	0.024	0.023	0.032	0.027	0.023	0.039	0.056	0.037	0.038	0.021	0.028	0.015	
Chromosome	3923549	A	C	0.035	0.188	0.094	0.075	0.115	0.155	0.12	0.088	0.095	0.106	0.11	0.075	0.015	0.007	0.094	0.044	0.054	0.087	0.063	0.064	0.075	0.054	0.032	0.06	0.073	0.08	0.072	0.076	0.112	0.103	0.079	0.152	0.142	0.071	0.029	0.028	0.035	0.053	0.016	0.038	0.031	0.077	0.068	0.116	0.046	0.032	0.025	0.006	0.081	0.081	0.064	0.037	0.073	0.006	0.024	0.083	0.034	0.039	0.039	0.049	0.029	0.015	0.046	0.04	0.064	0.043	0.043	0.025	0.009	
Chromosome	3965512	A	C	0.072	0.183	0.079	0.112	0.146	0.137	0.15	0.139	0.143	0.107	0.086	0.103	0.006	0.049	0.134	0.138	0.108	0.083	0.07	0.108	0.118	0.124	0.109	0.077	0.116	0.096	0.051	0.144	0.121	0.053	0.19	0.14	0.127	0.114	0.052	0.08	0.081	0.086	0.106	0.089	0.069	0.133	0.111	0.153	0.067	0.077	0.07	0.0	0.073	0.077	0.092	0.0	0.096	0.012	0.084	0.116	0.056	0.056	0.085	0.062	0.094	0.08	0.105	0.087	0.09	0.07	0.054	0.044	0.007	
Chromosome	4028636	G	C	0.279	0.347	0.412	0.315	0.304	0.327	0.374	0.333	0.364	0.426	0.414	0.393	0.0	0.3	0.337	0.26	0.358	0.423	0.302	0.41	0.268	0.354	0.34	0.379	0.403	0.396	0.186	0.377	0.333	0.231	0.31	0.363	0.345	0.397	0.33	0.393	0.339	0.353	0.376	0.345	0.346	0.427	0.389	0.371	0.347	0.374	0.317	0.005	0.328	0.386	0.311	0.0	0.41	0.0	0.431	0.335	0.384	0.371	0.322	0.328	0.339	0.366	0.279	0.317	0.314	0.374	0.341	0.41	0.0	
Chromosome	4214560	C	A	0.452	0.468	0.431	0.453	0.479	0.42	0.509	0.49	0.472	0.509	0.462	0.494	0.408	0.533	0.441	0.444	0.525	0.503	0.477	0.478	0.474	0.465	0.518	0.466	0.465	0.544	0.5	0.53	0.506	0.48	0.485	0.401	0.533	0.478	0.449	0.475	0.494	0.517	0.494	0.476	0.515	0.485	0.48	0.481	0.502	0.45	0.481	0.463	0.458	0.491	0.505	0.538	0.511	0.524	0.498	0.496	0.478	0.497	0.486	0.494	0.506	0.43	0.49	0.489	0.515	0.442	0.432	0.326	0.498	
Chromosome	4214739	G	GT	0.34	0.324	0.331	0.371	0.301	0.321	0.371	0.352	0.367	0.535	0.391	0.331	0.26	0.395	0.304	0.332	0.352	0.324	0.364	0.304	0.32	0.338	0.351	0.336	0.368	0.472	0.392	0.342	0.38	0.312	0.339	0.353	0.34	0.358	0.313	0.303	0.316	0.331	0.332	0.321	0.353	0.327	0.388	0.339	0.358	0.305	0.333	0.327	0.332	0.362	0.287	0.317	0.332	0.357	0.306	0.309	0.32	0.334	0.355	0.338	0.314	0.329	0.36	0.327	0.316	0.303	0.304	0.266	0.329	
Chromosome	4333453	T	G	0.027	0.141	0.118	0.174	0.192	0.166	0.129	0.156	0.186	0.185	0.164	0.091	0.0	0.022	0.129	0.136	0.093	0.076	0.035	0.096	0.044	0.048	0.045	0.052	0.108	0.127	0.131	0.126	0.141	0.093	0.133	0.105	0.129	0.098	0.056	0.041	0.035	0.037	0.032	0.028	0.044	0.095	0.09	0.106	0.029	0.036	0.015	0.005	0.093	0.067	0.124	0.0	0.087	0.006	0.093	0.106	0.063	0.052	0.055	0.045	0.049	0.026	0.026	0.06	0.053	0.039	0.039	0.026	0.006	
Chromosome	4537128	A	C	0.073	0.141	0.069	0.189	0.133	0.168	0.186	0.167	0.143	0.1	0.088	0.04	0.0	0.038	0.157	0.1	0.145	0.068	0.114	0.099	0.117	0.033	0.062	0.048	0.077	0.061	0.111	0.157	0.109	0.145	0.129	0.161	0.149	0.038	0.07	0.066	0.041	0.071	0.04	0.065	0.042	0.097	0.038	0.118	0.087	0.069	0.058	0.0	0.062	0.14	0.087	0.013	0.051	0.0	0.046	0.166	0.089	0.074	0.068	0.058	0.074	0.049	0.027	0.099	0.1	0.036	0.038	0.041	0.008	
Chromosome	4693154	G	GGGGGGGGGGGGGGGGGGGGGGGCCCCC	0.149	0.186	0.12	0.229	0.133	0.239	0.216	0.18	0.167	0.022	0.04	0.032	0.0	0.037	0.211	0.246	0.176	0.031	0.264	0.134	0.178	0.028	0.048	0.045	0.056	0.008	0.111	0.172	0.205	0.292	0.246	0.237	0.144	0.051	0.072	0.027	0.047	0.055	0.181	0.222	0.026	0.045	0.033	0.254	0.212	0.188	0.182	0.0	0.178	0.118	0.145	0.0	0.129	0.0	0.02	0.178	0.21	0.205	0.167	0.198	0.161	0.181	0.036	0.056	0.171	0.199	0.176	0.16	0.0	
Chromosome	4709847	G	GCC	0.017	0.19	0.0	0.006	0.008	0.007	0.007	0.02	0.018	0.0	0.007	0.009	0.006	0.125	0.014	0.0	0.0	0.005	0.014	0.01	0.242	0.005	0.022	0.019	0.188	0.0	0.276	0.932	0.022	0.0	0.014	0.008	0.005	0.119	0.014	0.012	0.036	0.01	0.007	0.011	0.23	0.234	0.157	0.0	0.007	0.0	0.007	0.017	0.189	0.011	0.008	0.0	0.023	0.006	0.014	0.021	0.018	0.004	0.002	0.011	0.02	0.008	0.015	0.018	0.005	0.027	0.012	0.08	0.018	
Chromosome	4724246	A	C	0.306	0.277	0.386	0.398	0.367	0.33	0.206	0.389	0.23	0.233	0.248	0.219	0.0	0.171	0.299	0.304	0.243	0.243	0.289	0.344	0.258	0.223	0.244	0.235	0.284	0.262	0.278	0.311	0.315	0.245	0.342	0.275	0.318	0.268	0.261	0.269	0.232	0.23	0.31	0.277	0.203	0.22	0.297	0.348	0.235	0.269	0.275	0.0	0.272	0.29	0.267	0.0	0.327	0.006	0.157	0.354	0.294	0.358	0.288	0.281	0.263	0.26	0.281	0.251	0.312	0.275	0.296	0.192	0.0	
Chromosome	4724247	T	A	0.238	0.18	0.17	0.255	0.165	0.105	0.073	0.158	0.119	0.0	0.016	0.11	0.0	0.076	0.138	0.219	0.137	0.075	0.154	0.193	0.152	0.089	0.077	0.089	0.08	0.026	0.125	0.184	0.183	0.117	0.145	0.142	0.126	0.061	0.089	0.124	0.067	0.059	0.232	0.189	0.09	0.066	0.079	0.156	0.157	0.167	0.166	0.0	0.13	0.08	0.163	0.0	0.184	0.0	0.057	0.167	0.204	0.181	0.238	0.187	0.161	0.194	0.138	0.082	0.182	0.17	0.256	0.161	0.0	
Chromosome	4916965	T	G	0.083	0.134	0.083	0.079	0.068	0.086	0.098	0.107	0.057	0.106	0.06	0.122	0.0	0.08	0.073	0.075	0.076	0.065	0.119	0.055	0.088	0.091	0.115	0.128	0.121	0.088	0.11	0.051	0.068	0.083	0.092	0.059	0.082	0.063	0.074	0.078	0.096	0.092	0.074	0.069	0.114	0.071	0.136	0.127	0.061	0.087	0.057	0.0	0.116	0.115	0.117	0.01	0.082	0.005	0.06	0.122	0.062	0.05	0.096	0.06	0.06	0.085	0.127	0.109	0.078	0.027	0.044	0.049	0.013	
Chromosome	5263196	T	G	0.045	0.123	0.086	0.059	0.13	0.045	0.12	0.061	0.1	0.021	0.039	0.116	0.0	0.051	0.057	0.062	0.043	0.049	0.08	0.069	0.118	0.088	0.046	0.059	0.038	0.065	0.067	0.09	0.066	0.062	0.057	0.083	0.084	0.049	0.061	0.083	0.079	0.071	0.045	0.035	0.024	0.041	0.052	0.08	0.037	0.047	0.064	0.0	0.046	0.071	0.067	0.0	0.066	0.0	0.028	0.047	0.039	0.04	0.043	0.058	0.056	0.062	0.078	0.063	0.066	0.044	0.051	0.053	0.0	
Chromosome	5359307	A	C	0.12	0.211	0.25	0.301	0.293	0.333	0.247	0.302	0.34	0.093	0.115	0.121	0.0	0.051	0.295	0.265	0.266	0.089	0.15	0.182	0.175	0.149	0.141	0.12	0.105	0.148	0.242	0.268	0.265	0.267	0.25	0.301	0.241	0.127	0.13	0.121	0.099	0.113	0.131	0.147	0.071	0.127	0.142	0.215	0.163	0.119	0.131	0.005	0.205	0.227	0.258	0.0	0.231	0.005	0.142	0.197	0.145	0.132	0.149	0.134	0.144	0.091	0.115	0.132	0.16	0.144	0.123	0.108	0.0	
Chromosome	5437973	A	C	0.047	0.193	0.045	0.167	0.115	0.145	0.121	0.083	0.188	0.045	0.095	0.128	0.006	0.056	0.079	0.131	0.087	0.111	0.094	0.056	0.113	0.086	0.048	0.078	0.179	0.144	0.127	0.132	0.134	0.037	0.175	0.118	0.172	0.146	0.088	0.055	0.071	0.078	0.084	0.059	0.03	0.107	0.075	0.112	0.081	0.049	0.034	0.01	0.063	0.073	0.08	0.0	0.12	0.0	0.036	0.087	0.058	0.11	0.075	0.066	0.062	0.04	0.047	0.035	0.073	0.024	0.04	0.035	0.0	
Chromosome	5461789	T	G	0.108	0.352	0.327	0.487	0.46	0.532	0.438	0.44	0.413	0.6	0.472	0.342	0.011	0.107	0.359	0.451	0.46	0.412	0.349	0.333	0.346	0.225	0.197	0.174	0.5	0.404	0.315	0.39	0.494	0.459	0.457	0.602	0.455	0.442	0.239	0.237	0.217	0.231	0.174	0.22	0.145	0.316	0.327	0.353	0.17	0.168	0.167	0.0	0.33	0.357	0.409	0.008	0.326	0.006	0.263	0.33	0.181	0.164	0.215	0.163	0.144	0.082	0.179	0.278	0.232	0.118	0.137	0.175	0.01	
Chromosome	5499064	A	C	0.042	0.15	0.092	0.162	0.11	0.147	0.175	0.109	0.159	0.135	0.064	0.088	0.0	0.006	0.085	0.143	0.171	0.072	0.069	0.063	0.06	0.057	0.04	0.034	0.088	0.107	0.068	0.066	0.099	0.149	0.103	0.102	0.149	0.078	0.029	0.038	0.047	0.074	0.027	0.024	0.026	0.142	0.092	0.092	0.039	0.04	0.045	0.0	0.057	0.039	0.077	0.007	0.075	0.0	0.052	0.071	0.043	0.027	0.038	0.043	0.035	0.019	0.027	0.036	0.081	0.017	0.043	0.04	0.0	
Chromosome	5679929	C	CG	0.0	0.137	0.0	0.0	0.0	0.0	0.0	0.0	0.0	0.0	0.0	0.0	0.0	0.0	0.0	0.0	0.0	0.0	0.0	0.0	0.0	0.004	0.0	0.0	0.0	0.0	0.0	0.0	0.0	0.0	0.0	0.0	0.0	0.0	0.0	0.0	0.0	0.0	0.0	0.0	0.0	0.0	0.0	0.0	0.0	0.0	0.003	0.0	0.0	0.0	0.0	0.0	0.0	0.0	0.0	0.0	0.0	0.0	0.0	0.0	0.0	0.0	0.0	0.0	0.0	0.0	0.0	0.0	0.0	
Chromosome	5753558	A	C	0.077	0.22	0.153	0.187	0.167	0.19	0.144	0.222	0.21	0.107	0.157	0.081	0.017	0.011	0.26	0.148	0.171	0.106	0.113	0.133	0.094	0.119	0.096	0.091	0.156	0.149	0.154	0.138	0.147	0.164	0.133	0.161	0.142	0.066	0.059	0.101	0.041	0.056	0.058	0.045	0.065	0.133	0.089	0.136	0.042	0.073	0.073	0.006	0.105	0.064	0.106	0.0	0.156	0.006	0.034	0.085	0.085	0.064	0.069	0.053	0.074	0.061	0.08	0.066	0.084	0.034	0.061	0.059	0.0	
Chromosome	5812482	A	C	0.256	0.357	0.362	0.365	0.422	0.321	0.273	0.362	0.512	0.263	0.417	0.381	0.0	0.248	0.364	0.286	0.176	0.433	0.274	0.256	0.256	0.232	0.276	0.298	0.516	0.469	0.357	0.236	0.3	0.447	0.264	0.375	0.394	0.43	0.339	0.29	0.267	0.379	0.224	0.271	0.217	0.482	0.423	0.312	0.243	0.243	0.247	0.006	0.34	0.26	0.306	0.036	0.263	0.006	0.41	0.374	0.302	0.23	0.234	0.25	0.252	0.225	0.308	0.432	0.394	0.266	0.202	0.209	0.007	
Chromosome	5889033	C	T	0.0	0.247	0.0	0.0	0.0	0.0	0.0	0.0	0.0	0.0	0.0	0.0	0.0	0.0	0.0	0.0	0.0	0.0	0.004	0.0	0.006	0.0	0.0	0.0	0.0	0.0	0.0	0.0	0.0	0.0	0.0	0.0	0.0	0.0	0.0	0.0	0.0	0.0	0.0	0.0	0.0	0.0	0.0	0.0	0.0	0.0	0.0	0.0	0.0	0.0	0.0	0.0	0.0	0.0	0.0	0.0	0.0	0.0	0.0	0.0	0.0	0.0	0.0	0.0	0.0	0.0	0.0	0.0	0.0	
Chromosome	5897510	T	G	0.078	0.097	0.11	0.063	0.053	0.085	0.105	0.081	0.098	0.063	0.078	0.091	0.0	0.09	0.138	0.074	0.095	0.086	0.132	0.09	0.123	0.094	0.078	0.112	0.057	0.174	0.109	0.125	0.075	0.055	0.073	0.091	0.083	0.132	0.115	0.119	0.126	0.112	0.085	0.1	0.071	0.136	0.108	0.087	0.069	0.121	0.092	0.005	0.114	0.081	0.128	0.0	0.167	0.005	0.124	0.14	0.072	0.059	0.094	0.118	0.117	0.123	0.107	0.07	0.068	0.081	0.124	0.119	0.0	
Chromosome	6416309	G	C	0.052	0.099	0.063	0.066	0.052	0.083	0.042	0.032	0.075	0.053	0.012	0.036	0.045	0.008	0.098	0.095	0.08	0.044	0.025	0.013	0.063	0.009	0.024	0.046	0.005	0.008	0.041	0.075	0.089	0.052	0.05	0.067	0.042	0.065	0.024	0.033	0.054	0.016	0.038	0.042	0.033	0.038	0.039	0.051	0.024	0.054	0.065	0.04	0.053	0.045	0.036	0.021	0.044	0.027	0.009	0.027	0.052	0.022	0.039	0.06	0.079	0.063	0.033	0.025	0.068	0.063	0.062	0.101	0.026	
Chromosome	6449704	C	T	0.0	0.248	0.0	0.0	0.0	0.0	0.0	0.0	0.0	0.0	0.0	0.0	0.0	0.005	0.0	0.0	0.0	0.0	0.0	0.004	0.0	0.0	0.0	0.0	0.0	0.0	0.0	0.0	0.0	0.0	0.0	0.0	0.0	0.0	0.0	0.0	0.0	0.0	0.0	0.0	0.0	0.0	0.0	0.0	0.0	0.0	0.0	0.0	0.0	0.0	0.0	0.0	0.0	0.0	0.0	0.005	0.0	0.0	0.0	0.0	0.0	0.0	0.0	0.0	0.0	0.0	0.0	0.0	0.0	
Chromosome	6458276	T	G	0.134	0.179	0.135	0.134	0.165	0.195	0.145	0.197	0.138	0.026	0.106	0.125	0.0	0.135	0.17	0.152	0.155	0.139	0.152	0.154	0.131	0.119	0.164	0.163	0.152	0.081	0.123	0.133	0.088	0.157	0.154	0.132	0.136	0.123	0.148	0.145	0.118	0.147	0.113	0.143	0.093	0.174	0.168	0.144	0.155	0.125	0.07	0.0	0.131	0.146	0.176	0.005	0.155	0.0	0.107	0.149	0.11	0.117	0.096	0.105	0.119	0.112	0.127	0.101	0.114	0.103	0.122	0.066	0.0	
Chromosome	6530413	T	G	0.046	0.178	0.123	0.163	0.16	0.16	0.187	0.16	0.14	0.093	0.052	0.095	0.0	0.038	0.14	0.162	0.135	0.076	0.095	0.093	0.096	0.06	0.056	0.056	0.072	0.132	0.1	0.109	0.104	0.096	0.106	0.132	0.161	0.074	0.052	0.072	0.054	0.06	0.045	0.052	0.053	0.073	0.092	0.189	0.048	0.067	0.048	0.004	0.088	0.108	0.095	0.0	0.102	0.0	0.045	0.088	0.057	0.028	0.064	0.077	0.063	0.053	0.056	0.034	0.071	0.049	0.052	0.059	0.0	
Chromosome	6530431	A	C	0.07	0.199	0.152	0.208	0.175	0.149	0.18	0.196	0.14	0.125	0.178	0.189	0.005	0.044	0.114	0.184	0.177	0.134	0.133	0.138	0.118	0.087	0.039	0.064	0.136	0.232	0.183	0.162	0.137	0.088	0.136	0.124	0.156	0.161	0.069	0.064	0.047	0.068	0.01	0.033	0.048	0.089	0.135	0.18	0.087	0.056	0.037	0.0	0.077	0.088	0.112	0.007	0.108	0.0	0.071	0.114	0.052	0.033	0.046	0.055	0.072	0.02	0.055	0.063	0.104	0.039	0.063	0.045	0.0	
Chromosome	6687524	T	G	0.332	0.578	0.525	0.611	0.5	0.592	0.5	0.471	0.426	0.429	0.311	0.333	0.004	0.115	0.434	0.459	0.475	0.46	0.342	0.451	0.34	0.288	0.226	0.232	0.425	0.429	0.333	0.458	0.512	0.505	0.57	0.53	0.45	0.446	0.277	0.215	0.257	0.276	0.27	0.319	0.195	0.291	0.372	0.348	0.285	0.314	0.265	0.0	0.447	0.368	0.432	0.0	0.394	0.012	0.245	0.444	0.299	0.311	0.257	0.296	0.303	0.247	0.204	0.318	0.328	0.289	0.293	0.267	0.005	
Chromosome	6687534	G	C	0.133	0.247	0.221	0.204	0.312	0.252	0.179	0.269	0.253	0.392	0.435	0.324	0.004	0.108	0.237	0.316	0.244	0.351	0.147	0.223	0.186	0.228	0.228	0.236	0.429	0.451	0.233	0.337	0.211	0.293	0.276	0.233	0.215	0.436	0.18	0.23	0.177	0.179	0.13	0.172	0.205	0.362	0.419	0.246	0.142	0.13	0.161	0.0	0.233	0.21	0.214	0.0	0.238	0.0	0.291	0.185	0.125	0.16	0.165	0.161	0.182	0.155	0.168	0.211	0.19	0.12	0.163	0.191	0.0	
Chromosome	6778445	A	C	0.117	0.182	0.23	0.25	0.295	0.179	0.209	0.215	0.148	0.369	0.254	0.265	0.182	0.106	0.236	0.159	0.199	0.245	0.182	0.18	0.221	0.224	0.193	0.236	0.3	0.27	0.214	0.214	0.144	0.16	0.269	0.287	0.244	0.26	0.239	0.215	0.223	0.219	0.145	0.135	0.188	0.273	0.271	0.198	0.169	0.141	0.178	0.146	0.205	0.268	0.227	0.218	0.211	0.211	0.19	0.263	0.162	0.211	0.164	0.191	0.181	0.17	0.234	0.23	0.232	0.159	0.145	0.203	0.226	
Chromosome	6778451	T	A	0.231	0.219	0.202	0.194	0.181	0.16	0.152	0.211	0.164	0.206	0.12	0.188	0.0	0.236	0.227	0.189	0.231	0.142	0.185	0.153	0.211	0.196	0.209	0.183	0.23	0.196	0.257	0.206	0.159	0.182	0.186	0.284	0.204	0.174	0.176	0.233	0.218	0.208	0.263	0.252	0.286	0.208	0.19	0.176	0.241	0.287	0.263	0.0	0.16	0.224	0.202	0.0	0.171	0.0	0.224	0.188	0.245	0.205	0.254	0.216	0.232	0.208	0.181	0.185	0.248	0.246	0.282	0.229	0.0	
Chromosome	6778456	G	C	0.172	0.256	0.219	0.233	0.303	0.203	0.254	0.233	0.231	0.441	0.268	0.258	0.185	0.109	0.293	0.143	0.26	0.267	0.185	0.17	0.25	0.237	0.193	0.22	0.341	0.287	0.257	0.29	0.174	0.198	0.257	0.287	0.219	0.237	0.204	0.187	0.202	0.211	0.215	0.193	0.257	0.3	0.21	0.227	0.235	0.223	0.238	0.156	0.225	0.265	0.273	0.185	0.24	0.184	0.233	0.281	0.23	0.24	0.195	0.218	0.223	0.199	0.209	0.185	0.281	0.221	0.209	0.237	0.133	
Chromosome	6778460	G	C	0.212	0.259	0.297	0.248	0.315	0.241	0.226	0.266	0.208	0.418	0.265	0.258	0.146	0.152	0.338	0.173	0.278	0.264	0.234	0.211	0.276	0.235	0.201	0.232	0.358	0.265	0.246	0.25	0.16	0.228	0.245	0.333	0.237	0.235	0.218	0.175	0.237	0.224	0.211	0.207	0.267	0.292	0.239	0.268	0.248	0.245	0.258	0.089	0.212	0.275	0.257	0.149	0.235	0.18	0.243	0.284	0.281	0.258	0.229	0.238	0.255	0.228	0.238	0.203	0.283	0.266	0.236	0.237	0.13	
Chromosome	6986126	T	G	0.122	0.317	0.218	0.267	0.271	0.19	0.242	0.25	0.205	0.219	0.248	0.18	0.0	0.037	0.217	0.176	0.248	0.138	0.176	0.186	0.175	0.112	0.095	0.09	0.213	0.282	0.176	0.21	0.209	0.243	0.2	0.274	0.203	0.27	0.105	0.095	0.122	0.125	0.153	0.1	0.112	0.229	0.175	0.188	0.101	0.13	0.097	0.005	0.241	0.238	0.242	0.0	0.161	0.0	0.152	0.186	0.115	0.097	0.112	0.122	0.094	0.115	0.102	0.161	0.174	0.127	0.13	0.109	0.0	
Chromosome	6986133	T	A	0.264	0.381	0.333	0.299	0.316	0.238	0.285	0.268	0.221	0.05	0.092	0.038	0.0	0.071	0.236	0.243	0.232	0.085	0.175	0.213	0.23	0.06	0.07	0.1	0.053	0.051	0.209	0.227	0.268	0.241	0.231	0.274	0.261	0.121	0.088	0.079	0.111	0.1	0.294	0.241	0.133	0.071	0.058	0.182	0.203	0.231	0.28	0.0	0.267	0.216	0.297	0.0	0.204	0.0	0.153	0.278	0.238	0.234	0.225	0.246	0.238	0.219	0.09	0.152	0.209	0.235	0.254	0.17	0.0	
