chromosome	pos	ref	mut	APAW	MockC	MockA	MockB	MockD	MockE	MockF	MockG	MockH	MockI	MockJ	MockK	MockL	Ana1	BedA	BedB	BedC	BedD	CipA	CipB	CipC	CLFA	CLFB	CLFC	CombA2	CombA3	CombA	CombAu1	CombAu3	CombAu5	CombB	CombC	CycloA	CycloB	CycloC	EMBA	EMBB	EMBC	INH1	INH2	INHA	LzdA	LzdB	LzdC	M91	M92	M9B	MA_F1	MA_F2	MA_F3	MA_H1	MA_H2	MA_H3	MA_S1	MA_S2	MA_S3	MMCA	MMCB	MMCC	NANOA	NANOB	NANOC	RIFA	RIFB	RIFC	UV1	UV2	UV3	WT_Msm
Chromosome	35052	T	A	0.163	0.258	0.289	0.279	0.315	0.289	0.326	0.392	0.299	0.25	0.2	0.169	0.0	0.091	0.242	0.257	0.277	0.177	0.232	0.177	0.209	0.115	0.113	0.073	0.151	0.184	0.247	0.289	0.267	0.205	0.29	0.208	0.368	0.175	0.083	0.108	0.181	0.104	0.218	0.185	0.139	0.147	0.169	0.329	0.221	0.211	0.163	0.0	0.26	0.183	0.219	0.0	0.192	0.0	0.12	0.241	0.185	0.197	0.212	0.206	0.186	0.142	0.125	0.073	0.244	0.153	0.224	0.168	0.0	
Chromosome	58213	T	TC	0.0	0.106	0.0	0.0	0.0	0.0	0.0	0.0	0.0	0.0	0.0	0.0	0.0	0.0	0.0	0.0	0.0	0.0	0.0	0.0	0.0	0.0	0.0	0.0	0.0	0.0	0.0	0.0	0.0	0.0	0.0	0.0	0.0	0.0	0.0	0.0	0.0	0.0	0.0	0.0	0.0	0.0	0.0	0.0	0.0	0.0	0.0	0.0	0.0	0.0	0.0	0.0	0.0	0.0	0.0	0.0	0.0	0.0	0.0	0.0	0.0	0.0	0.0	0.0	0.0	0.0	0.0	0.0	0.0	
Chromosome	144287	A	C	0.04	0.116	0.061	0.049	0.081	0.078	0.047	0.113	0.063	0.034	0.054	0.059	0.0	0.034	0.093	0.041	0.048	0.037	0.078	0.044	0.049	0.031	0.032	0.06	0.048	0.036	0.044	0.048	0.082	0.051	0.052	0.023	0.084	0.038	0.052	0.074	0.045	0.057	0.029	0.053	0.038	0.035	0.065	0.079	0.047	0.039	0.076	0.0	0.067	0.055	0.042	0.0	0.039	0.0	0.049	0.078	0.087	0.032	0.055	0.04	0.058	0.041	0.056	0.073	0.062	0.065	0.054	0.034	0.0	
Chromosome	202859	T	G	0.083	0.241	0.26	0.241	0.266	0.281	0.199	0.275	0.281	0.2	0.196	0.23	0.005	0.051	0.274	0.259	0.214	0.199	0.119	0.11	0.157	0.151	0.094	0.058	0.216	0.256	0.359	0.195	0.268	0.15	0.217	0.226	0.162	0.214	0.104	0.1	0.095	0.139	0.104	0.087	0.097	0.212	0.208	0.194	0.071	0.081	0.095	0.0	0.177	0.09	0.147	0.006	0.184	0.0	0.16	0.145	0.11	0.102	0.108	0.089	0.13	0.089	0.103	0.143	0.131	0.089	0.077	0.063	0.013	
Chromosome	680934	A	C	0.043	0.151	0.043	0.16	0.129	0.149	0.11	0.082	0.11	0.182	0.17	0.088	0.0	0.016	0.108	0.088	0.122	0.092	0.086	0.064	0.041	0.058	0.054	0.047	0.076	0.108	0.115	0.15	0.134	0.128	0.101	0.121	0.152	0.119	0.034	0.105	0.062	0.037	0.031	0.059	0.018	0.118	0.105	0.07	0.048	0.045	0.04	0.0	0.069	0.09	0.073	0.006	0.084	0.0	0.082	0.062	0.044	0.038	0.029	0.039	0.053	0.05	0.047	0.07	0.074	0.03	0.041	0.034	0.006	
Chromosome	702645	T	G	0.048	0.11	0.056	0.074	0.056	0.041	0.055	0.036	0.032	0.0	0.025	0.042	0.0	0.014	0.045	0.071	0.043	0.032	0.033	0.056	0.033	0.039	0.023	0.026	0.032	0.03	0.0	0.072	0.034	0.076	0.049	0.046	0.044	0.028	0.03	0.037	0.037	0.051	0.037	0.032	0.022	0.029	0.048	0.035	0.037	0.031	0.029	0.0	0.064	0.036	0.046	0.0	0.051	0.0	0.015	0.033	0.032	0.04	0.043	0.054	0.05	0.031	0.03	0.019	0.051	0.063	0.052	0.036	0.0	
Chromosome	706123	T	G	0.145	0.236	0.219	0.212	0.263	0.204	0.225	0.25	0.253	0.205	0.168	0.171	0.005	0.094	0.195	0.196	0.2	0.155	0.187	0.222	0.226	0.158	0.104	0.112	0.173	0.132	0.2	0.212	0.221	0.237	0.163	0.243	0.209	0.172	0.167	0.155	0.149	0.15	0.167	0.092	0.128	0.159	0.108	0.251	0.16	0.141	0.143	0.0	0.209	0.181	0.209	0.006	0.205	0.005	0.114	0.151	0.106	0.158	0.138	0.139	0.15	0.164	0.11	0.167	0.186	0.162	0.134	0.171	0.007	
Chromosome	971938	T	G	0.059	0.129	0.116	0.081	0.128	0.096	0.106	0.147	0.146	0.158	0.138	0.13	0.05	0.05	0.073	0.103	0.105	0.115	0.144	0.114	0.09	0.106	0.133	0.143	0.117	0.155	0.135	0.126	0.062	0.111	0.063	0.104	0.141	0.116	0.077	0.112	0.1	0.085	0.031	0.062	0.07	0.11	0.148	0.12	0.057	0.044	0.051	0.067	0.119	0.088	0.11	0.049	0.128	0.044	0.075	0.092	0.076	0.061	0.04	0.074	0.067	0.045	0.07	0.072	0.083	0.073	0.045	0.056	0.047	
Chromosome	1048424	T	G	0.095	0.161	0.151	0.209	0.136	0.122	0.16	0.147	0.216	0.0	0.035	0.032	0.006	0.0	0.185	0.167	0.131	0.04	0.117	0.12	0.155	0.037	0.039	0.034	0.023	0.021	0.141	0.161	0.193	0.167	0.167	0.193	0.158	0.043	0.015	0.026	0.012	0.019	0.031	0.062	0.004	0.009	0.039	0.075	0.062	0.056	0.051	0.005	0.074	0.126	0.105	0.0	0.062	0.0	0.029	0.116	0.073	0.079	0.079	0.074	0.058	0.068	0.017	0.022	0.126	0.063	0.075	0.058	0.0	
Chromosome	1261292	A	T	0.051	0.115	0.095	0.101	0.127	0.177	0.095	0.146	0.102	0.0	0.088	0.059	0.0	0.02	0.087	0.081	0.142	0.078	0.096	0.053	0.089	0.034	0.033	0.032	0.071	0.099	0.075	0.108	0.105	0.108	0.116	0.087	0.097	0.158	0.03	0.062	0.038	0.07	0.042	0.077	0.046	0.068	0.089	0.072	0.067	0.076	0.062	0.0	0.081	0.07	0.117	0.0	0.076	0.0	0.068	0.047	0.043	0.074	0.044	0.065	0.052	0.051	0.06	0.032	0.085	0.063	0.049	0.074	0.0	
Chromosome	1341535	T	TGG	0.0	0.0	0.0	0.0	0.0	0.0	0.0	0.0	0.0	0.0	0.0	0.0	0.0	0.0	0.0	0.0	0.0	0.0	0.0	0.0	0.0	0.0	0.0	0.0	0.0	0.0	0.0	0.0	0.0	0.0	0.0	0.0	0.0	0.0	0.0	0.0	0.0	0.0	0.0	0.0	0.0	0.0	0.0	0.0	0.0	0.0	0.0	0.0	0.0	0.0	0.0	0.0	0.0	0.0	0.0	0.0	0.0	0.0	0.0	0.0	0.0	0.0	0.0	0.0	0.0	0.0	0.0	0.0	0.0	
Chromosome	1341536	C	CTCTTCGCACTTGACGGTGTA	0.0	0.0	0.0	0.0	0.0	0.0	0.0	0.0	0.0	0.0	0.0	0.0	0.0	0.0	0.0	0.0	0.0	0.0	0.0	0.0	0.0	0.0	0.0	0.0	0.0	0.0	0.0	0.0	0.0	0.0	0.0	0.0	0.0	0.0	0.0	0.0	0.0	0.0	0.0	0.0	0.0	0.0	0.0	0.0	0.0	0.0	0.0	0.0	0.0	0.0	0.0	0.0	0.0	0.0	0.0	0.0	0.0	0.0	0.0	0.0	0.0	0.0	0.0	0.0	0.0	0.0	0.0	0.0	0.0	
Chromosome	1385245	A	C	0.089	0.14	0.154	0.137	0.131	0.114	0.135	0.198	0.075	0.186	0.132	0.158	0.0	0.083	0.153	0.126	0.137	0.108	0.179	0.161	0.137	0.184	0.178	0.179	0.172	0.167	0.203	0.158	0.089	0.115	0.1	0.134	0.105	0.096	0.155	0.121	0.189	0.165	0.103	0.121	0.082	0.158	0.167	0.164	0.091	0.126	0.105	0.006	0.14	0.172	0.144	0.012	0.157	0.0	0.124	0.121	0.125	0.124	0.099	0.117	0.139	0.103	0.197	0.17	0.174	0.1	0.09	0.115	0.007	
Chromosome	1452604	A	C	0.04	0.138	0.067	0.081	0.076	0.105	0.075	0.122	0.115	0.051	0.072	0.028	0.005	0.044	0.078	0.05	0.085	0.059	0.045	0.062	0.08	0.037	0.04	0.036	0.043	0.073	0.053	0.102	0.057	0.062	0.069	0.062	0.081	0.106	0.06	0.044	0.046	0.046	0.018	0.02	0.027	0.07	0.034	0.066	0.018	0.023	0.019	0.0	0.087	0.041	0.075	0.005	0.041	0.0	0.041	0.06	0.019	0.027	0.027	0.017	0.014	0.009	0.02	0.05	0.034	0.006	0.014	0.02	0.0	
Chromosome	1574114	T	G	0.158	0.365	0.29	0.281	0.298	0.309	0.315	0.302	0.293	0.125	0.192	0.237	0.011	0.177	0.245	0.262	0.197	0.219	0.177	0.218	0.18	0.146	0.167	0.224	0.26	0.312	0.263	0.298	0.318	0.274	0.299	0.268	0.211	0.16	0.177	0.204	0.179	0.144	0.135	0.095	0.16	0.214	0.232	0.183	0.194	0.142	0.113	0.005	0.135	0.168	0.213	0.012	0.128	0.006	0.156	0.213	0.154	0.128	0.178	0.142	0.13	0.149	0.171	0.201	0.155	0.132	0.118	0.134	0.007	
Chromosome	1601007	T	A	0.092	0.143	0.057	0.105	0.088	0.128	0.114	0.135	0.157	0.158	0.072	0.068	0.0	0.042	0.126	0.119	0.063	0.08	0.099	0.082	0.136	0.03	0.054	0.061	0.063	0.093	0.149	0.109	0.164	0.104	0.134	0.179	0.139	0.084	0.05	0.06	0.036	0.056	0.093	0.112	0.051	0.05	0.06	0.103	0.124	0.091	0.087	0.0	0.077	0.094	0.119	0.0	0.103	0.0	0.095	0.092	0.062	0.112	0.097	0.088	0.099	0.102	0.029	0.047	0.155	0.127	0.102	0.11	0.0	
Chromosome	1609016	T	G	0.085	0.122	0.042	0.114	0.1	0.114	0.106	0.077	0.115	0.13	0.12	0.094	0.237	0.039	0.087	0.106	0.099	0.139	0.15	0.103	0.138	0.096	0.124	0.124	0.122	0.061	0.112	0.133	0.086	0.041	0.088	0.103	0.12	0.123	0.119	0.11	0.114	0.134	0.089	0.123	0.099	0.12	0.088	0.109	0.11	0.089	0.089	0.2	0.14	0.118	0.107	0.269	0.14	0.218	0.112	0.146	0.083	0.082	0.082	0.1	0.094	0.115	0.102	0.074	0.138	0.096	0.075	0.096	0.286	
Chromosome	1630328	T	G	0.235	0.36	0.261	0.282	0.317	0.369	0.274	0.328	0.286	0.085	0.144	0.177	0.006	0.105	0.34	0.314	0.214	0.127	0.246	0.299	0.361	0.221	0.135	0.174	0.113	0.13	0.25	0.215	0.289	0.238	0.217	0.272	0.324	0.094	0.16	0.122	0.105	0.165	0.253	0.214	0.121	0.073	0.17	0.333	0.229	0.187	0.203	0.005	0.258	0.281	0.293	0.006	0.253	0.0	0.097	0.317	0.247	0.189	0.179	0.223	0.241	0.205	0.104	0.143	0.298	0.213	0.172	0.249	0.0	
Chromosome	1653639	T	G	0.059	0.238	0.153	0.187	0.188	0.146	0.103	0.153	0.139	0.036	0.0	0.035	0.005	0.008	0.151	0.179	0.147	0.027	0.126	0.128	0.054	0.018	0.047	0.063	0.035	0.043	0.056	0.192	0.201	0.156	0.169	0.159	0.102	0.025	0.035	0.034	0.021	0.011	0.048	0.047	0.01	0.023	0.037	0.128	0.062	0.057	0.058	0.005	0.072	0.089	0.087	0.005	0.105	0.0	0.042	0.038	0.064	0.058	0.048	0.062	0.059	0.032	0.045	0.037	0.105	0.05	0.053	0.034	0.0	
Chromosome	1787487	T	G	0.139	0.241	0.191	0.237	0.227	0.211	0.196	0.221	0.255	0.212	0.259	0.203	0.006	0.062	0.315	0.247	0.187	0.22	0.223	0.221	0.225	0.131	0.193	0.117	0.223	0.176	0.24	0.181	0.238	0.304	0.275	0.243	0.234	0.261	0.157	0.106	0.13	0.146	0.14	0.115	0.136	0.212	0.187	0.249	0.162	0.14	0.196	0.0	0.194	0.233	0.197	0.006	0.223	0.006	0.18	0.216	0.156	0.156	0.167	0.154	0.16	0.174	0.179	0.128	0.239	0.144	0.158	0.127	0.007	
Chromosome	1865097	T	G	0.075	0.224	0.119	0.176	0.183	0.089	0.153	0.143	0.152	0.12	0.094	0.135	0.0	0.037	0.103	0.14	0.097	0.126	0.117	0.118	0.126	0.042	0.087	0.082	0.124	0.102	0.083	0.099	0.09	0.094	0.157	0.173	0.137	0.148	0.081	0.078	0.044	0.063	0.036	0.032	0.024	0.133	0.106	0.113	0.043	0.06	0.06	0.005	0.11	0.119	0.137	0.0	0.091	0.0	0.069	0.105	0.075	0.045	0.066	0.068	0.063	0.055	0.108	0.095	0.128	0.051	0.067	0.072	0.0	
Chromosome	1979870	T	G	0.143	0.372	0.285	0.248	0.386	0.282	0.264	0.338	0.255	0.167	0.24	0.283	0.0	0.072	0.285	0.246	0.26	0.197	0.258	0.212	0.302	0.121	0.169	0.157	0.207	0.135	0.276	0.297	0.294	0.187	0.25	0.197	0.299	0.167	0.102	0.126	0.168	0.2	0.139	0.142	0.088	0.19	0.188	0.18	0.173	0.143	0.118	0.005	0.249	0.198	0.159	0.0	0.201	0.0	0.121	0.218	0.143	0.177	0.15	0.127	0.144	0.093	0.131	0.142	0.188	0.125	0.134	0.141	0.011	
Chromosome	2355770	A	G	0.115	0.191	0.134	0.413	0.0	0.0	0.0	0.158	0.0	0.0	0.0	0.0	0.0	0.0	0.0	0.0	0.404	0.0	0.0	0.0	0.0	0.0	0.0	0.0	0.0	0.0	0.19	0.0	0.0	0.0	0.091	0.308	0.0	0.0	0.0	0.0	0.0	0.0	0.003	0.0	0.0	0.0	0.0	0.0	0.0	0.0	0.0	0.0	0.0	0.0	0.0	0.013	0.0	0.0	0.0	0.0	0.0	0.0	0.0	0.0	0.0	0.0	0.136	0.0	0.0	0.0	0.0	0.0	0.0	
Chromosome	2434415	T	G	0.04	0.157	0.071	0.138	0.099	0.093	0.066	0.09	0.106	0.149	0.07	0.096	0.0	0.03	0.053	0.103	0.128	0.099	0.048	0.081	0.03	0.054	0.022	0.043	0.093	0.096	0.088	0.083	0.09	0.071	0.117	0.051	0.118	0.065	0.018	0.033	0.026	0.023	0.014	0.019	0.015	0.083	0.089	0.098	0.028	0.015	0.026	0.0	0.049	0.019	0.02	0.0	0.047	0.0	0.036	0.026	0.035	0.011	0.017	0.021	0.029	0.019	0.028	0.03	0.034	0.022	0.018	0.033	0.0	
Chromosome	2579189	A	C	0.173	0.287	0.283	0.34	0.219	0.263	0.281	0.333	0.308	0.238	0.256	0.256	0.0	0.134	0.268	0.276	0.242	0.322	0.271	0.222	0.31	0.219	0.219	0.213	0.261	0.246	0.282	0.237	0.297	0.183	0.206	0.319	0.253	0.25	0.187	0.23	0.232	0.224	0.248	0.226	0.202	0.275	0.243	0.239	0.21	0.225	0.223	0.006	0.273	0.263	0.274	0.0	0.395	0.0	0.226	0.303	0.277	0.259	0.226	0.225	0.219	0.226	0.154	0.254	0.234	0.26	0.238	0.244	0.013	
Chromosome	2625672	C	T	0.0	0.429	0.0	0.0	0.0	0.0	0.0	0.0	0.0	0.0	0.0	0.0	0.0	0.0	0.0	0.0	0.0	0.0	0.0	0.0	0.0	0.0	0.0	0.0	0.0	0.0	0.0	0.0	0.0	0.0	0.0	0.0	0.0	0.0	0.0	0.0	0.0	0.0	0.0	0.0	0.0	0.0	0.0	0.005	0.0	0.0	0.0	0.0	0.0	0.0	0.0	0.0	0.0	0.0	0.0	0.0	0.0	0.0	0.0	0.0	0.0	0.0	0.0	0.0	0.0	0.0	0.0	0.0	0.0	
Chromosome	2952405	A	C	0.131	0.194	0.186	0.178	0.171	0.148	0.163	0.183	0.15	0.118	0.164	0.119	0.012	0.131	0.123	0.214	0.107	0.176	0.216	0.223	0.224	0.164	0.113	0.144	0.153	0.171	0.125	0.173	0.182	0.163	0.151	0.158	0.193	0.106	0.169	0.104	0.134	0.19	0.142	0.104	0.125	0.141	0.196	0.197	0.102	0.156	0.129	0.0	0.204	0.229	0.174	0.006	0.254	0.0	0.152	0.238	0.144	0.165	0.143	0.155	0.128	0.158	0.162	0.134	0.136	0.135	0.126	0.122	0.0	
Chromosome	3015770	T	G	0.072	0.168	0.155	0.117	0.133	0.171	0.107	0.212	0.111	0.14	0.027	0.093	0.0	0.0	0.184	0.168	0.151	0.087	0.109	0.135	0.078	0.051	0.086	0.042	0.092	0.086	0.171	0.192	0.122	0.135	0.167	0.125	0.062	0.057	0.058	0.032	0.024	0.032	0.034	0.056	0.045	0.074	0.059	0.135	0.081	0.088	0.086	0.012	0.109	0.083	0.116	0.0	0.136	0.0	0.079	0.095	0.059	0.076	0.063	0.099	0.078	0.06	0.064	0.034	0.084	0.047	0.068	0.072	0.0	
Chromosome	3021211	T	G	0.035	0.208	0.145	0.102	0.085	0.123	0.108	0.115	0.141	0.067	0.125	0.087	0.0	0.007	0.122	0.075	0.07	0.094	0.075	0.062	0.052	0.057	0.042	0.05	0.095	0.071	0.087	0.089	0.097	0.074	0.085	0.151	0.101	0.103	0.062	0.042	0.05	0.041	0.024	0.042	0.039	0.076	0.081	0.126	0.03	0.049	0.039	0.0	0.079	0.071	0.064	0.0	0.069	0.0	0.028	0.082	0.054	0.04	0.04	0.051	0.048	0.037	0.047	0.054	0.056	0.031	0.042	0.026	0.006	
Chromosome	3492952	T	G	0.073	0.2	0.146	0.156	0.231	0.241	0.157	0.216	0.17	0.216	0.17	0.12	0.0	0.034	0.206	0.146	0.19	0.113	0.091	0.07	0.122	0.07	0.053	0.069	0.129	0.12	0.112	0.161	0.166	0.189	0.169	0.17	0.188	0.136	0.071	0.055	0.083	0.056	0.042	0.075	0.041	0.152	0.097	0.133	0.065	0.08	0.061	0.0	0.111	0.139	0.123	0.0	0.065	0.0	0.058	0.107	0.082	0.085	0.054	0.058	0.089	0.038	0.082	0.071	0.083	0.072	0.081	0.074	0.0	
Chromosome	3492976	T	G	0.067	0.164	0.061	0.115	0.128	0.143	0.143	0.156	0.123	0.152	0.059	0.047	0.0	0.039	0.113	0.108	0.101	0.085	0.104	0.07	0.08	0.068	0.048	0.046	0.078	0.08	0.067	0.123	0.142	0.087	0.121	0.137	0.103	0.061	0.042	0.044	0.053	0.066	0.055	0.051	0.036	0.046	0.058	0.078	0.063	0.063	0.033	0.006	0.087	0.154	0.1	0.0	0.102	0.0	0.061	0.084	0.076	0.069	0.062	0.046	0.042	0.057	0.038	0.061	0.088	0.092	0.047	0.069	0.0	
Chromosome	3665735	A	C	0.061	0.27	0.098	0.184	0.193	0.183	0.183	0.187	0.232	0.125	0.165	0.153	0.0	0.036	0.176	0.152	0.152	0.147	0.136	0.136	0.154	0.019	0.086	0.06	0.168	0.085	0.157	0.144	0.182	0.192	0.14	0.165	0.137	0.159	0.072	0.047	0.09	0.068	0.034	0.061	0.038	0.157	0.126	0.104	0.047	0.067	0.033	0.0	0.133	0.085	0.121	0.0	0.054	0.006	0.074	0.119	0.081	0.048	0.043	0.033	0.072	0.048	0.105	0.093	0.086	0.04	0.062	0.035	0.0	
Chromosome	3847886	T	A	0.206	0.256	0.236	0.183	0.22	0.195	0.187	0.223	0.237	0.408	0.286	0.291	0.0	0.167	0.214	0.246	0.165	0.36	0.279	0.2	0.241	0.186	0.171	0.147	0.297	0.26	0.225	0.3	0.203	0.205	0.235	0.234	0.259	0.333	0.253	0.227	0.134	0.206	0.159	0.258	0.204	0.267	0.251	0.258	0.24	0.2	0.207	0.0	0.243	0.263	0.259	0.0	0.274	0.0	0.238	0.245	0.229	0.269	0.219	0.274	0.253	0.219	0.169	0.238	0.27	0.242	0.245	0.224	0.0	
Chromosome	3847896	T	A	0.133	0.125	0.152	0.142	0.148	0.145	0.092	0.175	0.118	0.105	0.147	0.166	0.0	0.093	0.109	0.172	0.145	0.167	0.104	0.119	0.12	0.057	0.127	0.103	0.152	0.142	0.141	0.164	0.133	0.092	0.138	0.162	0.171	0.173	0.118	0.119	0.077	0.122	0.072	0.146	0.109	0.106	0.134	0.153	0.158	0.128	0.133	0.0	0.118	0.125	0.155	0.0	0.164	0.0	0.133	0.137	0.146	0.183	0.162	0.203	0.169	0.147	0.113	0.136	0.15	0.17	0.175	0.152	0.0	
Chromosome	3862940	A	C	0.051	0.156	0.12	0.202	0.122	0.185	0.153	0.151	0.255	0.156	0.036	0.064	0.0	0.065	0.212	0.213	0.23	0.109	0.142	0.053	0.131	0.045	0.109	0.068	0.082	0.104	0.129	0.195	0.154	0.248	0.154	0.2	0.108	0.096	0.055	0.074	0.091	0.098	0.056	0.065	0.042	0.104	0.087	0.134	0.06	0.056	0.067	0.0	0.094	0.054	0.076	0.0	0.135	0.0	0.054	0.092	0.095	0.051	0.065	0.057	0.043	0.046	0.069	0.045	0.097	0.048	0.047	0.034	0.0	
Chromosome	3951851	T	G	0.054	0.105	0.06	0.053	0.071	0.029	0.086	0.057	0.075	0.088	0.058	0.089	0.0	0.037	0.058	0.049	0.03	0.078	0.052	0.091	0.059	0.067	0.041	0.082	0.036	0.094	0.126	0.064	0.066	0.038	0.072	0.042	0.053	0.053	0.064	0.07	0.029	0.056	0.029	0.053	0.049	0.042	0.061	0.044	0.051	0.064	0.043	0.006	0.054	0.068	0.026	0.006	0.039	0.0	0.041	0.103	0.065	0.044	0.041	0.035	0.04	0.041	0.053	0.076	0.059	0.019	0.051	0.029	0.008	
Chromosome	3965512	A	C	0.072	0.146	0.079	0.112	0.137	0.15	0.183	0.139	0.143	0.107	0.086	0.103	0.006	0.049	0.134	0.138	0.108	0.083	0.07	0.108	0.118	0.124	0.109	0.077	0.116	0.096	0.051	0.144	0.121	0.053	0.19	0.14	0.127	0.114	0.052	0.08	0.081	0.086	0.106	0.089	0.069	0.133	0.111	0.153	0.067	0.077	0.07	0.0	0.073	0.077	0.092	0.0	0.096	0.012	0.084	0.116	0.056	0.056	0.085	0.062	0.094	0.08	0.105	0.087	0.09	0.07	0.054	0.044	0.007	
Chromosome	4088367	T	G	0.129	0.25	0.224	0.23	0.228	0.221	0.191	0.16	0.258	0.086	0.154	0.128	0.0	0.055	0.236	0.225	0.177	0.094	0.198	0.143	0.142	0.131	0.144	0.088	0.116	0.167	0.123	0.275	0.189	0.2	0.206	0.164	0.219	0.135	0.104	0.119	0.133	0.105	0.108	0.124	0.116	0.146	0.159	0.193	0.096	0.099	0.113	0.0	0.135	0.206	0.149	0.0	0.233	0.005	0.108	0.165	0.124	0.097	0.137	0.127	0.109	0.099	0.142	0.212	0.222	0.13	0.097	0.093	0.0	
Chromosome	4104684	T	C	0.0	0.289	0.0	0.0	0.0	0.0	0.0	0.0	0.0	0.0	0.0	0.0	0.0	0.0	0.0	0.0	0.0	0.0	0.0	0.0	0.0	0.0	0.0	0.0	0.0	0.0	0.0	0.0	0.0	0.0	0.0	0.0	0.0	0.0	0.0	0.0	0.0	0.0	0.0	0.0	0.0	0.0	0.0	0.0	0.0	0.0	0.0	0.0	0.0	0.0	0.0	0.0	0.0	0.0	0.0	0.0	0.0	0.0	0.0	0.0	0.0	0.0	0.0	0.0	0.0	0.0	0.0	0.0	0.0	
Chromosome	4105906	G	T	0.0	0.213	0.191	0.0	0.0	0.0	0.0	0.0	0.0	0.0	0.0	0.0	0.0	0.0	0.009	0.0	0.0	0.005	0.0	0.0	0.0	0.0	0.0	0.0	0.0	0.0	0.0	0.0	0.008	0.0	0.0	0.008	0.0	0.0	0.0	0.005	0.0	0.0	0.0	0.0	0.0	0.0	0.0	0.0	0.003	0.0	0.0	0.0	0.0	0.0	0.0	0.0	0.0	0.0	0.0	0.0	0.0	0.0	0.0	0.0	0.0	0.0	0.0	0.0	0.0	0.0	0.0	0.003	0.0	
Chromosome	4192642	T	G	0.055	0.1	0.072	0.051	0.085	0.058	0.041	0.038	0.078	0.042	0.049	0.082	0.0	0.014	0.079	0.07	0.071	0.038	0.075	0.062	0.094	0.063	0.092	0.058	0.057	0.033	0.042	0.045	0.04	0.07	0.021	0.055	0.038	0.073	0.057	0.073	0.073	0.055	0.051	0.046	0.085	0.084	0.056	0.105	0.019	0.03	0.05	0.01	0.079	0.09	0.06	0.0	0.069	0.0	0.058	0.052	0.07	0.047	0.058	0.045	0.057	0.028	0.073	0.082	0.071	0.039	0.008	0.048	0.0	
Chromosome	4214560	C	A	0.452	0.479	0.431	0.453	0.42	0.509	0.468	0.49	0.472	0.509	0.462	0.494	0.408	0.533	0.441	0.444	0.525	0.503	0.477	0.478	0.474	0.465	0.518	0.466	0.465	0.544	0.5	0.53	0.506	0.48	0.485	0.401	0.533	0.478	0.449	0.475	0.494	0.517	0.494	0.476	0.515	0.485	0.48	0.481	0.502	0.45	0.481	0.463	0.458	0.491	0.505	0.538	0.511	0.524	0.498	0.496	0.478	0.497	0.486	0.494	0.506	0.43	0.49	0.489	0.515	0.442	0.432	0.326	0.498	
Chromosome	4214739	G	GT	0.34	0.301	0.331	0.371	0.321	0.371	0.324	0.352	0.367	0.535	0.391	0.331	0.26	0.395	0.304	0.332	0.352	0.324	0.364	0.304	0.32	0.338	0.351	0.336	0.368	0.472	0.392	0.342	0.38	0.312	0.339	0.353	0.34	0.358	0.313	0.303	0.316	0.331	0.332	0.321	0.353	0.327	0.388	0.339	0.358	0.305	0.333	0.327	0.332	0.362	0.287	0.317	0.332	0.357	0.306	0.309	0.32	0.334	0.355	0.338	0.314	0.329	0.36	0.327	0.316	0.303	0.304	0.266	0.329	
Chromosome	4214852	A	AG	0.06	0.088	0.024	0.074	0.054	0.039	0.026	0.069	0.048	0.065	0.06	0.058	0.082	0.074	0.043	0.078	0.072	0.05	0.058	0.023	0.048	0.056	0.076	0.083	0.069	0.07	0.099	0.049	0.107	0.048	0.074	0.046	0.047	0.057	0.059	0.07	0.045	0.05	0.069	0.061	0.07	0.066	0.067	0.066	0.062	0.073	0.066	0.022	0.065	0.047	0.037	0.051	0.087	0.097	0.015	0.066	0.044	0.084	0.064	0.057	0.058	0.053	0.058	0.067	0.049	0.073	0.054	0.058	0.045	
Chromosome	4214853	C	CAATGATCAATACCTGTG	0.0	0.0	0.0	0.0	0.0	0.007	0.0	0.006	0.008	0.0	0.004	0.006	0.06	0.0	0.0	0.0	0.008	0.0	0.004	0.0	0.0	0.0	0.013	0.003	0.0	0.0	0.0	0.006	0.0	0.0	0.006	0.0	0.0	0.004	0.0	0.008	0.003	0.0	0.0	0.003	0.004	0.0	0.004	0.0	0.0	0.0	0.003	0.011	0.0	0.006	0.0	0.034	0.0	0.067	0.0	0.004	0.0	0.0	0.004	0.0	0.0	0.0	0.008	0.009	0.0	0.0	0.0	0.0	0.019	
Chromosome	4738601	T	G	0.179	0.254	0.25	0.208	0.261	0.229	0.239	0.279	0.229	0.2	0.233	0.288	0.0	0.07	0.196	0.211	0.261	0.184	0.199	0.215	0.208	0.181	0.141	0.131	0.231	0.247	0.348	0.21	0.277	0.194	0.268	0.255	0.246	0.207	0.138	0.145	0.158	0.209	0.157	0.132	0.082	0.258	0.21	0.297	0.152	0.193	0.133	0.0	0.202	0.177	0.219	0.011	0.212	0.0	0.188	0.241	0.133	0.138	0.187	0.134	0.163	0.163	0.163	0.142	0.234	0.193	0.164	0.15	0.006	
Chromosome	4806662	G	A	0.0	0.231	0.238	0.0	0.0	0.0	0.0	0.0	0.0	0.0	0.0	0.0	0.0	0.0	0.0	0.0	0.0	0.0	0.0	0.0	0.0	0.0	0.0	0.0	0.0	0.0	0.0	0.0	0.0	0.0	0.0	0.0	0.0	0.0	0.0	0.0	0.0	0.0	0.0	0.0	0.0	0.0	0.0	0.0	0.0	0.0	0.0	0.0	0.0	0.0	0.0	0.0	0.0	0.0	0.0	0.0	0.0	0.0	0.0	0.0	0.0	0.0	0.0	0.0	0.0	0.0	0.0	0.0	0.0	
Chromosome	4971800	T	G	0.03	0.147	0.125	0.115	0.099	0.094	0.057	0.083	0.046	0.222	0.116	0.091	0.0	0.026	0.049	0.062	0.07	0.086	0.02	0.043	0.053	0.068	0.044	0.043	0.127	0.113	0.078	0.064	0.05	0.064	0.074	0.037	0.107	0.06	0.029	0.038	0.053	0.047	0.012	0.032	0.034	0.089	0.057	0.072	0.032	0.021	0.027	0.007	0.031	0.071	0.033	0.0	0.059	0.0	0.059	0.065	0.027	0.039	0.05	0.03	0.031	0.018	0.058	0.018	0.035	0.052	0.023	0.03	0.007	
Chromosome	4987024	A	C	0.1	0.168	0.162	0.142	0.206	0.138	0.103	0.214	0.262	0.125	0.138	0.135	0.0	0.072	0.16	0.167	0.115	0.208	0.107	0.093	0.142	0.058	0.081	0.074	0.128	0.148	0.221	0.16	0.151	0.195	0.129	0.154	0.144	0.171	0.067	0.078	0.069	0.056	0.069	0.064	0.065	0.181	0.166	0.155	0.098	0.064	0.068	0.0	0.115	0.076	0.133	0.0	0.113	0.0	0.085	0.136	0.07	0.039	0.068	0.053	0.062	0.051	0.078	0.063	0.106	0.053	0.058	0.052	0.007	
Chromosome	5046375	C	G	0.0	0.065	0.111	0.078	0.073	0.051	0.051	0.106	0.067	0.071	0.057	0.027	0.0	0.0	0.078	0.092	0.069	0.016	0.031	0.028	0.019	0.015	0.015	0.004	0.015	0.054	0.031	0.081	0.088	0.078	0.07	0.015	0.026	0.036	0.0	0.014	0.008	0.0	0.0	0.007	0.0	0.032	0.028	0.01	0.003	0.003	0.003	0.0	0.019	0.009	0.009	0.0	0.023	0.0	0.011	0.025	0.0	0.0	0.01	0.004	0.002	0.0	0.0	0.005	0.03	0.003	0.002	0.003	0.0	
Chromosome	5118524	C	CG	0.0	0.178	0.0	0.0	0.0	0.0	0.0	0.0	0.0	0.0	0.0	0.0	0.0	0.0	0.0	0.0	0.0	0.0	0.0	0.0	0.0	0.0	0.0	0.0	0.0	0.0	0.0	0.0	0.0	0.0	0.0	0.0	0.0	0.0	0.0	0.0	0.0	0.0	0.0	0.0	0.0	0.0	0.0	0.0	0.0	0.0	0.0	0.0	0.0	0.0	0.0	0.0	0.0	0.0	0.0	0.0	0.0	0.0	0.0	0.0	0.0	0.0	0.0	0.0	0.0	0.0	0.0	0.0	0.0	
Chromosome	5231357	T	G	0.108	0.145	0.111	0.082	0.162	0.136	0.065	0.076	0.129	0.161	0.1	0.116	0.0	0.115	0.082	0.137	0.089	0.134	0.062	0.074	0.105	0.128	0.136	0.084	0.158	0.187	0.113	0.076	0.074	0.079	0.118	0.112	0.114	0.097	0.104	0.109	0.132	0.108	0.111	0.076	0.109	0.14	0.113	0.1	0.071	0.107	0.089	0.005	0.129	0.111	0.094	0.006	0.115	0.0	0.083	0.113	0.101	0.096	0.076	0.106	0.123	0.085	0.12	0.103	0.121	0.091	0.069	0.091	0.0	
Chromosome	5499064	A	C	0.042	0.11	0.092	0.162	0.147	0.175	0.15	0.109	0.159	0.135	0.064	0.088	0.0	0.006	0.085	0.143	0.171	0.072	0.069	0.063	0.06	0.057	0.04	0.034	0.088	0.107	0.068	0.066	0.099	0.149	0.103	0.102	0.149	0.078	0.029	0.038	0.047	0.074	0.027	0.024	0.026	0.142	0.092	0.092	0.039	0.04	0.045	0.0	0.057	0.039	0.077	0.007	0.075	0.0	0.052	0.071	0.043	0.027	0.038	0.043	0.035	0.019	0.027	0.036	0.081	0.017	0.043	0.04	0.0	
Chromosome	5524236	A	C	0.057	0.218	0.132	0.127	0.175	0.153	0.151	0.201	0.165	0.073	0.064	0.084	0.0	0.026	0.122	0.156	0.179	0.062	0.13	0.086	0.081	0.06	0.064	0.055	0.076	0.118	0.11	0.139	0.137	0.206	0.152	0.122	0.147	0.063	0.062	0.072	0.083	0.055	0.065	0.05	0.038	0.091	0.058	0.107	0.046	0.052	0.049	0.0	0.093	0.126	0.095	0.0	0.055	0.006	0.038	0.117	0.075	0.066	0.063	0.045	0.041	0.068	0.077	0.036	0.077	0.072	0.048	0.058	0.0	
Chromosome	5757785	T	G	0.091	0.126	0.073	0.106	0.117	0.058	0.105	0.101	0.069	0.148	0.145	0.114	0.0	0.063	0.086	0.145	0.075	0.098	0.066	0.103	0.077	0.103	0.11	0.125	0.109	0.101	0.148	0.083	0.089	0.102	0.099	0.053	0.163	0.103	0.113	0.124	0.152	0.116	0.084	0.114	0.091	0.123	0.127	0.071	0.092	0.095	0.09	0.0	0.104	0.121	0.155	0.0	0.074	0.0	0.16	0.085	0.115	0.072	0.114	0.1	0.088	0.08	0.151	0.114	0.089	0.105	0.074	0.074	0.0	
Chromosome	5758976	T	G	0.068	0.143	0.135	0.06	0.12	0.167	0.144	0.111	0.161	0.097	0.099	0.091	0.0	0.024	0.109	0.095	0.153	0.105	0.105	0.125	0.098	0.068	0.065	0.069	0.114	0.111	0.148	0.102	0.129	0.119	0.163	0.115	0.094	0.098	0.048	0.066	0.071	0.056	0.045	0.062	0.038	0.077	0.083	0.105	0.077	0.036	0.061	0.011	0.121	0.156	0.102	0.006	0.134	0.0	0.069	0.077	0.056	0.057	0.078	0.057	0.054	0.049	0.041	0.075	0.101	0.054	0.07	0.05	0.015	
Chromosome	5777321	A	G	0.0	0.174	0.0	0.0	0.0	0.0	0.0	0.0	0.0	0.0	0.0	0.0	0.005	0.0	0.0	0.0	0.0	0.0	0.0	0.0	0.0	0.0	0.0	0.0	0.0	0.0	0.0	0.0	0.0	0.0	0.0	0.0	0.0	0.0	0.0	0.005	0.0	0.005	0.0	0.0	0.0	0.0	0.0	0.0	0.0	0.0	0.0	0.005	0.0	0.0	0.0	0.0	0.0	0.0	0.0	0.0	0.0	0.0	0.0	0.0	0.0	0.0	0.0	0.0	0.0	0.0	0.0	0.003	0.0	
Chromosome	5864763	A	C	0.075	0.121	0.047	0.036	0.141	0.078	0.116	0.095	0.125	0.143	0.077	0.076	0.0	0.072	0.064	0.116	0.088	0.073	0.111	0.171	0.082	0.108	0.086	0.079	0.112	0.123	0.137	0.062	0.074	0.052	0.107	0.098	0.135	0.073	0.118	0.09	0.108	0.122	0.071	0.063	0.073	0.114	0.101	0.101	0.044	0.076	0.076	0.0	0.056	0.085	0.104	0.0	0.096	0.0	0.11	0.063	0.105	0.061	0.062	0.091	0.052	0.09	0.101	0.073	0.083	0.075	0.057	0.043	0.0	
Chromosome	5884206	A	C	0.112	0.188	0.155	0.147	0.181	0.105	0.092	0.102	0.095	0.111	0.081	0.071	0.0	0.089	0.187	0.179	0.103	0.062	0.113	0.131	0.128	0.073	0.1	0.101	0.074	0.094	0.141	0.089	0.087	0.087	0.124	0.035	0.141	0.097	0.071	0.073	0.061	0.074	0.08	0.127	0.066	0.12	0.065	0.09	0.107	0.106	0.062	0.0	0.152	0.1	0.157	0.008	0.123	0.0	0.14	0.126	0.053	0.078	0.083	0.091	0.066	0.079	0.053	0.094	0.067	0.114	0.119	0.096	0.0	
Chromosome	5990277	T	G	0.074	0.223	0.156	0.218	0.123	0.137	0.115	0.17	0.176	0.069	0.035	0.041	0.006	0.013	0.148	0.133	0.132	0.028	0.11	0.097	0.151	0.04	0.03	0.034	0.029	0.046	0.141	0.179	0.145	0.163	0.147	0.153	0.137	0.039	0.057	0.055	0.02	0.055	0.062	0.047	0.03	0.052	0.058	0.118	0.077	0.062	0.059	0.0	0.135	0.069	0.111	0.006	0.11	0.011	0.061	0.141	0.057	0.09	0.062	0.065	0.081	0.077	0.069	0.033	0.097	0.039	0.06	0.067	0.006	
Chromosome	6191146	T	G	0.083	0.232	0.188	0.182	0.13	0.2	0.185	0.184	0.178	0.125	0.117	0.091	0.0	0.028	0.191	0.166	0.166	0.073	0.154	0.156	0.152	0.088	0.073	0.054	0.086	0.083	0.226	0.187	0.16	0.13	0.181	0.159	0.179	0.095	0.056	0.101	0.078	0.079	0.053	0.083	0.056	0.105	0.109	0.169	0.101	0.07	0.065	0.004	0.119	0.179	0.141	0.0	0.175	0.0	0.068	0.093	0.085	0.069	0.06	0.069	0.095	0.072	0.127	0.111	0.139	0.066	0.086	0.069	0.0	
Chromosome	6283504	T	G	0.038	0.153	0.071	0.053	0.075	0.127	0.11	0.076	0.09	0.0	0.021	0.035	0.01	0.013	0.062	0.127	0.087	0.037	0.03	0.07	0.0	0.033	0.033	0.061	0.045	0.02	0.087	0.067	0.072	0.109	0.102	0.062	0.048	0.046	0.016	0.051	0.021	0.006	0.033	0.009	0.007	0.05	0.043	0.053	0.034	0.017	0.007	0.014	0.057	0.057	0.09	0.012	0.047	0.0	0.033	0.034	0.0	0.017	0.025	0.021	0.015	0.019	0.024	0.061	0.042	0.02	0.007	0.02	0.006	
Chromosome	6458276	T	G	0.134	0.165	0.135	0.134	0.195	0.145	0.179	0.197	0.138	0.026	0.106	0.125	0.0	0.135	0.17	0.152	0.155	0.139	0.152	0.154	0.131	0.119	0.164	0.163	0.152	0.081	0.123	0.133	0.088	0.157	0.154	0.132	0.136	0.123	0.148	0.145	0.118	0.147	0.113	0.143	0.093	0.174	0.168	0.144	0.155	0.125	0.07	0.0	0.131	0.146	0.176	0.005	0.155	0.0	0.107	0.149	0.11	0.117	0.096	0.105	0.119	0.112	0.127	0.101	0.114	0.103	0.122	0.066	0.0	
Chromosome	6478685	A	C	0.196	0.321	0.381	0.328	0.281	0.305	0.347	0.242	0.275	0.207	0.182	0.156	0.006	0.075	0.308	0.234	0.303	0.186	0.19	0.206	0.228	0.095	0.197	0.159	0.216	0.183	0.222	0.247	0.26	0.229	0.223	0.165	0.246	0.237	0.179	0.126	0.126	0.163	0.175	0.199	0.13	0.181	0.195	0.29	0.185	0.137	0.164	0.0	0.264	0.231	0.275	0.006	0.311	0.006	0.112	0.224	0.193	0.151	0.169	0.205	0.121	0.153	0.144	0.107	0.239	0.156	0.177	0.144	0.0	
Chromosome	6478702	A	C	0.165	0.324	0.347	0.32	0.312	0.315	0.296	0.268	0.261	0.222	0.224	0.273	0.005	0.067	0.328	0.224	0.229	0.262	0.273	0.219	0.215	0.16	0.17	0.169	0.228	0.167	0.173	0.264	0.313	0.289	0.181	0.205	0.216	0.255	0.147	0.168	0.198	0.167	0.116	0.158	0.13	0.234	0.237	0.259	0.131	0.136	0.102	0.005	0.226	0.227	0.246	0.0	0.298	0.0	0.123	0.2	0.152	0.139	0.142	0.154	0.117	0.124	0.164	0.186	0.224	0.088	0.134	0.114	0.007	
Chromosome	6780010	T	G	0.039	0.11	0.063	0.056	0.074	0.076	0.058	0.059	0.102	0.067	0.055	0.078	0.005	0.058	0.04	0.07	0.107	0.086	0.078	0.037	0.06	0.037	0.054	0.057	0.1	0.081	0.081	0.062	0.069	0.104	0.079	0.083	0.097	0.05	0.083	0.072	0.067	0.079	0.05	0.061	0.027	0.07	0.062	0.066	0.054	0.044	0.063	0.005	0.111	0.077	0.077	0.0	0.071	0.005	0.071	0.056	0.063	0.044	0.1	0.057	0.045	0.046	0.065	0.042	0.057	0.054	0.07	0.034	0.0	
Chromosome	6820544	A	C	0.017	0.159	0.06	0.091	0.102	0.048	0.083	0.079	0.109	0.1	0.088	0.087	0.005	0.017	0.062	0.045	0.122	0.099	0.049	0.07	0.066	0.042	0.034	0.036	0.059	0.143	0.118	0.082	0.087	0.045	0.063	0.048	0.056	0.074	0.05	0.038	0.048	0.021	0.022	0.028	0.011	0.071	0.081	0.029	0.031	0.033	0.02	0.005	0.059	0.07	0.059	0.015	0.063	0.0	0.02	0.055	0.023	0.03	0.042	0.025	0.022	0.034	0.033	0.043	0.035	0.021	0.026	0.023	0.0	
Chromosome	6913451	A	C	0.086	0.21	0.093	0.149	0.102	0.123	0.135	0.128	0.168	0.0	0.031	0.037	0.0	0.017	0.113	0.081	0.085	0.061	0.098	0.128	0.089	0.04	0.039	0.043	0.036	0.031	0.13	0.112	0.107	0.133	0.186	0.164	0.071	0.028	0.046	0.04	0.034	0.04	0.109	0.119	0.009	0.016	0.043	0.114	0.108	0.092	0.129	0.0	0.104	0.08	0.114	0.005	0.129	0.0	0.024	0.117	0.08	0.117	0.086	0.11	0.145	0.107	0.02	0.047	0.073	0.118	0.091	0.118	0.0	
Chromosome	6923330	T	G	0.29	0.474	0.339	0.411	0.417	0.493	0.376	0.471	0.507	0.588	0.413	0.437	0.0	0.253	0.352	0.347	0.411	0.365	0.397	0.421	0.319	0.333	0.374	0.324	0.472	0.587	0.472	0.467	0.396	0.397	0.383	0.427	0.39	0.423	0.307	0.372	0.351	0.382	0.258	0.264	0.271	0.46	0.412	0.466	0.31	0.292	0.261	0.0	0.392	0.372	0.322	0.0	0.42	0.006	0.265	0.283	0.261	0.294	0.261	0.261	0.3	0.279	0.36	0.294	0.352	0.236	0.273	0.232	0.014	
Chromosome	6954061	T	G	0.054	0.194	0.186	0.156	0.148	0.131	0.102	0.128	0.221	0.143	0.099	0.121	0.0	0.025	0.179	0.156	0.113	0.081	0.112	0.12	0.129	0.065	0.076	0.033	0.117	0.153	0.127	0.162	0.168	0.162	0.16	0.159	0.122	0.096	0.069	0.07	0.086	0.084	0.033	0.063	0.048	0.12	0.087	0.144	0.092	0.057	0.045	0.0	0.105	0.083	0.11	0.0	0.112	0.0	0.059	0.122	0.061	0.036	0.05	0.078	0.067	0.039	0.052	0.061	0.06	0.069	0.044	0.047	0.006	
