chromosome	pos	ref	mut	APAW	MockK	MockA	MockB	MockC	MockD	MockE	MockF	MockG	MockH	MockI	MockJ	MockL	Ana1	BedA	BedB	BedC	BedD	CipA	CipB	CipC	CLFA	CLFB	CLFC	CombA2	CombA3	CombA	CombAu1	CombAu3	CombAu5	CombB	CombC	CycloA	CycloB	CycloC	EMBA	EMBB	EMBC	INH1	INH2	INHA	LzdA	LzdB	LzdC	M91	M92	M9B	MA_F1	MA_F2	MA_F3	MA_H1	MA_H2	MA_H3	MA_S1	MA_S2	MA_S3	MMCA	MMCB	MMCC	NANOA	NANOB	NANOC	RIFA	RIFB	RIFC	UV1	UV2	UV3	WT_Msm
Chromosome	35052	T	A	0.163	0.169	0.289	0.279	0.258	0.315	0.289	0.326	0.392	0.299	0.25	0.2	0.0	0.091	0.242	0.257	0.277	0.177	0.232	0.177	0.209	0.115	0.113	0.073	0.151	0.184	0.247	0.289	0.267	0.205	0.29	0.208	0.368	0.175	0.083	0.108	0.181	0.104	0.218	0.185	0.139	0.147	0.169	0.329	0.221	0.211	0.163	0.0	0.26	0.183	0.219	0.0	0.192	0.0	0.12	0.241	0.185	0.197	0.212	0.206	0.186	0.142	0.125	0.073	0.244	0.153	0.224	0.168	0.0	
Chromosome	57135	T	G	0.136	0.206	0.317	0.321	0.315	0.258	0.273	0.282	0.286	0.265	0.232	0.194	0.009	0.1	0.308	0.264	0.213	0.197	0.213	0.207	0.269	0.15	0.133	0.165	0.169	0.224	0.284	0.326	0.346	0.306	0.309	0.243	0.336	0.125	0.14	0.146	0.121	0.202	0.124	0.153	0.091	0.19	0.144	0.308	0.159	0.132	0.119	0.026	0.195	0.172	0.209	0.015	0.176	0.018	0.115	0.182	0.181	0.141	0.13	0.143	0.168	0.153	0.106	0.118	0.21	0.17	0.173	0.152	0.019	
Chromosome	57142	G	C	0.099	0.219	0.232	0.244	0.23	0.201	0.228	0.185	0.162	0.203	0.217	0.251	0.005	0.042	0.213	0.226	0.176	0.179	0.145	0.155	0.174	0.121	0.121	0.096	0.223	0.281	0.202	0.208	0.214	0.229	0.23	0.19	0.196	0.208	0.113	0.118	0.125	0.137	0.099	0.103	0.075	0.281	0.243	0.222	0.129	0.083	0.08	0.0	0.162	0.132	0.144	0.0	0.162	0.0	0.161	0.113	0.097	0.102	0.102	0.073	0.097	0.067	0.091	0.107	0.181	0.116	0.117	0.093	0.0	
Chromosome	64977	A	.	0.0	0.0	0.0	0.0	0.0	0.0	0.0	0.0	0.0	0.0	0.0	0.0	0.0	0.0	0.0	0.0	0.0	0.0	0.0	0.0	0.0	0.0	0.0	0.0	0.0	0.0	0.0	0.0	0.0	0.0	0.0	0.0	0.0	0.0	0.0	0.0	0.0	0.0	0.0	0.0	0.0	0.0	0.0	0.0	0.0	0.0	0.0	0.0	0.0	0.0	0.0	0.0	0.0	0.0	0.0	0.0	0.0	0.0	0.0	0.0	0.0	0.0	0.0	0.0	0.0	0.0	0.0	0.0	0.0	
Chromosome	64980	T	.	0.0	0.0	0.0	0.0	0.0	0.0	0.0	0.0	0.0	0.0	0.0	0.0	0.0	0.0	0.0	0.0	0.0	0.0	0.0	0.0	0.0	0.0	0.0	0.0	0.0	0.0	0.0	0.0	0.0	0.0	0.0	0.0	0.0	0.0	0.0	0.0	0.0	0.0	0.0	0.0	0.0	0.0	0.0	0.0	0.0	0.0	0.0	0.0	0.0	0.0	0.0	0.0	0.0	0.0	0.0	0.0	0.0	0.0	0.0	0.0	0.0	0.0	0.0	0.0	0.0	0.0	0.0	0.0	0.0	
Chromosome	64986	A	.	0.0	0.0	0.0	0.0	0.0	0.0	0.0	0.0	0.0	0.0	0.0	0.0	0.0	0.0	0.0	0.0	0.0	0.0	0.0	0.0	0.0	0.0	0.0	0.0	0.0	0.0	0.0	0.0	0.0	0.0	0.0	0.0	0.0	0.0	0.0	0.0	0.0	0.0	0.0	0.0	0.0	0.0	0.0	0.0	0.0	0.0	0.0	0.0	0.0	0.0	0.0	0.0	0.0	0.0	0.0	0.0	0.0	0.0	0.0	0.0	0.0	0.0	0.0	0.0	0.0	0.0	0.0	0.0	0.0	
Chromosome	64992	T	G	0.148	0.27	0.349	0.34	0.421	0.366	0.394	0.373	0.364	0.368	0.222	0.261	0.006	0.15	0.294	0.305	0.25	0.251	0.171	0.238	0.23	0.174	0.157	0.208	0.27	0.26	0.276	0.337	0.376	0.369	0.325	0.306	0.257	0.188	0.17	0.184	0.168	0.178	0.136	0.128	0.12	0.298	0.246	0.302	0.176	0.125	0.14	0.028	0.22	0.283	0.287	0.022	0.29	0.015	0.195	0.228	0.193	0.177	0.154	0.189	0.15	0.113	0.23	0.221	0.22	0.121	0.148	0.162	0.067	
Chromosome	65001	A	C	0.148	0.256	0.345	0.429	0.337	0.325	0.398	0.336	0.387	0.371	0.324	0.272	0.0	0.099	0.358	0.298	0.298	0.303	0.251	0.247	0.336	0.211	0.201	0.171	0.294	0.235	0.371	0.396	0.439	0.471	0.317	0.361	0.23	0.254	0.219	0.232	0.221	0.235	0.163	0.164	0.131	0.226	0.254	0.251	0.248	0.182	0.174	0.0	0.255	0.25	0.265	0.007	0.304	0.0	0.172	0.219	0.208	0.158	0.185	0.119	0.196	0.172	0.242	0.174	0.21	0.17	0.17	0.152	0.0	
Chromosome	202859	T	G	0.083	0.23	0.26	0.241	0.241	0.266	0.281	0.199	0.275	0.281	0.2	0.196	0.005	0.051	0.274	0.259	0.214	0.199	0.119	0.11	0.157	0.151	0.094	0.058	0.216	0.256	0.359	0.195	0.268	0.15	0.217	0.226	0.162	0.214	0.104	0.1	0.095	0.139	0.104	0.087	0.097	0.212	0.208	0.194	0.071	0.081	0.095	0.0	0.177	0.09	0.147	0.006	0.184	0.0	0.16	0.145	0.11	0.102	0.108	0.089	0.13	0.089	0.103	0.143	0.131	0.089	0.077	0.063	0.013	
Chromosome	249685	T	G	0.142	0.217	0.357	0.331	0.375	0.236	0.362	0.324	0.324	0.435	0.344	0.255	0.0	0.141	0.373	0.327	0.294	0.225	0.256	0.203	0.226	0.188	0.19	0.165	0.264	0.302	0.259	0.252	0.416	0.333	0.319	0.35	0.219	0.204	0.211	0.199	0.234	0.165	0.121	0.144	0.089	0.276	0.245	0.207	0.155	0.146	0.125	0.0	0.23	0.227	0.235	0.0	0.19	0.029	0.196	0.23	0.139	0.123	0.12	0.137	0.141	0.121	0.219	0.157	0.229	0.175	0.132	0.127	0.0	
Chromosome	280796	A	C	0.048	0.182	0.275	0.251	0.191	0.286	0.227	0.206	0.21	0.115	0.229	0.182	0.0	0.038	0.152	0.182	0.143	0.132	0.169	0.117	0.165	0.078	0.089	0.103	0.148	0.248	0.25	0.156	0.24	0.196	0.127	0.165	0.257	0.15	0.09	0.09	0.11	0.071	0.021	0.037	0.049	0.222	0.153	0.281	0.061	0.038	0.048	0.0	0.138	0.161	0.197	0.007	0.076	0.0	0.061	0.091	0.07	0.058	0.064	0.042	0.062	0.078	0.047	0.123	0.114	0.072	0.055	0.055	0.0	
Chromosome	308623	A	C	0.241	0.286	0.362	0.295	0.273	0.361	0.391	0.3	0.333	0.25	0.091	0.231	0.0	0.173	0.295	0.303	0.326	0.198	0.25	0.265	0.358	0.229	0.199	0.237	0.197	0.207	0.282	0.276	0.331	0.366	0.25	0.254	0.28	0.219	0.241	0.245	0.191	0.253	0.23	0.228	0.206	0.291	0.215	0.38	0.257	0.267	0.287	0.005	0.312	0.331	0.267	0.0	0.265	0.006	0.2	0.296	0.236	0.269	0.291	0.268	0.315	0.213	0.237	0.319	0.34	0.267	0.259	0.251	0.0	
Chromosome	341871	T	G	0.094	0.117	0.168	0.214	0.198	0.226	0.231	0.182	0.195	0.228	0.105	0.125	0.004	0.028	0.15	0.212	0.159	0.192	0.132	0.17	0.12	0.112	0.081	0.08	0.096	0.148	0.165	0.212	0.2	0.232	0.189	0.209	0.173	0.141	0.114	0.103	0.076	0.098	0.043	0.062	0.082	0.108	0.157	0.176	0.062	0.092	0.074	0.005	0.13	0.13	0.142	0.0	0.099	0.0	0.099	0.103	0.099	0.097	0.074	0.092	0.084	0.045	0.099	0.08	0.137	0.087	0.121	0.047	0.005	
Chromosome	431657	C	.	0.0	0.0	0.0	0.0	0.0	0.0	0.0	0.0	0.0	0.0	0.0	0.0	0.0	0.0	0.0	0.0	0.0	0.0	0.0	0.0	0.0	0.0	0.0	0.0	0.0	0.0	0.0	0.0	0.0	0.0	0.0	0.0	0.0	0.0	0.0	0.0	0.0	0.0	0.0	0.0	0.0	0.0	0.0	0.0	0.0	0.0	0.0	0.0	0.0	0.0	0.0	0.0	0.0	0.0	0.0	0.0	0.0	0.0	0.0	0.0	0.0	0.0	0.0	0.0	0.0	0.0	0.0	0.0	0.0	
Chromosome	431660	T	.	0.0	0.0	0.0	0.0	0.0	0.0	0.0	0.0	0.0	0.0	0.0	0.0	0.0	0.0	0.0	0.0	0.0	0.0	0.0	0.0	0.0	0.0	0.0	0.0	0.0	0.0	0.0	0.0	0.0	0.0	0.0	0.0	0.0	0.0	0.0	0.0	0.0	0.0	0.0	0.0	0.0	0.0	0.0	0.0	0.0	0.0	0.0	0.0	0.0	0.0	0.0	0.0	0.0	0.0	0.0	0.0	0.0	0.0	0.0	0.0	0.0	0.0	0.0	0.0	0.0	0.0	0.0	0.0	0.0	
Chromosome	491016	C	T	0.0	0.178	0.0	0.0	0.0	0.0	0.0	0.0	0.0	0.0	0.0	0.0	0.0	0.0	0.0	0.0	0.0	0.0	0.0	0.0	0.0	0.0	0.0	0.0	0.0	0.0	0.0	0.0	0.0	0.0	0.0	0.0	0.0	0.0	0.0	0.0	0.0	0.0	0.0	0.0	0.0	0.0	0.0	0.0	0.0	0.0	0.0	0.0	0.0	0.0	0.0	0.0	0.0	0.0	0.0	0.0	0.0	0.0	0.0	0.0	0.0	0.0	0.0	0.0	0.0	0.0	0.0	0.0	0.0	
Chromosome	642761	A	C	0.02	0.107	0.084	0.101	0.093	0.102	0.072	0.148	0.07	0.096	0.102	0.101	0.005	0.011	0.098	0.071	0.048	0.101	0.066	0.127	0.085	0.05	0.063	0.032	0.114	0.134	0.089	0.085	0.069	0.086	0.096	0.065	0.128	0.115	0.027	0.05	0.038	0.045	0.021	0.041	0.025	0.082	0.096	0.118	0.009	0.012	0.009	0.0	0.112	0.086	0.065	0.011	0.059	0.019	0.048	0.137	0.032	0.04	0.04	0.037	0.04	0.019	0.042	0.033	0.092	0.015	0.019	0.017	0.0	
Chromosome	645424	A	C	0.121	0.102	0.231	0.187	0.153	0.214	0.211	0.238	0.241	0.257	0.032	0.097	0.005	0.072	0.252	0.241	0.19	0.071	0.163	0.197	0.197	0.093	0.146	0.085	0.098	0.106	0.207	0.212	0.205	0.254	0.209	0.221	0.181	0.136	0.129	0.103	0.082	0.076	0.188	0.154	0.116	0.106	0.092	0.186	0.141	0.14	0.12	0.0	0.167	0.196	0.241	0.0	0.16	0.0	0.097	0.176	0.17	0.146	0.151	0.148	0.182	0.175	0.08	0.103	0.156	0.139	0.161	0.158	0.008	
Chromosome	645432	A	C	0.141	0.169	0.254	0.194	0.179	0.217	0.162	0.22	0.163	0.202	0.091	0.13	0.005	0.103	0.188	0.262	0.144	0.1	0.147	0.192	0.192	0.129	0.152	0.114	0.126	0.144	0.253	0.208	0.211	0.215	0.2	0.231	0.158	0.131	0.124	0.126	0.124	0.093	0.142	0.159	0.111	0.123	0.133	0.187	0.135	0.156	0.112	0.006	0.131	0.167	0.251	0.0	0.145	0.011	0.099	0.155	0.141	0.138	0.149	0.134	0.158	0.151	0.149	0.143	0.193	0.124	0.145	0.179	0.008	
Chromosome	645437	T	G	0.109	0.192	0.224	0.234	0.235	0.234	0.219	0.267	0.181	0.235	0.184	0.186	0.0	0.066	0.165	0.305	0.194	0.208	0.161	0.203	0.182	0.177	0.134	0.134	0.218	0.161	0.237	0.212	0.221	0.242	0.244	0.246	0.241	0.199	0.148	0.136	0.115	0.142	0.138	0.13	0.084	0.199	0.172	0.196	0.111	0.123	0.085	0.006	0.149	0.192	0.255	0.0	0.167	0.0	0.118	0.163	0.163	0.13	0.12	0.128	0.138	0.112	0.159	0.163	0.187	0.15	0.154	0.135	0.0	
Chromosome	696002	G	A	0.003	0.041	0.0	0.0	0.0	0.0	0.0	0.0	0.0	0.0	0.0	0.012	0.0	0.01	0.0	0.0	0.0	0.0	0.0	0.0	0.0	0.021	0.01	0.0	0.019	0.029	0.0	0.0	0.0	0.0	0.0	0.0	0.005	0.0	0.0	0.006	0.015	0.005	0.003	0.0	0.0	0.014	0.014	0.016	0.0	0.015	0.0	0.0	0.0	0.0	0.0	0.0	0.0	0.0	0.0	0.0	0.0	0.0	0.0	0.0	0.0	0.0	0.0	0.005	0.004	0.0	0.0	0.0	0.0	
Chromosome	696007	T	C	0.003	0.038	0.0	0.0	0.0	0.0	0.0	0.0	0.0	0.0	0.0	0.012	0.006	0.011	0.0	0.0	0.0	0.0	0.0	0.0	0.0	0.021	0.01	0.0	0.024	0.029	0.0	0.0	0.0	0.0	0.008	0.0	0.009	0.0	0.0	0.006	0.015	0.005	0.003	0.0	0.0	0.014	0.01	0.016	0.0	0.015	0.0	0.0	0.0	0.0	0.0	0.006	0.0	0.018	0.0	0.0	0.003	0.0	0.002	0.0	0.0	0.0	0.0	0.005	0.004	0.0	0.0	0.0	0.0	
Chromosome	702177	T	G	0.091	0.156	0.144	0.164	0.111	0.154	0.136	0.187	0.173	0.134	0.294	0.184	0.0	0.074	0.233	0.175	0.217	0.166	0.159	0.168	0.17	0.125	0.129	0.114	0.171	0.216	0.172	0.141	0.124	0.151	0.166	0.159	0.159	0.119	0.09	0.132	0.142	0.1	0.139	0.081	0.102	0.178	0.121	0.193	0.128	0.098	0.101	0.0	0.128	0.186	0.205	0.0	0.178	0.0	0.101	0.183	0.108	0.117	0.135	0.095	0.131	0.128	0.09	0.115	0.117	0.094	0.094	0.096	0.007	
Chromosome	706107	T	G	0.049	0.126	0.115	0.113	0.176	0.153	0.167	0.132	0.189	0.148	0.17	0.141	0.005	0.025	0.1	0.131	0.153	0.13	0.081	0.09	0.158	0.049	0.09	0.049	0.155	0.169	0.122	0.149	0.164	0.133	0.159	0.148	0.116	0.143	0.069	0.068	0.11	0.054	0.053	0.034	0.049	0.108	0.12	0.161	0.054	0.049	0.03	0.0	0.112	0.108	0.098	0.006	0.12	0.0	0.078	0.083	0.038	0.072	0.047	0.058	0.068	0.062	0.06	0.058	0.095	0.054	0.061	0.098	0.0	
Chromosome	706123	T	G	0.145	0.171	0.219	0.212	0.236	0.263	0.204	0.225	0.25	0.253	0.205	0.168	0.005	0.094	0.195	0.196	0.2	0.155	0.187	0.222	0.226	0.158	0.104	0.112	0.173	0.132	0.2	0.212	0.221	0.237	0.163	0.243	0.209	0.172	0.167	0.155	0.149	0.15	0.167	0.092	0.128	0.159	0.108	0.251	0.16	0.141	0.143	0.0	0.209	0.181	0.209	0.006	0.205	0.005	0.114	0.151	0.106	0.158	0.138	0.139	0.15	0.164	0.11	0.167	0.186	0.162	0.134	0.171	0.007	
Chromosome	708663	T	C	0.004	0.029	0.009	0.018	0.015	0.0	0.009	0.0	0.011	0.0	0.0	0.0	0.0	0.0	0.009	0.01	0.01	0.0	0.012	0.0	0.0	0.024	0.037	0.0	0.007	0.0	0.011	0.0	0.0	0.0	0.008	0.009	0.006	0.0	0.005	0.023	0.022	0.012	0.0	0.004	0.0	0.016	0.015	0.0	0.008	0.003	0.004	0.005	0.006	0.0	0.019	0.0	0.007	0.0	0.0	0.013	0.009	0.0	0.003	0.0	0.0	0.0	0.007	0.014	0.01	0.01	0.0	0.0	0.0	
Chromosome	708677	A	C	0.24	0.267	0.3	0.28	0.312	0.305	0.31	0.292	0.217	0.292	0.386	0.356	0.0	0.152	0.293	0.262	0.33	0.28	0.295	0.306	0.324	0.221	0.237	0.264	0.288	0.254	0.267	0.351	0.324	0.357	0.303	0.27	0.223	0.333	0.181	0.226	0.205	0.189	0.189	0.168	0.228	0.295	0.335	0.222	0.205	0.216	0.184	0.0	0.265	0.255	0.305	0.008	0.295	0.0	0.26	0.239	0.193	0.235	0.22	0.175	0.24	0.18	0.233	0.25	0.206	0.201	0.187	0.215	0.0	
Chromosome	725022	T	G	0.027	0.166	0.151	0.185	0.131	0.116	0.118	0.146	0.115	0.144	0.288	0.192	0.005	0.019	0.113	0.078	0.131	0.196	0.079	0.117	0.123	0.071	0.061	0.04	0.154	0.129	0.089	0.065	0.157	0.111	0.118	0.159	0.149	0.214	0.061	0.057	0.037	0.044	0.043	0.028	0.054	0.196	0.161	0.093	0.018	0.03	0.034	0.0	0.123	0.077	0.115	0.0	0.096	0.005	0.109	0.089	0.024	0.018	0.046	0.037	0.048	0.045	0.047	0.063	0.054	0.035	0.052	0.027	0.012	
Chromosome	725038	G	C	0.099	0.125	0.208	0.236	0.19	0.181	0.24	0.241	0.136	0.167	0.111	0.157	0.0	0.052	0.133	0.096	0.173	0.152	0.105	0.137	0.127	0.067	0.07	0.038	0.131	0.028	0.104	0.157	0.147	0.14	0.11	0.207	0.149	0.135	0.121	0.076	0.075	0.066	0.128	0.111	0.113	0.124	0.11	0.132	0.111	0.101	0.092	0.0	0.139	0.143	0.125	0.0	0.123	0.0	0.107	0.103	0.102	0.091	0.119	0.117	0.121	0.107	0.058	0.116	0.113	0.114	0.104	0.148	0.0	
Chromosome	725042	A	C	0.132	0.178	0.229	0.256	0.231	0.203	0.229	0.351	0.225	0.184	0.185	0.216	0.01	0.077	0.2	0.168	0.253	0.198	0.235	0.194	0.193	0.144	0.11	0.147	0.196	0.111	0.104	0.183	0.243	0.208	0.214	0.314	0.209	0.17	0.181	0.148	0.156	0.094	0.156	0.147	0.131	0.145	0.167	0.215	0.112	0.132	0.113	0.0	0.228	0.188	0.209	0.0	0.23	0.0	0.161	0.164	0.117	0.124	0.141	0.161	0.16	0.114	0.119	0.193	0.186	0.119	0.129	0.157	0.0	
Chromosome	725045	G	C	0.135	0.14	0.229	0.26	0.176	0.176	0.241	0.325	0.208	0.23	0.145	0.159	0.0	0.066	0.174	0.17	0.188	0.162	0.173	0.206	0.192	0.133	0.081	0.073	0.138	0.076	0.093	0.2	0.205	0.16	0.167	0.289	0.168	0.147	0.125	0.124	0.115	0.095	0.167	0.162	0.137	0.117	0.086	0.161	0.145	0.129	0.119	0.004	0.204	0.15	0.219	0.0	0.218	0.0	0.122	0.152	0.153	0.123	0.167	0.172	0.139	0.118	0.1	0.127	0.154	0.145	0.169	0.162	0.0	
Chromosome	767511	T	G	0.095	0.141	0.32	0.345	0.289	0.353	0.321	0.337	0.362	0.321	0.194	0.209	0.0	0.065	0.303	0.325	0.349	0.169	0.213	0.198	0.199	0.099	0.101	0.124	0.179	0.189	0.188	0.359	0.313	0.327	0.331	0.319	0.183	0.134	0.083	0.116	0.078	0.061	0.104	0.067	0.081	0.139	0.126	0.16	0.102	0.126	0.068	0.005	0.185	0.256	0.209	0.0	0.214	0.0	0.098	0.169	0.105	0.064	0.087	0.089	0.079	0.088	0.134	0.049	0.138	0.087	0.086	0.064	0.0	
Chromosome	788001	A	C	0.258	0.098	0.238	0.21	0.25	0.28	0.206	0.255	0.148	0.183	0.024	0.072	0.005	0.136	0.252	0.202	0.325	0.092	0.229	0.282	0.281	0.195	0.235	0.206	0.113	0.154	0.267	0.263	0.231	0.264	0.222	0.145	0.264	0.057	0.196	0.176	0.258	0.222	0.25	0.234	0.195	0.131	0.113	0.288	0.253	0.249	0.193	0.005	0.275	0.309	0.269	0.008	0.266	0.0	0.16	0.243	0.263	0.269	0.268	0.244	0.241	0.231	0.142	0.157	0.268	0.263	0.257	0.277	0.007	
Chromosome	857617	A	C	0.066	0.131	0.096	0.115	0.072	0.122	0.125	0.142	0.168	0.128	0.137	0.16	0.0	0.03	0.095	0.149	0.119	0.101	0.137	0.126	0.114	0.096	0.087	0.076	0.138	0.165	0.128	0.114	0.159	0.105	0.134	0.185	0.165	0.143	0.074	0.095	0.067	0.086	0.056	0.083	0.047	0.163	0.08	0.189	0.049	0.059	0.049	0.005	0.131	0.148	0.118	0.0	0.141	0.005	0.049	0.119	0.11	0.086	0.079	0.062	0.068	0.055	0.074	0.097	0.102	0.061	0.069	0.056	0.0	
Chromosome	1262715	G	C	0.109	0.239	0.111	0.155	0.15	0.153	0.116	0.111	0.113	0.216	0.383	0.164	0.006	0.069	0.099	0.141	0.155	0.181	0.085	0.145	0.14	0.134	0.132	0.156	0.301	0.294	0.141	0.167	0.131	0.111	0.18	0.195	0.156	0.146	0.154	0.074	0.156	0.171	0.074	0.08	0.133	0.224	0.236	0.172	0.09	0.094	0.096	0.006	0.127	0.16	0.115	0.0	0.147	0.0	0.202	0.149	0.059	0.12	0.102	0.091	0.082	0.097	0.167	0.13	0.132	0.078	0.104	0.109	0.008	
Chromosome	1285637	C	G	0.244	0.308	0.368	0.31	0.386	0.32	0.324	0.362	0.338	0.284	0.393	0.288	0.0	0.135	0.309	0.242	0.231	0.328	0.219	0.231	0.224	0.308	0.268	0.256	0.339	0.362	0.321	0.23	0.275	0.364	0.322	0.22	0.308	0.332	0.273	0.299	0.243	0.254	0.257	0.252	0.23	0.357	0.35	0.325	0.217	0.241	0.228	0.0	0.21	0.28	0.207	0.0	0.282	0.0	0.33	0.266	0.226	0.234	0.249	0.224	0.241	0.162	0.226	0.298	0.289	0.202	0.221	0.254	0.0	
Chromosome	1370354	G	C	0.102	0.172	0.167	0.16	0.148	0.138	0.165	0.109	0.144	0.155	0.19	0.194	0.0	0.043	0.194	0.127	0.12	0.151	0.127	0.119	0.117	0.053	0.06	0.048	0.165	0.149	0.179	0.14	0.163	0.186	0.163	0.116	0.181	0.131	0.054	0.093	0.042	0.038	0.032	0.057	0.042	0.161	0.218	0.157	0.049	0.053	0.03	0.0	0.096	0.099	0.098	0.0	0.126	0.0	0.095	0.172	0.038	0.055	0.064	0.061	0.045	0.02	0.086	0.06	0.081	0.045	0.065	0.029	0.0	
Chromosome	1385245	A	C	0.089	0.158	0.154	0.137	0.14	0.131	0.114	0.135	0.198	0.075	0.186	0.132	0.0	0.083	0.153	0.126	0.137	0.108	0.179	0.161	0.137	0.184	0.178	0.179	0.172	0.167	0.203	0.158	0.089	0.115	0.1	0.134	0.105	0.096	0.155	0.121	0.189	0.165	0.103	0.121	0.082	0.158	0.167	0.164	0.091	0.126	0.105	0.006	0.14	0.172	0.144	0.012	0.157	0.0	0.124	0.121	0.125	0.124	0.099	0.117	0.139	0.103	0.197	0.17	0.174	0.1	0.09	0.115	0.007	
Chromosome	1395234	A	G	0.056	0.12	0.19	0.255	0.193	0.145	0.165	0.119	0.176	0.228	0.059	0.106	0.0	0.033	0.173	0.164	0.127	0.054	0.091	0.114	0.132	0.073	0.019	0.057	0.098	0.031	0.143	0.235	0.25	0.286	0.198	0.169	0.116	0.131	0.039	0.043	0.052	0.052	0.02	0.076	0.017	0.068	0.048	0.143	0.041	0.033	0.022	0.0	0.136	0.081	0.116	0.0	0.142	0.006	0.102	0.122	0.042	0.027	0.07	0.042	0.038	0.004	0.061	0.087	0.096	0.05	0.054	0.041	0.0	
Chromosome	1567355	T	G	0.006	0.206	0.0	0.0	0.0	0.006	0.006	0.0	0.0	0.0	0.0	0.0	0.005	0.0	0.0	0.0	0.0	0.0	0.004	0.0	0.0	0.0	0.0	0.0	0.0	0.0	0.0	0.006	0.0	0.0	0.006	0.0	0.0	0.004	0.007	0.005	0.0	0.0	0.0	0.0	0.0	0.0	0.0	0.0	0.0	0.0	0.0	0.005	0.0	0.0	0.004	0.0	0.0	0.0	0.0	0.0	0.0	0.0	0.002	0.0	0.0	0.0	0.0	0.005	0.0	0.0	0.0	0.0	0.0	
Chromosome	1574107	A	C	0.078	0.155	0.152	0.261	0.196	0.167	0.156	0.234	0.283	0.277	0.123	0.119	0.0	0.025	0.151	0.165	0.22	0.183	0.119	0.109	0.136	0.113	0.079	0.104	0.146	0.105	0.155	0.205	0.203	0.301	0.254	0.195	0.126	0.16	0.1	0.065	0.076	0.109	0.065	0.087	0.043	0.2	0.173	0.149	0.083	0.057	0.057	0.0	0.137	0.12	0.094	0.006	0.144	0.0	0.038	0.102	0.085	0.059	0.074	0.077	0.088	0.058	0.102	0.09	0.114	0.071	0.091	0.067	0.0	
Chromosome	1574114	T	G	0.158	0.237	0.29	0.281	0.365	0.298	0.309	0.315	0.302	0.293	0.125	0.192	0.011	0.177	0.245	0.262	0.197	0.219	0.177	0.218	0.18	0.146	0.167	0.224	0.26	0.312	0.263	0.298	0.318	0.274	0.299	0.268	0.211	0.16	0.177	0.204	0.179	0.144	0.135	0.095	0.16	0.214	0.232	0.183	0.194	0.142	0.113	0.005	0.135	0.168	0.213	0.012	0.128	0.006	0.156	0.213	0.154	0.128	0.178	0.142	0.13	0.149	0.171	0.201	0.155	0.132	0.118	0.134	0.007	
Chromosome	1613672	A	C	0.095	0.108	0.153	0.142	0.176	0.191	0.16	0.117	0.145	0.162	0.05	0.055	0.0	0.071	0.098	0.192	0.103	0.103	0.1	0.098	0.085	0.098	0.099	0.077	0.108	0.143	0.168	0.137	0.147	0.175	0.156	0.088	0.126	0.085	0.127	0.115	0.11	0.085	0.082	0.09	0.082	0.106	0.112	0.162	0.044	0.063	0.072	0.0	0.119	0.07	0.158	0.006	0.066	0.0	0.053	0.093	0.099	0.055	0.066	0.071	0.073	0.101	0.102	0.101	0.128	0.079	0.092	0.09	0.007	
Chromosome	1631589	G	A	0.0	0.034	0.0	0.0	0.0	0.0	0.0	0.009	0.0	0.0	0.0	0.006	0.0	0.0	0.0	0.0	0.0	0.0	0.0	0.0	0.0	0.023	0.041	0.015	0.038	0.068	0.02	0.0	0.0	0.0	0.0	0.0	0.005	0.0	0.009	0.02	0.04	0.005	0.007	0.0	0.0	0.0	0.015	0.006	0.017	0.013	0.0	0.0	0.0	0.0	0.0	0.0	0.0	0.0	0.0	0.0	0.004	0.0	0.003	0.0	0.003	0.0	0.0	0.011	0.0	0.0	0.0	0.0	0.0	
Chromosome	1631590	T	C	0.0	0.034	0.0	0.0	0.0	0.0	0.0	0.009	0.0	0.0	0.0	0.006	0.0	0.0	0.0	0.0	0.0	0.0	0.0	0.0	0.0	0.022	0.041	0.015	0.038	0.072	0.02	0.007	0.0	0.0	0.0	0.0	0.005	0.0	0.009	0.02	0.038	0.005	0.007	0.0	0.0	0.0	0.015	0.006	0.017	0.013	0.0	0.0	0.0	0.0	0.0	0.006	0.0	0.0	0.0	0.0	0.004	0.0	0.003	0.0	0.003	0.0	0.0	0.01	0.0	0.0	0.0	0.0	0.008	
Chromosome	1653614	A	C	0.089	0.222	0.276	0.233	0.304	0.232	0.306	0.234	0.3	0.215	0.2	0.223	0.0	0.065	0.183	0.177	0.299	0.221	0.171	0.171	0.103	0.149	0.113	0.143	0.274	0.23	0.156	0.213	0.237	0.258	0.285	0.215	0.17	0.265	0.12	0.116	0.15	0.098	0.104	0.083	0.088	0.163	0.2	0.206	0.1	0.124	0.084	0.0	0.157	0.147	0.142	0.0	0.129	0.0	0.147	0.101	0.096	0.107	0.117	0.127	0.113	0.072	0.159	0.139	0.124	0.102	0.085	0.101	0.0	
Chromosome	1747181	A	C	0.204	0.26	0.301	0.268	0.342	0.298	0.302	0.312	0.215	0.269	0.256	0.182	0.0	0.076	0.266	0.2	0.246	0.254	0.23	0.309	0.291	0.167	0.192	0.154	0.206	0.258	0.296	0.224	0.262	0.277	0.248	0.254	0.276	0.237	0.211	0.13	0.184	0.13	0.219	0.168	0.162	0.226	0.286	0.262	0.198	0.172	0.223	0.005	0.203	0.212	0.29	0.006	0.317	0.006	0.2	0.25	0.224	0.267	0.184	0.209	0.226	0.179	0.16	0.197	0.231	0.16	0.188	0.158	0.007	
Chromosome	1763066	T	G	0.31	0.55	0.308	0.46	0.481	0.577	0.449	0.367	0.274	0.348	0.37	0.5	0.005	0.263	0.365	0.383	0.392	0.475	0.358	0.25	0.368	0.362	0.368	0.427	0.459	0.433	0.5	0.453	0.466	0.464	0.393	0.451	0.31	0.43	0.351	0.351	0.373	0.364	0.307	0.29	0.315	0.482	0.488	0.259	0.309	0.23	0.249	0.0	0.375	0.35	0.368	0.0	0.406	0.0	0.383	0.351	0.283	0.278	0.257	0.34	0.3	0.254	0.349	0.33	0.368	0.297	0.278	0.279	0.0	
Chromosome	1763101	G	C	0.244	0.468	0.255	0.397	0.29	0.431	0.323	0.237	0.446	0.327	0.5	0.481	0.0	0.163	0.441	0.489	0.354	0.531	0.305	0.284	0.292	0.427	0.486	0.461	0.436	0.442	0.302	0.36	0.339	0.356	0.31	0.426	0.26	0.462	0.399	0.384	0.331	0.408	0.271	0.295	0.496	0.511	0.464	0.313	0.294	0.255	0.291	0.0	0.337	0.318	0.321	0.0	0.307	0.0	0.551	0.233	0.291	0.307	0.263	0.267	0.291	0.257	0.435	0.427	0.329	0.19	0.25	0.297	0.0	
Chromosome	1777809	C	G	0.09	0.23	0.161	0.21	0.238	0.211	0.226	0.222	0.204	0.22	0.275	0.216	0.0	0.028	0.174	0.142	0.174	0.162	0.128	0.101	0.103	0.104	0.127	0.079	0.19	0.226	0.153	0.165	0.211	0.208	0.172	0.175	0.119	0.161	0.087	0.098	0.142	0.108	0.08	0.072	0.077	0.164	0.154	0.152	0.093	0.083	0.039	0.0	0.15	0.137	0.147	0.0	0.168	0.0	0.158	0.204	0.082	0.089	0.074	0.06	0.083	0.046	0.121	0.083	0.098	0.048	0.052	0.058	0.0	
Chromosome	1801788	T	G	0.02	0.089	0.096	0.125	0.113	0.127	0.133	0.074	0.121	0.09	0.0	0.043	0.0	0.0	0.1	0.066	0.068	0.017	0.07	0.079	0.077	0.02	0.007	0.047	0.052	0.063	0.075	0.093	0.113	0.127	0.033	0.046	0.111	0.041	0.037	0.023	0.017	0.028	0.027	0.046	0.01	0.054	0.015	0.111	0.02	0.035	0.031	0.011	0.043	0.038	0.098	0.0	0.077	0.0	0.025	0.048	0.03	0.023	0.04	0.043	0.035	0.029	0.016	0.056	0.065	0.03	0.021	0.051	0.0	
Chromosome	1865097	T	G	0.075	0.135	0.119	0.176	0.224	0.183	0.089	0.153	0.143	0.152	0.12	0.094	0.0	0.037	0.103	0.14	0.097	0.126	0.117	0.118	0.126	0.042	0.087	0.082	0.124	0.102	0.083	0.099	0.09	0.094	0.157	0.173	0.137	0.148	0.081	0.078	0.044	0.063	0.036	0.032	0.024	0.133	0.106	0.113	0.043	0.06	0.06	0.005	0.11	0.119	0.137	0.0	0.091	0.0	0.069	0.105	0.075	0.045	0.066	0.068	0.063	0.055	0.108	0.095	0.128	0.051	0.067	0.072	0.0	
Chromosome	1922858	G	C	0.04	0.152	0.118	0.171	0.172	0.146	0.124	0.179	0.165	0.125	0.25	0.19	0.0	0.03	0.069	0.149	0.169	0.131	0.07	0.086	0.117	0.066	0.054	0.052	0.229	0.141	0.214	0.106	0.097	0.158	0.132	0.113	0.122	0.195	0.055	0.051	0.051	0.058	0.052	0.034	0.045	0.184	0.148	0.138	0.056	0.031	0.02	0.005	0.092	0.099	0.085	0.0	0.099	0.0	0.095	0.065	0.044	0.056	0.051	0.061	0.051	0.03	0.057	0.059	0.075	0.045	0.029	0.045	0.0	
Chromosome	1972720	A	C	0.075	0.197	0.222	0.174	0.192	0.16	0.2	0.136	0.184	0.23	0.08	0.225	0.0	0.024	0.182	0.207	0.188	0.215	0.178	0.176	0.177	0.09	0.099	0.08	0.199	0.208	0.253	0.161	0.239	0.191	0.199	0.214	0.156	0.194	0.106	0.096	0.094	0.103	0.096	0.051	0.071	0.137	0.159	0.22	0.111	0.088	0.073	0.004	0.138	0.164	0.128	0.011	0.161	0.005	0.082	0.213	0.125	0.108	0.067	0.11	0.082	0.076	0.097	0.106	0.151	0.129	0.069	0.088	0.0	
Chromosome	1979870	T	G	0.143	0.283	0.285	0.248	0.372	0.386	0.282	0.264	0.338	0.255	0.167	0.24	0.0	0.072	0.285	0.246	0.26	0.197	0.258	0.212	0.302	0.121	0.169	0.157	0.207	0.135	0.276	0.297	0.294	0.187	0.25	0.197	0.299	0.167	0.102	0.126	0.168	0.2	0.139	0.142	0.088	0.19	0.188	0.18	0.173	0.143	0.118	0.005	0.249	0.198	0.159	0.0	0.201	0.0	0.121	0.218	0.143	0.177	0.15	0.127	0.144	0.093	0.131	0.142	0.188	0.125	0.134	0.141	0.011	
Chromosome	1988170	GGA	G	0.009	0.004	0.0	0.006	0.0	0.0	0.007	0.0	0.0	0.0	0.0	0.0	0.0	0.007	0.0	0.0	0.0	0.0	0.0	0.005	0.0	0.005	0.0	0.0	0.005	0.0	0.01	0.007	0.006	0.0	0.0	0.006	0.0	0.009	0.003	0.004	0.0	0.004	0.003	0.007	0.01	0.0	0.0	0.004	0.006	0.002	0.006	0.006	0.005	0.005	0.01	0.0	0.005	0.0	0.005	0.006	0.0	0.003	0.006	0.009	0.002	0.01	0.0	0.0	0.0	0.006	0.002	0.003	0.0	
Chromosome	1988174	G	GTC	0.0	0.0	0.0	0.0	0.0	0.0	0.0	0.0	0.0	0.0	0.0	0.0	0.0	0.0	0.0	0.0	0.0	0.0	0.0	0.0	0.0	0.0	0.0	0.0	0.0	0.0	0.0	0.0	0.0	0.0	0.0	0.0	0.0	0.0	0.0	0.0	0.0	0.0	0.0	0.0	0.0	0.0	0.0	0.0	0.0	0.0	0.0	0.0	0.0	0.0	0.0	0.0	0.0	0.0	0.0	0.0	0.0	0.0	0.0	0.0	0.0	0.0	0.0	0.0	0.0	0.0	0.0	0.0	0.0	
Chromosome	1990229	C	G	0.169	0.226	0.258	0.152	0.188	0.255	0.223	0.137	0.25	0.18	0.364	0.268	0.0	0.157	0.09	0.157	0.148	0.238	0.121	0.159	0.178	0.179	0.167	0.207	0.3	0.445	0.149	0.131	0.236	0.175	0.2	0.172	0.178	0.27	0.217	0.176	0.156	0.157	0.208	0.199	0.2	0.239	0.21	0.214	0.174	0.126	0.158	0.01	0.155	0.175	0.104	0.0	0.164	0.0	0.194	0.185	0.163	0.186	0.153	0.142	0.105	0.151	0.223	0.235	0.181	0.119	0.13	0.173	0.0	
Chromosome	1990230	T	G	0.273	0.294	0.344	0.282	0.417	0.377	0.43	0.347	0.393	0.297	0.424	0.37	0.005	0.246	0.261	0.315	0.262	0.302	0.307	0.271	0.252	0.281	0.292	0.323	0.37	0.492	0.31	0.27	0.333	0.316	0.339	0.276	0.288	0.412	0.314	0.256	0.299	0.292	0.314	0.319	0.286	0.296	0.277	0.31	0.302	0.289	0.283	0.0	0.266	0.281	0.28	0.0	0.28	0.0	0.295	0.357	0.274	0.387	0.294	0.282	0.271	0.273	0.318	0.36	0.31	0.28	0.309	0.334	0.0	
Chromosome	1990231	C	G	0.07	0.156	0.17	0.089	0.117	0.16	0.124	0.102	0.105	0.127	0.273	0.213	0.0	0.097	0.053	0.087	0.082	0.173	0.114	0.077	0.099	0.126	0.107	0.109	0.208	0.312	0.057	0.084	0.151	0.102	0.12	0.078	0.082	0.177	0.118	0.081	0.071	0.124	0.114	0.076	0.099	0.179	0.159	0.121	0.099	0.067	0.072	0.0	0.086	0.107	0.084	0.0	0.114	0.0	0.148	0.12	0.096	0.121	0.075	0.059	0.057	0.079	0.128	0.143	0.11	0.068	0.066	0.094	0.0	
Chromosome	2117924	A	C	0.205	0.259	0.3	0.19	0.266	0.309	0.267	0.296	0.25	0.351	0.37	0.352	0.0	0.18	0.273	0.344	0.321	0.286	0.224	0.288	0.303	0.168	0.246	0.244	0.289	0.32	0.318	0.223	0.281	0.287	0.295	0.349	0.273	0.26	0.238	0.19	0.291	0.266	0.239	0.219	0.177	0.258	0.278	0.322	0.206	0.207	0.231	0.006	0.242	0.219	0.219	0.0	0.212	0.0	0.195	0.215	0.215	0.211	0.225	0.222	0.231	0.19	0.192	0.138	0.247	0.157	0.152	0.228	0.0	
Chromosome	2117927	T	G	0.145	0.149	0.22	0.183	0.225	0.271	0.167	0.234	0.225	0.247	0.079	0.182	0.0	0.172	0.202	0.237	0.252	0.161	0.169	0.2	0.253	0.165	0.182	0.166	0.152	0.149	0.218	0.221	0.261	0.13	0.225	0.208	0.226	0.129	0.129	0.179	0.185	0.214	0.187	0.209	0.123	0.145	0.146	0.245	0.176	0.233	0.234	0.0	0.295	0.212	0.213	0.0	0.236	0.0	0.081	0.157	0.173	0.205	0.197	0.197	0.183	0.173	0.163	0.117	0.214	0.167	0.163	0.197	0.0	
Chromosome	2154676	T	G	0.046	0.192	0.164	0.162	0.136	0.119	0.16	0.168	0.189	0.179	0.278	0.158	0.0	0.042	0.117	0.192	0.137	0.142	0.135	0.137	0.1	0.088	0.046	0.063	0.172	0.158	0.2	0.217	0.179	0.242	0.155	0.19	0.163	0.171	0.043	0.049	0.055	0.044	0.072	0.055	0.015	0.163	0.116	0.166	0.031	0.044	0.022	0.0	0.144	0.162	0.132	0.0	0.12	0.0	0.118	0.164	0.065	0.029	0.055	0.06	0.045	0.028	0.055	0.055	0.082	0.074	0.07	0.052	0.0	
Chromosome	2154684	A	C	0.121	0.153	0.217	0.227	0.209	0.192	0.223	0.219	0.286	0.241	0.346	0.211	0.0	0.091	0.229	0.244	0.25	0.191	0.211	0.185	0.166	0.17	0.116	0.126	0.193	0.22	0.242	0.335	0.162	0.229	0.196	0.227	0.176	0.184	0.141	0.155	0.101	0.142	0.084	0.077	0.086	0.211	0.224	0.244	0.088	0.105	0.099	0.0	0.181	0.217	0.134	0.013	0.182	0.0	0.093	0.173	0.111	0.089	0.112	0.116	0.13	0.093	0.13	0.135	0.153	0.123	0.096	0.109	0.0	
Chromosome	2163403	T	G	0.164	0.075	0.167	0.19	0.171	0.177	0.211	0.2	0.212	0.174	0.0	0.044	0.0	0.035	0.203	0.218	0.232	0.029	0.211	0.134	0.18	0.089	0.11	0.06	0.041	0.051	0.223	0.203	0.212	0.244	0.171	0.195	0.209	0.044	0.087	0.06	0.068	0.08	0.159	0.166	0.056	0.048	0.054	0.201	0.153	0.14	0.15	0.0	0.179	0.185	0.153	0.0	0.206	0.0	0.027	0.156	0.158	0.122	0.139	0.171	0.145	0.146	0.088	0.075	0.177	0.138	0.153	0.151	0.0	
Chromosome	2163421	G	C	0.134	0.229	0.17	0.217	0.196	0.176	0.22	0.25	0.264	0.25	0.333	0.201	0.0	0.037	0.2	0.232	0.218	0.169	0.175	0.083	0.143	0.121	0.106	0.124	0.233	0.268	0.248	0.219	0.21	0.206	0.19	0.218	0.211	0.17	0.115	0.087	0.15	0.132	0.111	0.134	0.091	0.207	0.223	0.23	0.121	0.143	0.111	0.0	0.132	0.168	0.148	0.0	0.147	0.0	0.162	0.124	0.137	0.147	0.122	0.118	0.159	0.132	0.143	0.108	0.143	0.145	0.127	0.114	0.0	
Chromosome	2195100	T	G	0.089	0.128	0.132	0.184	0.188	0.225	0.17	0.144	0.201	0.16	0.14	0.164	0.0	0.085	0.124	0.186	0.12	0.178	0.192	0.205	0.162	0.186	0.129	0.143	0.174	0.151	0.198	0.141	0.22	0.198	0.168	0.155	0.199	0.129	0.151	0.145	0.137	0.179	0.112	0.094	0.09	0.15	0.143	0.184	0.114	0.142	0.121	0.0	0.156	0.119	0.225	0.0	0.156	0.005	0.149	0.074	0.142	0.103	0.093	0.119	0.12	0.141	0.158	0.131	0.204	0.109	0.116	0.088	0.007	
Chromosome	2197663	T	A	0.014	0.034	0.0	0.0	0.0	0.007	0.007	0.0	0.008	0.031	0.0	0.0	0.0	0.01	0.0	0.0	0.0	0.0	0.0	0.0	0.0	0.006	0.0	0.005	0.0	0.0	0.011	0.0	0.008	0.0	0.008	0.008	0.013	0.0	0.018	0.0	0.029	0.016	0.0	0.004	0.005	0.043	0.006	0.025	0.0	0.006	0.0	0.0	0.006	0.0	0.006	0.0	0.0	0.0	0.0	0.0	0.005	0.0	0.008	0.006	0.0	0.007	0.01	0.0	0.005	0.0	0.003	0.0	0.0	
Chromosome	2197664	G	C	0.014	0.034	0.0	0.0	0.0	0.0	0.0	0.0	0.0	0.0	0.0	0.0	0.0	0.01	0.0	0.0	0.0	0.0	0.0	0.0	0.0	0.006	0.0	0.005	0.0	0.0	0.011	0.0	0.0	0.0	0.0	0.0	0.013	0.0	0.018	0.0	0.023	0.017	0.0	0.0	0.005	0.037	0.006	0.019	0.0	0.003	0.0	0.0	0.0	0.0	0.0	0.0	0.0	0.0	0.0	0.0	0.0	0.0	0.008	0.006	0.0	0.004	0.009	0.0	0.0	0.0	0.003	0.0	0.0	
Chromosome	2197665	T	A	0.014	0.033	0.0	0.0	0.0	0.0	0.0	0.0	0.0	0.0	0.0	0.0	0.0	0.01	0.0	0.012	0.0	0.0	0.0	0.0	0.0	0.006	0.0	0.005	0.0	0.0	0.011	0.0	0.0	0.0	0.0	0.008	0.019	0.0	0.018	0.0	0.023	0.017	0.0	0.004	0.005	0.037	0.012	0.026	0.003	0.009	0.0	0.0	0.0	0.0	0.0	0.0	0.0	0.0	0.0	0.0	0.0	0.0	0.008	0.006	0.0	0.004	0.009	0.0	0.0	0.0	0.003	0.0	0.0	
Chromosome	2208736	T	G	0.168	0.278	0.259	0.217	0.2	0.246	0.212	0.224	0.235	0.298	0.294	0.276	0.0	0.088	0.2	0.295	0.28	0.211	0.2	0.245	0.197	0.212	0.177	0.201	0.183	0.21	0.192	0.308	0.33	0.33	0.242	0.222	0.229	0.183	0.195	0.168	0.173	0.147	0.137	0.172	0.123	0.208	0.214	0.233	0.169	0.18	0.156	0.0	0.214	0.228	0.165	0.007	0.219	0.0	0.101	0.225	0.186	0.146	0.192	0.216	0.188	0.149	0.15	0.161	0.153	0.141	0.179	0.146	0.009	
Chromosome	2208744	C	CCCCTG	0.0	0.0	0.0	0.0	0.0	0.0	0.0	0.0	0.0	0.0	0.0	0.0	0.0	0.0	0.0	0.0	0.0	0.0	0.0	0.0	0.0	0.0	0.0	0.0	0.0	0.0	0.0	0.01	0.0	0.0	0.0	0.0	0.0	0.0	0.0	0.0	0.0	0.0	0.0	0.0	0.0	0.0	0.0	0.0	0.0	0.0	0.0	0.0	0.0	0.0	0.0	0.0	0.0	0.0	0.0	0.0	0.0	0.0	0.0	0.0	0.0	0.0	0.0	0.0	0.0	0.0	0.0	0.0	0.0	
Chromosome	2208746	TCAGGG	T	0.004	0.018	0.0	0.018	0.0	0.018	0.0	0.0	0.0	0.0	0.0	0.01	0.012	0.0	0.008	0.021	0.017	0.007	0.005	0.0	0.007	0.012	0.014	0.007	0.006	0.0	0.0	0.029	0.0	0.009	0.0	0.0	0.005	0.015	0.005	0.006	0.0	0.02	0.0	0.004	0.018	0.009	0.017	0.0	0.004	0.011	0.004	0.0	0.007	0.006	0.006	0.0	0.0	0.006	0.0	0.011	0.0	0.008	0.007	0.013	0.01	0.004	0.011	0.0	0.005	0.012	0.009	0.0	0.008	
Chromosome	2229482	T	G	0.043	0.122	0.111	0.085	0.084	0.099	0.104	0.088	0.108	0.074	0.184	0.143	0.011	0.008	0.079	0.092	0.094	0.101	0.087	0.108	0.109	0.029	0.055	0.086	0.118	0.154	0.2	0.159	0.15	0.087	0.076	0.12	0.126	0.102	0.057	0.059	0.077	0.054	0.04	0.029	0.031	0.188	0.128	0.099	0.037	0.057	0.026	0.005	0.061	0.088	0.087	0.0	0.09	0.0	0.065	0.094	0.054	0.052	0.047	0.035	0.045	0.028	0.062	0.075	0.045	0.046	0.047	0.033	0.0	
Chromosome	2229493	A	C	0.079	0.14	0.164	0.104	0.179	0.166	0.164	0.087	0.115	0.178	0.143	0.131	0.006	0.068	0.138	0.169	0.092	0.09	0.131	0.115	0.157	0.084	0.108	0.138	0.165	0.079	0.234	0.19	0.183	0.123	0.122	0.154	0.181	0.107	0.102	0.127	0.119	0.101	0.073	0.063	0.066	0.108	0.135	0.13	0.087	0.103	0.079	0.0	0.181	0.147	0.15	0.006	0.197	0.0	0.116	0.104	0.108	0.071	0.059	0.089	0.107	0.077	0.089	0.107	0.092	0.089	0.079	0.047	0.008	
Chromosome	2255529	A	T	0.006	0.039	0.0	0.007	0.0	0.0	0.013	0.0	0.014	0.0	0.0	0.019	0.0	0.007	0.0	0.0	0.0	0.004	0.0	0.0	0.005	0.036	0.014	0.015	0.042	0.03	0.013	0.007	0.012	0.0	0.0	0.0	0.004	0.0	0.007	0.0	0.033	0.012	0.0	0.0	0.014	0.016	0.021	0.02	0.013	0.005	0.0	0.0	0.0	0.006	0.005	0.0	0.0	0.005	0.0	0.0	0.01	0.007	0.002	0.0	0.0	0.004	0.015	0.009	0.004	0.011	0.003	0.0	0.0	
Chromosome	2287781	G	A	0.0	0.201	0.0	0.0	0.0	0.0	0.0	0.0	0.0	0.0	0.0	0.0	0.0	0.0	0.0	0.0	0.0	0.0	0.0	0.0	0.0	0.0	0.0	0.0	0.0	0.0	0.0	0.0	0.0	0.0	0.0	0.0	0.0	0.0	0.0	0.0	0.0	0.0	0.0	0.0	0.0	0.0	0.0	0.0	0.0	0.0	0.0	0.0	0.0	0.0	0.0	0.0	0.0	0.0	0.0	0.0	0.0	0.0	0.0	0.0	0.0	0.0	0.0	0.0	0.0	0.0	0.0	0.0	0.0	
Chromosome	2335376	C	G	0.125	0.282	0.143	0.208	0.14	0.23	0.217	0.14	0.189	0.236	0.217	0.282	0.234	0.128	0.183	0.163	0.178	0.258	0.203	0.188	0.182	0.187	0.112	0.173	0.201	0.262	0.169	0.161	0.197	0.132	0.177	0.151	0.228	0.261	0.167	0.237	0.155	0.143	0.127	0.17	0.137	0.139	0.203	0.152	0.128	0.169	0.132	0.266	0.187	0.218	0.173	0.278	0.231	0.316	0.14	0.14	0.168	0.184	0.137	0.123	0.177	0.189	0.164	0.142	0.141	0.144	0.184	0.169	0.277	
Chromosome	2363181	A	C	0.092	0.192	0.176	0.16	0.158	0.209	0.248	0.16	0.177	0.208	0.284	0.161	0.0	0.03	0.195	0.154	0.187	0.137	0.19	0.16	0.134	0.117	0.126	0.089	0.2	0.184	0.128	0.219	0.163	0.211	0.164	0.123	0.172	0.209	0.124	0.104	0.144	0.125	0.085	0.065	0.09	0.175	0.188	0.218	0.098	0.086	0.076	0.005	0.096	0.134	0.168	0.0	0.21	0.0	0.149	0.162	0.094	0.1	0.067	0.117	0.057	0.087	0.108	0.077	0.15	0.084	0.086	0.078	0.006	
Chromosome	2425085	A	C	0.059	0.126	0.16	0.195	0.176	0.183	0.16	0.135	0.191	0.155	0.103	0.153	0.008	0.069	0.144	0.192	0.123	0.139	0.118	0.139	0.118	0.093	0.087	0.099	0.132	0.204	0.187	0.15	0.181	0.106	0.133	0.189	0.204	0.136	0.125	0.084	0.1	0.1	0.063	0.088	0.069	0.122	0.15	0.185	0.052	0.075	0.079	0.0	0.099	0.134	0.098	0.0	0.106	0.007	0.098	0.109	0.084	0.042	0.065	0.081	0.073	0.072	0.068	0.073	0.113	0.06	0.058	0.063	0.0	
Chromosome	2425088	A	C	0.059	0.114	0.172	0.123	0.1	0.101	0.142	0.127	0.168	0.09	0.138	0.076	0.008	0.064	0.103	0.118	0.113	0.071	0.115	0.094	0.122	0.084	0.074	0.096	0.145	0.15	0.202	0.104	0.09	0.088	0.099	0.127	0.127	0.091	0.1	0.094	0.092	0.107	0.061	0.082	0.057	0.082	0.105	0.126	0.062	0.067	0.083	0.0	0.094	0.074	0.066	0.0	0.082	0.007	0.101	0.083	0.067	0.067	0.062	0.071	0.07	0.06	0.061	0.086	0.085	0.057	0.06	0.048	0.008	
Chromosome	2429865	C	CGG	0.043	0.186	0.024	0.019	0.014	0.159	0.02	0.008	0.005	0.088	0.0	0.015	0.005	0.012	0.007	0.0	0.212	0.018	0.004	0.011	0.011	0.004	0.005	0.0	0.011	0.006	0.0	0.0	0.006	0.0	0.013	0.0	0.255	0.546	0.648	0.004	0.004	0.02	0.01	0.01	0.007	0.01	0.299	0.0	0.013	0.299	0.008	0.0	0.009	0.0	0.005	0.006	0.0	0.006	0.02	0.017	0.01	0.018	0.013	0.009	0.002	0.007	0.436	0.525	0.327	0.212	0.009	0.012	0.0	
Chromosome	2535873	G	C	0.072	0.096	0.088	0.102	0.145	0.102	0.101	0.11	0.145	0.127	0.038	0.106	0.0	0.064	0.139	0.156	0.16	0.059	0.036	0.091	0.103	0.06	0.052	0.062	0.058	0.068	0.112	0.075	0.067	0.092	0.078	0.108	0.144	0.108	0.067	0.038	0.029	0.045	0.099	0.075	0.034	0.07	0.071	0.101	0.071	0.057	0.078	0.0	0.104	0.065	0.137	0.007	0.075	0.006	0.044	0.087	0.062	0.07	0.077	0.078	0.071	0.065	0.062	0.065	0.094	0.057	0.074	0.076	0.0	
Chromosome	2535880	A	C	0.15	0.191	0.266	0.216	0.233	0.252	0.228	0.208	0.238	0.178	0.107	0.169	0.006	0.097	0.214	0.22	0.262	0.135	0.165	0.276	0.199	0.159	0.184	0.155	0.212	0.196	0.267	0.212	0.148	0.183	0.246	0.215	0.226	0.151	0.183	0.164	0.129	0.175	0.168	0.134	0.117	0.186	0.114	0.23	0.123	0.139	0.147	0.006	0.175	0.181	0.283	0.007	0.207	0.006	0.101	0.2	0.168	0.131	0.176	0.178	0.17	0.155	0.156	0.173	0.232	0.185	0.151	0.173	0.007	
Chromosome	2535884	T	A	0.282	0.167	0.259	0.219	0.224	0.286	0.236	0.235	0.271	0.248	0.115	0.136	0.0	0.176	0.2	0.281	0.197	0.119	0.238	0.314	0.315	0.198	0.169	0.172	0.149	0.192	0.314	0.246	0.187	0.202	0.202	0.259	0.236	0.203	0.192	0.123	0.203	0.16	0.332	0.256	0.14	0.161	0.151	0.239	0.261	0.235	0.32	0.0	0.277	0.251	0.28	0.0	0.287	0.0	0.168	0.314	0.228	0.271	0.284	0.312	0.315	0.33	0.141	0.186	0.3	0.312	0.266	0.339	0.0	
Chromosome	2542691	T	G	0.101	0.185	0.112	0.147	0.175	0.139	0.129	0.205	0.132	0.222	0.192	0.142	0.0	0.026	0.175	0.216	0.159	0.121	0.169	0.15	0.134	0.096	0.084	0.087	0.153	0.149	0.15	0.144	0.197	0.164	0.164	0.117	0.137	0.144	0.102	0.096	0.062	0.07	0.066	0.076	0.037	0.089	0.122	0.173	0.044	0.072	0.049	0.0	0.131	0.152	0.134	0.006	0.117	0.0	0.093	0.126	0.113	0.057	0.082	0.071	0.077	0.052	0.066	0.068	0.125	0.049	0.054	0.052	0.0	
Chromosome	2579189	A	C	0.173	0.256	0.283	0.34	0.287	0.219	0.263	0.281	0.333	0.308	0.238	0.256	0.0	0.134	0.268	0.276	0.242	0.322	0.271	0.222	0.31	0.219	0.219	0.213	0.261	0.246	0.282	0.237	0.297	0.183	0.206	0.319	0.253	0.25	0.187	0.23	0.232	0.224	0.248	0.226	0.202	0.275	0.243	0.239	0.21	0.225	0.223	0.006	0.273	0.263	0.274	0.0	0.395	0.0	0.226	0.303	0.277	0.259	0.226	0.225	0.219	0.226	0.154	0.254	0.234	0.26	0.238	0.244	0.013	
Chromosome	2603394	TCGGCCG	T	0.02	0.043	0.009	0.02	0.016	0.0	0.0	0.0	0.007	0.016	0.0	0.008	0.0	0.007	0.014	0.009	0.008	0.008	0.0	0.011	0.006	0.021	0.022	0.009	0.021	0.048	0.012	0.0	0.014	0.008	0.014	0.007	0.0	0.0	0.008	0.022	0.038	0.0	0.01	0.003	0.019	0.017	0.02	0.0	0.003	0.005	0.003	0.0	0.005	0.005	0.019	0.006	0.011	0.006	0.006	0.016	0.01	0.007	0.007	0.0	0.003	0.014	0.0	0.023	0.004	0.007	0.003	0.007	0.0	
Chromosome	2612734	A	C	0.156	0.152	0.226	0.257	0.28	0.236	0.2	0.228	0.248	0.25	0.097	0.081	0.011	0.112	0.208	0.225	0.197	0.156	0.228	0.172	0.2	0.147	0.19	0.121	0.094	0.119	0.163	0.2	0.211	0.245	0.184	0.183	0.196	0.109	0.128	0.151	0.155	0.147	0.235	0.161	0.191	0.149	0.128	0.252	0.214	0.169	0.202	0.0	0.256	0.241	0.306	0.0	0.312	0.005	0.126	0.271	0.184	0.268	0.188	0.199	0.217	0.215	0.123	0.114	0.16	0.26	0.166	0.19	0.007	
Chromosome	2752945	T	G	0.0	0.0	0.0	0.0	0.0	0.0	0.0	0.0	0.0	0.0	0.0	0.0	0.0	0.0	0.0	0.0	0.0	0.0	0.0	0.0	0.0	0.0	0.0	0.0	0.0	0.0	0.0	0.0	0.0	0.007	0.0	0.0	0.0	0.0	0.0	0.0	0.0	0.0	0.0	0.0	0.0	0.0	0.0	0.0	0.0	0.0	0.0	0.0	0.0	0.0	0.0	0.0	0.0	0.0	0.0	0.0	0.0	0.0	0.0	0.0	0.0	0.0	0.0	0.0	0.0	0.0	0.0	0.0	0.0	
Chromosome	2798424	A	C	0.102	0.189	0.292	0.258	0.257	0.276	0.262	0.262	0.275	0.269	0.295	0.24	0.006	0.044	0.15	0.145	0.225	0.234	0.195	0.182	0.181	0.159	0.146	0.149	0.211	0.256	0.192	0.213	0.25	0.232	0.263	0.227	0.273	0.179	0.182	0.12	0.15	0.178	0.111	0.124	0.057	0.129	0.237	0.23	0.121	0.131	0.124	0.0	0.181	0.206	0.216	0.0	0.19	0.006	0.113	0.17	0.119	0.089	0.129	0.143	0.116	0.085	0.113	0.171	0.16	0.142	0.13	0.058	0.009	
Chromosome	2838382	A	C	0.155	0.216	0.178	0.189	0.144	0.223	0.189	0.16	0.187	0.157	0.211	0.163	0.008	0.128	0.14	0.146	0.098	0.155	0.156	0.203	0.224	0.175	0.176	0.133	0.194	0.186	0.195	0.176	0.146	0.125	0.207	0.121	0.216	0.19	0.145	0.128	0.2	0.146	0.137	0.126	0.127	0.199	0.189	0.193	0.161	0.153	0.134	0.006	0.159	0.16	0.159	0.0	0.242	0.0	0.162	0.137	0.189	0.18	0.151	0.126	0.134	0.138	0.13	0.151	0.136	0.128	0.108	0.116	0.009	
Chromosome	2846213	C	G	0.02	0.096	0.063	0.041	0.048	0.062	0.053	0.091	0.102	0.087	0.077	0.101	0.0	0.0	0.063	0.038	0.069	0.066	0.082	0.06	0.064	0.019	0.0	0.023	0.097	0.095	0.128	0.107	0.069	0.09	0.061	0.048	0.077	0.08	0.016	0.019	0.021	0.021	0.004	0.015	0.003	0.094	0.084	0.102	0.02	0.02	0.0	0.0	0.067	0.041	0.046	0.0	0.036	0.0	0.044	0.077	0.025	0.012	0.013	0.013	0.006	0.002	0.005	0.02	0.045	0.011	0.01	0.008	0.0	
Chromosome	2869371	G	A	0.0	0.145	0.0	0.0	0.0	0.0	0.0	0.0	0.0	0.0	0.0	0.0	0.0	0.0	0.0	0.0	0.0	0.0	0.01	0.0	0.0	0.0	0.0	0.0	0.0	0.0	0.0	0.0	0.0	0.0	0.008	0.0	0.0	0.0	0.0	0.004	0.0	0.0	0.0	0.0	0.0	0.0	0.0	0.005	0.0	0.0	0.0	0.0	0.0	0.0	0.0	0.0	0.0	0.0	0.005	0.0	0.0	0.0	0.0	0.0	0.003	0.0	0.0	0.0	0.0	0.0	0.0	0.0	0.0	
Chromosome	2921794	G	GC	0.003	0.203	0.0	0.0	0.0	0.0	0.0	0.0	0.0	0.0	0.0	0.0	0.0	0.0	0.0	0.0	0.006	0.005	0.0	0.0	0.0	0.0	0.0	0.0	0.0	0.0	0.0	0.0	0.0	0.0	0.0	0.0	0.0	0.0	0.0	0.0	0.0	0.0	0.0	0.003	0.0	0.0	0.0	0.0	0.0	0.002	0.0	0.005	0.0	0.0	0.0	0.0	0.0	0.0	0.011	0.0	0.0	0.004	0.0	0.0	0.0	0.0	0.0	0.0	0.0	0.0	0.005	0.0	0.0	
Chromosome	2952396	T	G	0.089	0.188	0.186	0.203	0.243	0.2	0.145	0.219	0.211	0.21	0.182	0.209	0.0	0.085	0.217	0.175	0.175	0.207	0.18	0.152	0.203	0.18	0.095	0.114	0.259	0.289	0.123	0.199	0.264	0.271	0.257	0.11	0.21	0.172	0.144	0.122	0.151	0.14	0.086	0.082	0.087	0.18	0.169	0.21	0.06	0.105	0.056	0.005	0.139	0.194	0.109	0.0	0.186	0.0	0.096	0.168	0.063	0.09	0.12	0.096	0.073	0.061	0.136	0.102	0.103	0.051	0.091	0.075	0.0	
Chromosome	2952399	C	G	0.109	0.182	0.129	0.119	0.134	0.144	0.129	0.081	0.173	0.175	0.189	0.189	0.0	0.076	0.143	0.17	0.109	0.173	0.156	0.187	0.18	0.154	0.112	0.123	0.204	0.265	0.096	0.152	0.135	0.158	0.161	0.168	0.154	0.136	0.142	0.12	0.139	0.121	0.11	0.121	0.09	0.127	0.126	0.177	0.104	0.101	0.119	0.005	0.204	0.196	0.165	0.0	0.252	0.0	0.197	0.223	0.089	0.152	0.119	0.093	0.128	0.119	0.154	0.112	0.124	0.102	0.109	0.089	0.0	
Chromosome	3003118	ACCGTGCCGCGCC	A	0.009	0.043	0.0	0.007	0.0	0.0	0.015	0.009	0.007	0.009	0.0	0.0	0.019	0.007	0.0	0.0	0.0	0.009	0.005	0.019	0.007	0.011	0.021	0.0	0.024	0.01	0.027	0.008	0.007	0.008	0.015	0.023	0.0	0.0	0.009	0.0	0.016	0.023	0.004	0.007	0.011	0.012	0.011	0.032	0.003	0.011	0.003	0.006	0.0	0.011	0.005	0.008	0.0	0.022	0.005	0.012	0.004	0.018	0.012	0.004	0.029	0.005	0.009	0.012	0.016	0.007	0.012	0.007	0.0	
Chromosome	3015747	G	C	0.202	0.5	0.273	0.258	0.247	0.212	0.194	0.169	0.212	0.258	0.545	0.515	0.0	0.291	0.207	0.209	0.295	0.376	0.209	0.252	0.231	0.297	0.287	0.326	0.481	0.5	0.239	0.306	0.279	0.203	0.217	0.243	0.305	0.399	0.29	0.343	0.347	0.344	0.222	0.194	0.303	0.452	0.427	0.204	0.238	0.223	0.219	0.0	0.246	0.204	0.25	0.0	0.231	0.0	0.339	0.227	0.271	0.211	0.225	0.235	0.239	0.215	0.27	0.341	0.284	0.174	0.224	0.231	0.0	
Chromosome	3030945	C	G	0.016	0.103	0.069	0.043	0.068	0.114	0.098	0.081	0.084	0.086	0.042	0.088	0.0	0.0	0.076	0.08	0.0	0.019	0.036	0.038	0.053	0.037	0.022	0.024	0.053	0.043	0.076	0.108	0.085	0.015	0.035	0.037	0.032	0.033	0.022	0.016	0.021	0.018	0.03	0.031	0.011	0.099	0.029	0.068	0.013	0.023	0.016	0.0	0.023	0.008	0.035	0.0	0.011	0.0	0.0	0.017	0.029	0.012	0.015	0.018	0.023	0.015	0.029	0.01	0.057	0.018	0.01	0.004	0.0	
Chromosome	3030967	A	C	0.347	0.594	0.623	0.525	0.565	0.522	0.614	0.5	0.455	0.6	0.634	0.724	0.0	0.255	0.5	0.368	0.451	0.587	0.396	0.345	0.489	0.437	0.421	0.388	0.566	0.676	0.512	0.409	0.514	0.563	0.43	0.37	0.488	0.567	0.506	0.368	0.451	0.35	0.307	0.314	0.456	0.586	0.61	0.54	0.34	0.377	0.383	0.0	0.375	0.446	0.483	0.007	0.438	0.0	0.456	0.394	0.337	0.331	0.378	0.359	0.361	0.402	0.407	0.389	0.368	0.286	0.403	0.299	0.0	
Chromosome	3092769	T	TGGGGGG	0.0	0.0	0.0	0.021	0.0	0.0	0.0	0.02	0.0	0.019	0.0	0.0	0.0	0.0	0.0	0.0	0.0	0.0	0.0	0.0	0.0	0.0	0.0	0.0	0.0	0.0	0.0	0.0	0.014	0.0	0.0	0.0	0.0	0.0	0.0	0.0	0.0	0.0	0.0	0.0	0.0	0.0	0.01	0.0	0.0	0.0	0.0	0.0	0.0	0.0	0.0	0.0	0.0	0.0	0.0	0.022	0.0	0.0	0.0	0.0	0.0	0.0	0.0	0.0	0.0	0.0	0.0	0.0	0.0	
Chromosome	3092770	C	G	0.145	0.073	0.12	0.229	0.098	0.163	0.097	0.098	0.194	0.143	0.045	0.078	0.0	0.0	0.125	0.125	0.087	0.026	0.139	0.192	0.156	0.007	0.023	0.0	0.089	0.043	0.118	0.152	0.159	0.14	0.128	0.119	0.114	0.112	0.033	0.0	0.007	0.029	0.15	0.126	0.007	0.099	0.067	0.143	0.122	0.142	0.181	0.0	0.159	0.122	0.176	0.008	0.145	0.0	0.034	0.185	0.108	0.137	0.11	0.161	0.091	0.142	0.022	0.0	0.144	0.105	0.153	0.109	0.0	
Chromosome	3107706	A	C	0.049	0.106	0.083	0.065	0.105	0.051	0.096	0.096	0.102	0.04	0.042	0.106	0.0	0.063	0.078	0.08	0.037	0.104	0.088	0.112	0.099	0.101	0.127	0.109	0.078	0.12	0.101	0.073	0.119	0.104	0.052	0.099	0.108	0.052	0.112	0.132	0.067	0.117	0.078	0.041	0.072	0.035	0.084	0.109	0.057	0.072	0.077	0.005	0.087	0.105	0.109	0.0	0.119	0.0	0.058	0.084	0.119	0.09	0.069	0.06	0.055	0.087	0.105	0.106	0.114	0.069	0.058	0.075	0.0	
Chromosome	3123426	T	G	0.146	0.188	0.248	0.169	0.377	0.25	0.245	0.33	0.227	0.246	0.348	0.246	0.0	0.126	0.244	0.243	0.258	0.263	0.228	0.21	0.237	0.243	0.218	0.161	0.27	0.245	0.343	0.197	0.273	0.209	0.254	0.204	0.286	0.241	0.283	0.173	0.237	0.205	0.135	0.095	0.131	0.256	0.257	0.206	0.154	0.163	0.142	0.006	0.287	0.24	0.205	0.0	0.195	0.007	0.176	0.237	0.155	0.113	0.163	0.189	0.178	0.115	0.226	0.19	0.214	0.123	0.119	0.135	0.0	
Chromosome	3230517	A	C	0.197	0.121	0.207	0.274	0.22	0.228	0.229	0.2	0.244	0.236	0.0	0.151	0.0	0.153	0.204	0.193	0.218	0.119	0.22	0.255	0.226	0.075	0.143	0.177	0.103	0.121	0.271	0.225	0.254	0.209	0.215	0.206	0.196	0.097	0.097	0.112	0.172	0.114	0.13	0.192	0.155	0.088	0.086	0.212	0.163	0.185	0.169	0.006	0.216	0.171	0.232	0.0	0.18	0.0	0.075	0.247	0.16	0.164	0.207	0.159	0.159	0.174	0.109	0.154	0.167	0.164	0.144	0.163	0.0	
Chromosome	3230529	A	C	0.136	0.197	0.192	0.284	0.202	0.279	0.261	0.21	0.28	0.265	0.22	0.266	0.0	0.128	0.236	0.188	0.238	0.13	0.194	0.241	0.251	0.129	0.158	0.188	0.238	0.155	0.239	0.259	0.267	0.23	0.215	0.205	0.188	0.168	0.138	0.143	0.134	0.127	0.124	0.128	0.083	0.173	0.143	0.203	0.132	0.128	0.117	0.011	0.221	0.172	0.23	0.0	0.182	0.0	0.144	0.193	0.125	0.133	0.155	0.137	0.129	0.13	0.21	0.131	0.177	0.121	0.124	0.133	0.007	
Chromosome	3322409	C	CGAG	0.0	0.0	0.0	0.0	0.0	0.0	0.0	0.0	0.0	0.0	0.0	0.0	0.0	0.0	0.0	0.0	0.0	0.0	0.0	0.0	0.0	0.0	0.005	0.0	0.0	0.0	0.0	0.0	0.0	0.0	0.0	0.0	0.0	0.0	0.0	0.0	0.0	0.0	0.0	0.0	0.0	0.0	0.0	0.0	0.0	0.0	0.0	0.0	0.0	0.0	0.0	0.008	0.0	0.0	0.0	0.0	0.0	0.0	0.0	0.0	0.0	0.0	0.0	0.0	0.0	0.0	0.0	0.0	0.0	
Chromosome	3322411	TCTC	T	0.009	0.004	0.0	0.0	0.009	0.007	0.024	0.0	0.006	0.0	0.0	0.012	0.0	0.0	0.018	0.009	0.0	0.014	0.013	0.0	0.0	0.0	0.011	0.0	0.0	0.009	0.0	0.0	0.006	0.008	0.007	0.0	0.005	0.017	0.005	0.0	0.0	0.009	0.004	0.008	0.004	0.0	0.005	0.018	0.01	0.0	0.015	0.005	0.006	0.006	0.0	0.008	0.0	0.0	0.016	0.0	0.008	0.007	0.005	0.004	0.003	0.0	0.0	0.0	0.0	0.006	0.01	0.01	0.008	
Chromosome	3506342	A	C	0.027	0.096	0.057	0.065	0.092	0.142	0.161	0.074	0.138	0.123	0.0	0.05	0.017	0.0	0.189	0.096	0.108	0.074	0.03	0.044	0.036	0.021	0.054	0.048	0.102	0.081	0.143	0.129	0.103	0.145	0.079	0.101	0.102	0.127	0.029	0.027	0.013	0.026	0.031	0.034	0.014	0.108	0.103	0.079	0.017	0.034	0.021	0.0	0.031	0.069	0.034	0.012	0.036	0.0	0.028	0.062	0.054	0.029	0.035	0.026	0.024	0.016	0.025	0.013	0.074	0.031	0.022	0.018	0.008	
Chromosome	3580127	A	C	0.053	0.132	0.126	0.209	0.211	0.187	0.208	0.21	0.205	0.19	0.167	0.188	0.0	0.027	0.211	0.214	0.182	0.108	0.167	0.129	0.123	0.071	0.059	0.075	0.149	0.182	0.089	0.176	0.214	0.207	0.184	0.225	0.159	0.179	0.071	0.065	0.058	0.047	0.052	0.059	0.051	0.133	0.142	0.133	0.049	0.06	0.038	0.006	0.151	0.066	0.12	0.007	0.089	0.012	0.13	0.116	0.059	0.05	0.055	0.073	0.075	0.05	0.083	0.035	0.089	0.061	0.052	0.068	0.0	
Chromosome	3698291	A	C	0.131	0.177	0.314	0.277	0.274	0.287	0.293	0.25	0.283	0.216	0.256	0.193	0.0	0.086	0.226	0.198	0.288	0.176	0.205	0.214	0.207	0.148	0.106	0.131	0.207	0.234	0.283	0.25	0.254	0.194	0.237	0.218	0.217	0.216	0.073	0.116	0.113	0.118	0.108	0.123	0.096	0.206	0.185	0.227	0.105	0.074	0.094	0.0	0.188	0.17	0.152	0.0	0.191	0.0	0.104	0.145	0.158	0.116	0.112	0.13	0.139	0.111	0.089	0.086	0.222	0.09	0.104	0.116	0.007	
Chromosome	3698295	C	G	0.172	0.244	0.271	0.33	0.234	0.255	0.288	0.25	0.318	0.212	0.395	0.285	0.0	0.181	0.283	0.277	0.299	0.26	0.214	0.223	0.252	0.172	0.179	0.12	0.227	0.275	0.222	0.281	0.249	0.245	0.215	0.269	0.221	0.365	0.103	0.122	0.216	0.129	0.173	0.162	0.161	0.223	0.284	0.253	0.172	0.136	0.14	0.0	0.168	0.17	0.193	0.0	0.215	0.0	0.163	0.178	0.215	0.154	0.164	0.208	0.187	0.168	0.139	0.135	0.252	0.165	0.148	0.169	0.0	
Chromosome	3777630	T	G	0.182	0.349	0.213	0.27	0.277	0.305	0.24	0.355	0.257	0.267	0.411	0.275	0.0	0.163	0.227	0.304	0.34	0.231	0.305	0.299	0.26	0.225	0.299	0.214	0.366	0.344	0.338	0.275	0.308	0.26	0.316	0.314	0.263	0.302	0.192	0.223	0.204	0.2	0.164	0.176	0.149	0.194	0.224	0.254	0.145	0.216	0.158	0.0	0.301	0.251	0.22	0.007	0.331	0.0	0.255	0.244	0.182	0.133	0.184	0.175	0.212	0.227	0.161	0.252	0.196	0.217	0.176	0.188	0.0	
Chromosome	3777637	A	C	0.147	0.219	0.233	0.378	0.218	0.275	0.316	0.418	0.315	0.24	0.51	0.287	0.0	0.108	0.253	0.286	0.32	0.217	0.283	0.261	0.265	0.153	0.228	0.209	0.331	0.224	0.237	0.292	0.281	0.223	0.308	0.21	0.256	0.254	0.293	0.188	0.189	0.138	0.196	0.201	0.169	0.219	0.211	0.23	0.161	0.185	0.179	0.0	0.31	0.262	0.275	0.0	0.264	0.007	0.218	0.222	0.146	0.205	0.184	0.188	0.154	0.143	0.242	0.248	0.215	0.151	0.174	0.155	0.006	
Chromosome	3794876	T	G	0.025	0.142	0.189	0.19	0.156	0.166	0.188	0.094	0.209	0.16	0.222	0.098	0.0	0.028	0.164	0.062	0.159	0.115	0.12	0.125	0.128	0.099	0.059	0.066	0.126	0.154	0.159	0.222	0.111	0.158	0.114	0.124	0.127	0.126	0.077	0.063	0.081	0.067	0.02	0.048	0.062	0.103	0.088	0.091	0.062	0.053	0.043	0.0	0.128	0.116	0.115	0.007	0.094	0.007	0.065	0.115	0.078	0.04	0.049	0.059	0.051	0.026	0.091	0.045	0.124	0.06	0.057	0.033	0.0	
Chromosome	3847886	T	A	0.206	0.291	0.236	0.183	0.256	0.22	0.195	0.187	0.223	0.237	0.408	0.286	0.0	0.167	0.214	0.246	0.165	0.36	0.279	0.2	0.241	0.186	0.171	0.147	0.297	0.26	0.225	0.3	0.203	0.205	0.235	0.234	0.259	0.333	0.253	0.227	0.134	0.206	0.159	0.258	0.204	0.267	0.251	0.258	0.24	0.2	0.207	0.0	0.243	0.263	0.259	0.0	0.274	0.0	0.238	0.245	0.229	0.269	0.219	0.274	0.253	0.219	0.169	0.238	0.27	0.242	0.245	0.224	0.0	
Chromosome	3847896	T	A	0.133	0.166	0.152	0.142	0.125	0.148	0.145	0.092	0.175	0.118	0.105	0.147	0.0	0.093	0.109	0.172	0.145	0.167	0.104	0.119	0.12	0.057	0.127	0.103	0.152	0.142	0.141	0.164	0.133	0.092	0.138	0.162	0.171	0.173	0.118	0.119	0.077	0.122	0.072	0.146	0.109	0.106	0.134	0.153	0.158	0.128	0.133	0.0	0.118	0.125	0.155	0.0	0.164	0.0	0.133	0.137	0.146	0.183	0.162	0.203	0.169	0.147	0.113	0.136	0.15	0.17	0.175	0.152	0.0	
Chromosome	3873612	A	C	0.179	0.063	0.122	0.154	0.083	0.142	0.083	0.16	0.1	0.129	0.0	0.089	0.007	0.059	0.209	0.123	0.165	0.076	0.222	0.177	0.231	0.078	0.156	0.078	0.136	0.133	0.059	0.168	0.129	0.197	0.212	0.208	0.174	0.105	0.091	0.113	0.107	0.127	0.14	0.096	0.062	0.098	0.124	0.14	0.161	0.135	0.184	0.0	0.194	0.207	0.174	0.0	0.172	0.0	0.073	0.176	0.135	0.183	0.204	0.146	0.168	0.202	0.111	0.08	0.19	0.127	0.153	0.142	0.0	
Chromosome	3873616	A	C	0.184	0.38	0.257	0.274	0.208	0.229	0.239	0.307	0.28	0.355	0.491	0.352	0.007	0.103	0.244	0.303	0.274	0.378	0.258	0.242	0.243	0.292	0.331	0.242	0.441	0.441	0.212	0.33	0.278	0.274	0.37	0.378	0.281	0.419	0.199	0.278	0.241	0.253	0.206	0.142	0.167	0.413	0.46	0.258	0.22	0.2	0.236	0.0	0.302	0.221	0.269	0.0	0.235	0.0	0.321	0.252	0.219	0.237	0.211	0.206	0.186	0.196	0.269	0.242	0.24	0.17	0.211	0.214	0.0	
Chromosome	3873618	G	C	0.12	0.331	0.2	0.272	0.192	0.208	0.13	0.237	0.242	0.293	0.439	0.282	0.0	0.061	0.245	0.262	0.298	0.316	0.178	0.143	0.208	0.173	0.194	0.151	0.366	0.355	0.191	0.218	0.28	0.208	0.346	0.301	0.231	0.346	0.135	0.203	0.163	0.181	0.088	0.099	0.129	0.38	0.39	0.235	0.108	0.112	0.152	0.0	0.197	0.112	0.16	0.0	0.191	0.0	0.239	0.182	0.127	0.144	0.132	0.115	0.138	0.093	0.202	0.194	0.192	0.08	0.132	0.104	0.0	
Chromosome	3915150	G	A	0.0	0.203	0.0	0.0	0.0	0.0	0.0	0.0	0.0	0.0	0.0	0.0	0.0	0.0	0.0	0.0	0.0	0.0	0.0	0.0	0.0	0.0	0.0	0.0	0.0	0.0	0.0	0.0	0.0	0.0	0.0	0.0	0.0	0.0	0.0	0.0	0.0	0.0	0.0	0.0	0.0	0.0	0.0	0.0	0.0	0.002	0.0	0.0	0.0	0.0	0.0	0.0	0.0	0.0	0.0	0.0	0.0	0.0	0.0	0.0	0.003	0.0	0.0	0.006	0.0	0.0	0.0	0.0	0.0	
Chromosome	3916389	C	T	0.05	0.049	0.031	0.0	0.049	0.085	0.0	0.1	0.0	0.041	0.167	0.05	0.103	0.068	0.024	0.061	0.019	0.024	0.019	0.027	0.047	0.035	0.072	0.046	0.061	0.037	0.118	0.015	0.021	0.037	0.048	0.032	0.028	0.09	0.043	0.044	0.028	0.034	0.05	0.017	0.056	0.056	0.056	0.017	0.037	0.017	0.061	0.094	0.13	0.048	0.033	0.136	0.065	0.14	0.0	0.019	0.043	0.083	0.037	0.052	0.056	0.065	0.061	0.057	0.011	0.033	0.098	0.04	0.333	
Chromosome	3916390	A	G	0.102	0.062	0.03	0.0	0.05	0.091	0.023	0.125	0.054	0.083	0.167	0.075	0.14	0.067	0.025	0.065	0.019	0.073	0.077	0.079	0.047	0.06	0.088	0.057	0.062	0.037	0.188	0.063	0.021	0.137	0.066	0.048	0.039	0.09	0.086	0.076	0.042	0.057	0.068	0.043	0.113	0.086	0.057	0.052	0.083	0.026	0.07	0.184	0.113	0.048	0.048	0.167	0.067	0.14	0.0	0.019	0.073	0.101	0.059	0.065	0.069	0.065	0.062	0.094	0.044	0.076	0.107	0.053	0.333	
Chromosome	4000283	T	G	0.092	0.159	0.133	0.154	0.154	0.193	0.141	0.142	0.126	0.16	0.064	0.111	0.006	0.058	0.153	0.164	0.126	0.123	0.134	0.076	0.127	0.095	0.073	0.123	0.101	0.157	0.103	0.131	0.167	0.12	0.123	0.149	0.135	0.069	0.127	0.155	0.123	0.101	0.071	0.101	0.057	0.099	0.113	0.121	0.075	0.06	0.073	0.0	0.105	0.103	0.104	0.0	0.128	0.0	0.047	0.138	0.086	0.095	0.06	0.077	0.091	0.058	0.052	0.098	0.105	0.047	0.061	0.054	0.0	
Chromosome	4028630	G	C	0.011	0.005	0.025	0.016	0.019	0.06	0.056	0.021	0.023	0.018	0.0	0.0	0.0	0.0	0.019	0.01	0.037	0.007	0.006	0.017	0.008	0.0	0.0	0.0	0.013	0.0	0.01	0.0	0.029	0.01	0.016	0.018	0.034	0.008	0.0	0.006	0.0	0.006	0.009	0.004	0.0	0.015	0.016	0.028	0.0	0.008	0.007	0.0	0.011	0.024	0.005	0.0	0.022	0.0	0.0	0.0	0.012	0.004	0.009	0.008	0.003	0.004	0.0	0.0	0.029	0.0	0.01	0.003	0.0	
Chromosome	4028631	CGGCGG	C	0.018	0.005	0.0	0.016	0.009	0.025	0.0	0.01	0.0	0.0	0.027	0.009	0.0	0.016	0.0	0.0	0.009	0.013	0.012	0.008	0.034	0.005	0.013	0.005	0.012	0.019	0.03	0.0	0.0	0.0	0.016	0.0	0.011	0.008	0.016	0.013	0.0	0.011	0.013	0.004	0.019	0.007	0.023	0.017	0.007	0.003	0.01	0.011	0.006	0.024	0.005	0.0	0.007	0.005	0.01	0.006	0.008	0.008	0.003	0.003	0.003	0.014	0.006	0.007	0.01	0.0	0.0	0.0	0.0	
Chromosome	4028636	G	*,C	0.0	0.0	0.013	0.016	0.01	0.009	0.009	0.031	0.008	0.019	0.0	0.0	0.0	0.0	0.0	0.0	0.0	0.0	0.013	0.0	0.0	0.004	0.0	0.0	0.005	0.007	0.01	0.0	0.0	0.01	0.008	0.0	0.006	0.0	0.0	0.0	0.004	0.0	0.0	0.0	0.0	0.005	0.0	0.0	0.0	0.006	0.0	0.0	0.011	0.0	0.0	0.0	0.0	0.0	0.0	0.0	0.0	0.0	0.0	0.0	0.0	0.0	0.005	0.0	0.0	0.0	0.0	0.003	0.0	
Chromosome	4030303	G	T	0.0	0.021	0.0	0.008	0.0	0.0	0.0	0.0	0.0	0.01	0.0	0.0	0.005	0.0	0.0	0.0	0.0	0.0	0.0	0.0	0.008	0.015	0.0	0.004	0.0	0.008	0.012	0.011	0.006	0.008	0.0	0.007	0.0	0.009	0.005	0.0	0.014	0.014	0.0	0.0	0.008	0.011	0.011	0.005	0.0	0.002	0.0	0.007	0.0	0.0	0.0	0.0	0.0	0.0	0.0	0.0	0.004	0.0	0.0	0.002	0.0	0.0	0.004	0.0	0.005	0.0	0.0	0.0	0.0	
Chromosome	4088367	T	G	0.129	0.128	0.224	0.23	0.25	0.228	0.221	0.191	0.16	0.258	0.086	0.154	0.0	0.055	0.236	0.225	0.177	0.094	0.198	0.143	0.142	0.131	0.144	0.088	0.116	0.167	0.123	0.275	0.189	0.2	0.206	0.164	0.219	0.135	0.104	0.119	0.133	0.105	0.108	0.124	0.116	0.146	0.159	0.193	0.096	0.099	0.113	0.0	0.135	0.206	0.149	0.0	0.233	0.005	0.108	0.165	0.124	0.097	0.137	0.127	0.109	0.099	0.142	0.212	0.222	0.13	0.097	0.093	0.0	
Chromosome	4097183	T	G	0.082	0.218	0.274	0.233	0.248	0.194	0.235	0.25	0.146	0.222	0.192	0.228	0.006	0.064	0.288	0.276	0.214	0.171	0.173	0.179	0.158	0.126	0.171	0.111	0.183	0.24	0.219	0.248	0.195	0.214	0.268	0.202	0.299	0.152	0.152	0.111	0.159	0.159	0.115	0.083	0.081	0.115	0.155	0.292	0.12	0.145	0.145	0.0	0.147	0.213	0.228	0.0	0.102	0.0	0.127	0.174	0.111	0.151	0.117	0.128	0.133	0.104	0.108	0.091	0.202	0.18	0.121	0.13	0.0	
Chromosome	4102893	A	C	0.087	0.149	0.131	0.267	0.189	0.087	0.148	0.214	0.265	0.215	0.193	0.141	0.0	0.034	0.119	0.207	0.29	0.154	0.157	0.116	0.171	0.134	0.141	0.122	0.125	0.156	0.103	0.142	0.133	0.127	0.118	0.192	0.164	0.114	0.106	0.121	0.14	0.158	0.124	0.12	0.118	0.158	0.076	0.222	0.119	0.122	0.071	0.007	0.129	0.097	0.108	0.008	0.13	0.006	0.081	0.109	0.124	0.133	0.112	0.125	0.134	0.1	0.119	0.123	0.19	0.122	0.1	0.104	0.007	
Chromosome	4144101	T	G	0.003	0.165	0.011	0.007	0.0	0.007	0.0	0.0	0.0	0.0	0.0	0.0	0.0	0.0	0.0	0.0	0.015	0.0	0.005	0.0	0.0	0.0	0.0	0.0	0.0	0.0	0.0	0.006	0.0	0.0	0.0	0.0	0.0	0.0	0.0	0.0	0.0	0.0	0.0	0.003	0.0	0.0	0.0	0.0	0.0	0.0	0.0	0.0	0.018	0.007	0.005	0.0	0.0	0.0	0.006	0.0	0.0	0.004	0.0	0.0	0.0	0.003	0.004	0.0	0.0	0.0	0.0	0.0	0.0	
Chromosome	4203605	G	A	0.0	0.16	0.0	0.0	0.0	0.0	0.0	0.0	0.0	0.0	0.0	0.0	0.0	0.0	0.0	0.0	0.0	0.0	0.005	0.0	0.0	0.0	0.0	0.0	0.0	0.0	0.0	0.0	0.0	0.0	0.0	0.0	0.0	0.0	0.003	0.0	0.0	0.0	0.0	0.0	0.0	0.0	0.0	0.0	0.0	0.0	0.0	0.0	0.0	0.0	0.0	0.008	0.0	0.0	0.0	0.0	0.0	0.0	0.002	0.0	0.0	0.0	0.0	0.0	0.0	0.0	0.0	0.0	0.0	
Chromosome	4214560	C	A	0.452	0.494	0.431	0.453	0.479	0.42	0.509	0.468	0.49	0.472	0.509	0.462	0.408	0.533	0.441	0.444	0.525	0.503	0.477	0.478	0.474	0.465	0.518	0.466	0.465	0.544	0.5	0.53	0.506	0.48	0.485	0.401	0.533	0.478	0.449	0.475	0.494	0.517	0.494	0.476	0.515	0.485	0.48	0.481	0.502	0.45	0.481	0.463	0.458	0.491	0.505	0.538	0.511	0.524	0.498	0.496	0.478	0.497	0.486	0.494	0.506	0.43	0.49	0.489	0.515	0.442	0.432	0.326	0.498	
Chromosome	4214739	G	GT	0.34	0.331	0.331	0.371	0.301	0.321	0.371	0.324	0.352	0.367	0.535	0.391	0.26	0.395	0.304	0.332	0.352	0.324	0.364	0.304	0.32	0.338	0.351	0.336	0.368	0.472	0.392	0.342	0.38	0.312	0.339	0.353	0.34	0.358	0.313	0.303	0.316	0.331	0.332	0.321	0.353	0.327	0.388	0.339	0.358	0.305	0.333	0.327	0.332	0.362	0.287	0.317	0.332	0.357	0.306	0.309	0.32	0.334	0.355	0.338	0.314	0.329	0.36	0.327	0.316	0.303	0.304	0.266	0.329	
Chromosome	4214852	A	AG	0.06	0.058	0.024	0.074	0.088	0.054	0.039	0.026	0.069	0.048	0.065	0.06	0.082	0.074	0.043	0.078	0.072	0.05	0.058	0.023	0.048	0.056	0.076	0.083	0.069	0.07	0.099	0.049	0.107	0.048	0.074	0.046	0.047	0.057	0.059	0.07	0.045	0.05	0.069	0.061	0.07	0.066	0.067	0.066	0.062	0.073	0.066	0.022	0.065	0.047	0.037	0.051	0.087	0.097	0.015	0.066	0.044	0.084	0.064	0.057	0.058	0.053	0.058	0.067	0.049	0.073	0.054	0.058	0.045	
Chromosome	4214853	C	CAATGATCAATACCTGTGGAT	0.0	0.006	0.0	0.0	0.0	0.0	0.007	0.0	0.006	0.008	0.0	0.004	0.06	0.0	0.0	0.0	0.008	0.0	0.004	0.0	0.0	0.0	0.013	0.003	0.0	0.0	0.0	0.006	0.0	0.0	0.006	0.0	0.0	0.004	0.0	0.008	0.003	0.0	0.0	0.003	0.004	0.0	0.004	0.0	0.0	0.0	0.003	0.011	0.0	0.006	0.0	0.034	0.0	0.067	0.0	0.004	0.0	0.0	0.004	0.0	0.0	0.0	0.008	0.009	0.0	0.0	0.0	0.0	0.019	
Chromosome	4299786	A	G	0.006	0.024	0.0	0.008	0.0	0.0	0.0	0.0	0.0	0.0	0.042	0.018	0.0	0.013	0.007	0.0	0.0	0.0	0.016	0.0	0.0	0.004	0.022	0.032	0.025	0.0	0.0	0.0	0.0	0.0	0.0	0.0	0.0	0.004	0.0	0.027	0.021	0.004	0.0	0.0	0.0	0.0	0.021	0.011	0.003	0.019	0.0	0.01	0.0	0.0	0.0	0.007	0.0	0.0	0.0	0.0	0.007	0.0	0.002	0.0	0.0	0.004	0.0	0.005	0.0	0.0	0.0	0.0	0.0	
Chromosome	4299788	G	C	0.009	0.033	0.0	0.0	0.0	0.0	0.0	0.0	0.0	0.0	0.0	0.019	0.0	0.013	0.007	0.0	0.0	0.0	0.016	0.0	0.0	0.004	0.022	0.032	0.025	0.0	0.0	0.006	0.0	0.0	0.0	0.0	0.0	0.004	0.0	0.027	0.017	0.004	0.0	0.0	0.0	0.0	0.022	0.01	0.003	0.019	0.0	0.005	0.0	0.0	0.0	0.014	0.0	0.0	0.0	0.0	0.007	0.0	0.002	0.0	0.0	0.004	0.0	0.005	0.0	0.0	0.0	0.0	0.0	
Chromosome	4299790	C	T	0.009	0.037	0.01	0.0	0.0	0.0	0.0	0.0	0.0	0.0	0.0	0.019	0.0	0.013	0.007	0.0	0.0	0.0	0.016	0.0	0.007	0.004	0.022	0.032	0.025	0.0	0.01	0.012	0.0	0.0	0.0	0.0	0.0	0.004	0.0	0.027	0.017	0.004	0.0	0.0	0.0	0.005	0.027	0.01	0.003	0.017	0.0	0.0	0.0	0.0	0.0	0.007	0.0	0.0	0.0	0.0	0.007	0.0	0.002	0.002	0.0	0.006	0.0	0.005	0.0	0.0	0.0	0.0	0.0	
Chromosome	4305867	T	G	0.11	0.12	0.159	0.205	0.221	0.198	0.237	0.17	0.239	0.218	0.154	0.169	0.0	0.039	0.192	0.198	0.168	0.134	0.163	0.163	0.09	0.059	0.1	0.075	0.113	0.139	0.22	0.164	0.161	0.175	0.176	0.223	0.236	0.134	0.094	0.114	0.114	0.069	0.082	0.097	0.074	0.157	0.178	0.157	0.076	0.092	0.08	0.006	0.155	0.188	0.125	0.015	0.153	0.0	0.122	0.193	0.19	0.087	0.101	0.088	0.109	0.087	0.115	0.091	0.132	0.064	0.082	0.06	0.0	
Chromosome	4338878	C	G	0.021	0.067	0.017	0.075	0.009	0.071	0.045	0.064	0.05	0.047	0.062	0.022	0.0	0.007	0.031	0.051	0.023	0.045	0.039	0.034	0.029	0.004	0.011	0.01	0.051	0.025	0.05	0.025	0.047	0.07	0.021	0.023	0.078	0.015	0.005	0.006	0.01	0.016	0.009	0.016	0.003	0.054	0.046	0.03	0.007	0.016	0.006	0.0	0.022	0.027	0.022	0.0	0.023	0.0	0.0	0.018	0.02	0.004	0.018	0.017	0.006	0.009	0.02	0.006	0.032	0.009	0.015	0.003	0.0	
Chromosome	4338880	T	G	0.155	0.213	0.142	0.238	0.252	0.341	0.199	0.234	0.284	0.268	0.229	0.197	0.0	0.092	0.219	0.198	0.316	0.24	0.161	0.255	0.158	0.108	0.178	0.139	0.192	0.148	0.202	0.283	0.275	0.331	0.211	0.25	0.183	0.187	0.173	0.149	0.14	0.119	0.1	0.125	0.11	0.183	0.183	0.183	0.138	0.156	0.13	0.0	0.164	0.198	0.207	0.0	0.197	0.006	0.083	0.141	0.147	0.123	0.142	0.142	0.097	0.124	0.139	0.078	0.173	0.109	0.144	0.085	0.0	
Chromosome	4338881	C	G	0.018	0.049	0.033	0.094	0.062	0.079	0.036	0.055	0.056	0.048	0.021	0.024	0.0	0.007	0.016	0.051	0.03	0.017	0.029	0.041	0.043	0.013	0.028	0.03	0.028	0.009	0.042	0.042	0.054	0.06	0.0	0.06	0.067	0.021	0.01	0.023	0.01	0.043	0.009	0.016	0.007	0.028	0.038	0.036	0.016	0.028	0.009	0.0	0.045	0.033	0.011	0.0	0.046	0.0	0.008	0.029	0.024	0.017	0.015	0.012	0.023	0.012	0.025	0.02	0.036	0.021	0.015	0.015	0.0	
Chromosome	4378362	A	T	0.007	0.034	0.0	0.0	0.0	0.0	0.0	0.0	0.0	0.0	0.0	0.007	0.0	0.006	0.0	0.0	0.0	0.005	0.0	0.0	0.0	0.03	0.01	0.013	0.011	0.061	0.0	0.0	0.0	0.0	0.0	0.008	0.0	0.0	0.032	0.013	0.025	0.0	0.0	0.003	0.007	0.024	0.011	0.024	0.007	0.005	0.0	0.0	0.0	0.0	0.0	0.0	0.0	0.0	0.0	0.0	0.017	0.0	0.0	0.0	0.0	0.002	0.015	0.012	0.008	0.0	0.0	0.003	0.0	
Chromosome	4447867	G	C	0.092	0.137	0.187	0.206	0.168	0.185	0.248	0.188	0.175	0.237	0.25	0.19	0.0	0.029	0.244	0.212	0.176	0.172	0.134	0.122	0.135	0.107	0.118	0.094	0.218	0.178	0.25	0.179	0.213	0.152	0.188	0.129	0.207	0.121	0.088	0.123	0.111	0.123	0.114	0.14	0.079	0.193	0.137	0.163	0.104	0.118	0.101	0.0	0.107	0.12	0.112	0.0	0.124	0.0	0.113	0.148	0.103	0.109	0.111	0.116	0.114	0.139	0.108	0.073	0.161	0.128	0.09	0.111	0.0	
Chromosome	4449585	A	C	0.09	0.173	0.146	0.238	0.248	0.23	0.192	0.15	0.226	0.25	0.179	0.165	0.01	0.083	0.189	0.209	0.286	0.174	0.106	0.16	0.162	0.081	0.115	0.118	0.223	0.18	0.175	0.234	0.186	0.238	0.183	0.143	0.221	0.168	0.102	0.133	0.137	0.105	0.109	0.093	0.068	0.153	0.168	0.207	0.122	0.102	0.106	0.011	0.17	0.213	0.157	0.0	0.176	0.0	0.058	0.177	0.17	0.097	0.103	0.111	0.115	0.1	0.146	0.114	0.118	0.128	0.147	0.072	0.0	
Chromosome	4537116	A	.	0.0	0.0	0.0	0.0	0.0	0.0	0.0	0.0	0.0	0.0	0.0	0.0	0.0	0.0	0.0	0.0	0.0	0.0	0.0	0.0	0.0	0.0	0.0	0.0	0.0	0.0	0.0	0.0	0.0	0.0	0.0	0.0	0.0	0.0	0.0	0.0	0.0	0.0	0.0	0.0	0.0	0.0	0.0	0.0	0.0	0.0	0.0	0.0	0.0	0.0	0.0	0.0	0.0	0.0	0.0	0.0	0.0	0.0	0.0	0.0	0.0	0.0	0.0	0.0	0.0	0.0	0.0	0.0	0.0	
Chromosome	4541914	T	A	0.106	0.114	0.112	0.123	0.102	0.107	0.132	0.156	0.11	0.101	0.069	0.066	0.0	0.091	0.068	0.104	0.168	0.121	0.137	0.072	0.103	0.114	0.057	0.088	0.065	0.053	0.173	0.097	0.129	0.177	0.112	0.115	0.073	0.057	0.101	0.099	0.089	0.068	0.126	0.144	0.107	0.049	0.064	0.091	0.104	0.097	0.104	0.0	0.139	0.099	0.1	0.0	0.098	0.0	0.097	0.091	0.137	0.12	0.118	0.095	0.112	0.092	0.069	0.09	0.161	0.127	0.138	0.148	0.0	
Chromosome	4541923	T	G	0.114	0.174	0.283	0.258	0.252	0.238	0.244	0.299	0.261	0.27	0.214	0.148	0.023	0.074	0.176	0.179	0.314	0.249	0.247	0.14	0.16	0.139	0.13	0.189	0.089	0.114	0.178	0.184	0.231	0.297	0.198	0.193	0.222	0.144	0.218	0.157	0.13	0.156	0.134	0.138	0.125	0.152	0.083	0.161	0.187	0.146	0.14	0.005	0.226	0.247	0.291	0.006	0.195	0.006	0.112	0.199	0.172	0.178	0.133	0.15	0.177	0.162	0.194	0.196	0.182	0.136	0.133	0.192	0.035	
Chromosome	4541926	T	A	0.135	0.096	0.202	0.153	0.12	0.115	0.129	0.175	0.152	0.149	0.0	0.016	0.0	0.055	0.061	0.097	0.155	0.093	0.144	0.088	0.076	0.081	0.107	0.097	0.024	0.047	0.171	0.172	0.128	0.178	0.115	0.064	0.13	0.023	0.093	0.062	0.07	0.094	0.137	0.158	0.068	0.058	0.034	0.081	0.145	0.146	0.171	0.0	0.133	0.11	0.145	0.0	0.142	0.0	0.07	0.135	0.137	0.149	0.16	0.135	0.17	0.129	0.099	0.075	0.16	0.135	0.147	0.159	0.0	
Chromosome	4593932	G	A	0.0	0.048	0.0	0.0	0.0	0.0	0.0	0.0	0.0	0.008	0.0	0.007	0.0	0.0	0.0	0.0	0.0	0.0	0.0	0.0	0.0	0.0	0.021	0.005	0.022	0.044	0.0	0.0	0.0	0.0	0.0	0.0	0.0	0.0	0.0	0.011	0.005	0.005	0.0	0.008	0.004	0.018	0.0	0.017	0.0	0.005	0.0	0.0	0.0	0.0	0.0	0.0	0.0	0.0	0.0	0.0	0.0	0.004	0.005	0.0	0.0	0.0	0.0	0.0	0.0	0.0	0.0	0.0	0.0	
Chromosome	4593933	G	C	0.0	0.048	0.0	0.0	0.0	0.0	0.0	0.0	0.0	0.008	0.0	0.007	0.0	0.0	0.0	0.0	0.0	0.0	0.0	0.0	0.0	0.0	0.016	0.005	0.022	0.044	0.0	0.0	0.0	0.0	0.0	0.0	0.0	0.0	0.0	0.011	0.005	0.005	0.0	0.007	0.004	0.018	0.0	0.017	0.0	0.005	0.0	0.0	0.0	0.0	0.0	0.006	0.0	0.0	0.0	0.0	0.0	0.004	0.004	0.003	0.0	0.0	0.0	0.0	0.0	0.0	0.0	0.0	0.0	
Chromosome	4593934	T	C	0.0	0.048	0.0	0.0	0.0	0.0	0.0	0.0	0.0	0.008	0.0	0.007	0.0	0.008	0.0	0.0	0.0	0.0	0.0	0.0	0.0	0.0	0.016	0.005	0.021	0.044	0.0	0.0	0.0	0.0	0.0	0.0	0.0	0.0	0.0	0.011	0.005	0.005	0.0	0.007	0.004	0.018	0.0	0.017	0.0	0.005	0.0	0.0	0.0	0.0	0.0	0.006	0.0	0.006	0.0	0.0	0.0	0.004	0.007	0.0	0.0	0.0	0.0	0.0	0.0	0.0	0.0	0.0	0.0	
Chromosome	4619545	A	C	0.183	0.241	0.2	0.223	0.221	0.295	0.32	0.177	0.263	0.282	0.318	0.283	0.0	0.145	0.265	0.229	0.267	0.221	0.242	0.322	0.252	0.224	0.197	0.173	0.206	0.242	0.21	0.272	0.28	0.225	0.293	0.238	0.256	0.28	0.168	0.253	0.15	0.219	0.167	0.197	0.202	0.234	0.295	0.253	0.186	0.201	0.168	0.0	0.177	0.286	0.215	0.0	0.219	0.0	0.206	0.212	0.219	0.206	0.191	0.239	0.172	0.163	0.167	0.214	0.249	0.205	0.162	0.191	0.0	
Chromosome	4619547	G	C	0.195	0.229	0.22	0.263	0.196	0.194	0.271	0.181	0.224	0.277	0.286	0.252	0.0	0.149	0.191	0.238	0.271	0.211	0.206	0.253	0.273	0.172	0.179	0.173	0.172	0.227	0.208	0.252	0.282	0.248	0.246	0.217	0.232	0.253	0.138	0.184	0.151	0.155	0.144	0.209	0.178	0.15	0.216	0.222	0.222	0.191	0.191	0.0	0.139	0.206	0.222	0.0	0.241	0.0	0.207	0.188	0.211	0.169	0.182	0.225	0.196	0.173	0.118	0.116	0.254	0.266	0.175	0.179	0.0	
Chromosome	4639740	A	C	0.103	0.202	0.232	0.265	0.212	0.268	0.262	0.243	0.363	0.214	0.16	0.251	0.005	0.077	0.239	0.208	0.314	0.24	0.254	0.246	0.234	0.164	0.141	0.153	0.286	0.268	0.217	0.248	0.173	0.263	0.284	0.177	0.169	0.267	0.132	0.132	0.111	0.145	0.113	0.12	0.108	0.23	0.218	0.254	0.157	0.125	0.111	0.014	0.189	0.18	0.19	0.005	0.218	0.0	0.219	0.233	0.132	0.125	0.115	0.134	0.124	0.127	0.169	0.175	0.171	0.149	0.122	0.122	0.006	
Chromosome	4676705	T	G	0.075	0.136	0.21	0.171	0.255	0.26	0.242	0.277	0.227	0.189	0.238	0.173	0.0	0.039	0.244	0.272	0.285	0.092	0.163	0.137	0.157	0.109	0.151	0.138	0.163	0.119	0.176	0.208	0.197	0.215	0.242	0.197	0.156	0.123	0.141	0.112	0.112	0.138	0.069	0.097	0.064	0.118	0.188	0.203	0.087	0.094	0.093	0.0	0.205	0.124	0.159	0.0	0.189	0.0	0.15	0.115	0.112	0.085	0.097	0.078	0.095	0.071	0.162	0.132	0.14	0.058	0.061	0.055	0.0	
Chromosome	4709847	GC	G	0.031	0.191	0.036	0.013	0.042	0.021	0.015	0.207	0.04	0.018	0.0	0.014	0.012	0.143	0.028	0.019	0.0	0.018	0.021	0.03	0.255	0.028	0.022	0.019	0.188	0.0	0.286	0.947	0.051	0.02	0.138	0.008	0.005	0.129	0.014	0.012	0.046	0.02	0.021	0.026	0.234	0.234	0.162	0.029	0.017	0.006	0.01	0.028	0.196	0.057	0.02	0.014	0.046	0.011	0.014	0.032	0.041	0.011	0.012	0.027	0.039	0.018	0.024	0.03	0.028	0.048	0.028	0.086	0.026	
Chromosome	4738593	T	G	0.097	0.228	0.207	0.203	0.242	0.261	0.25	0.243	0.269	0.239	0.227	0.254	0.0	0.031	0.179	0.202	0.241	0.214	0.183	0.142	0.2	0.133	0.139	0.101	0.289	0.269	0.154	0.148	0.238	0.213	0.319	0.172	0.299	0.22	0.115	0.132	0.082	0.122	0.114	0.129	0.088	0.172	0.237	0.268	0.098	0.114	0.091	0.0	0.173	0.165	0.22	0.006	0.173	0.0	0.122	0.183	0.112	0.096	0.109	0.11	0.104	0.095	0.101	0.14	0.197	0.11	0.133	0.072	0.0	
Chromosome	4738601	T	G	0.179	0.288	0.25	0.208	0.254	0.261	0.229	0.239	0.279	0.229	0.2	0.233	0.0	0.07	0.196	0.211	0.261	0.184	0.199	0.215	0.208	0.181	0.141	0.131	0.231	0.247	0.348	0.21	0.277	0.194	0.268	0.255	0.246	0.207	0.138	0.145	0.158	0.209	0.157	0.132	0.082	0.258	0.21	0.297	0.152	0.193	0.133	0.0	0.202	0.177	0.219	0.011	0.212	0.0	0.188	0.241	0.133	0.138	0.187	0.134	0.163	0.163	0.163	0.142	0.234	0.193	0.164	0.15	0.006	
Chromosome	4758181	GAGAA	G	0.007	0.012	0.0	0.025	0.0	0.0	0.0	0.0	0.007	0.0	0.0	0.03	0.01	0.029	0.009	0.008	0.0	0.005	0.004	0.018	0.014	0.019	0.01	0.02	0.016	0.016	0.011	0.007	0.0	0.0	0.013	0.014	0.021	0.006	0.0	0.011	0.008	0.012	0.015	0.01	0.017	0.011	0.009	0.01	0.007	0.008	0.014	0.009	0.021	0.018	0.019	0.006	0.016	0.0	0.015	0.025	0.012	0.012	0.005	0.016	0.015	0.0	0.0	0.02	0.014	0.01	0.005	0.024	0.014	
Chromosome	4795816	T	G	0.176	0.167	0.237	0.199	0.344	0.315	0.248	0.242	0.24	0.294	0.147	0.184	0.0	0.104	0.226	0.265	0.184	0.159	0.223	0.239	0.23	0.187	0.138	0.152	0.184	0.179	0.191	0.232	0.262	0.226	0.233	0.22	0.223	0.12	0.107	0.144	0.145	0.146	0.17	0.161	0.131	0.156	0.123	0.223	0.188	0.157	0.158	0.0	0.203	0.203	0.249	0.0	0.231	0.014	0.096	0.267	0.111	0.207	0.164	0.178	0.191	0.202	0.18	0.145	0.236	0.2	0.154	0.196	0.019	
Chromosome	4809147	T	G	0.017	0.061	0.035	0.052	0.02	0.021	0.036	0.031	0.011	0.022	0.0	0.005	0.0	0.022	0.027	0.045	0.013	0.031	0.028	0.023	0.022	0.033	0.022	0.015	0.028	0.023	0.02	0.028	0.02	0.009	0.03	0.047	0.027	0.011	0.016	0.034	0.036	0.031	0.014	0.008	0.011	0.023	0.029	0.06	0.006	0.036	0.006	0.0	0.017	0.016	0.016	0.012	0.011	0.006	0.018	0.01	0.026	0.009	0.023	0.01	0.011	0.02	0.01	0.018	0.025	0.016	0.009	0.012	0.0	
Chromosome	4821799	A	C	0.081	0.113	0.091	0.099	0.118	0.092	0.112	0.103	0.095	0.098	0.0	0.09	0.0	0.048	0.053	0.07	0.072	0.119	0.08	0.084	0.103	0.086	0.089	0.099	0.098	0.089	0.096	0.1	0.113	0.13	0.093	0.098	0.109	0.114	0.074	0.081	0.098	0.1	0.045	0.058	0.044	0.081	0.109	0.161	0.069	0.062	0.067	0.009	0.076	0.132	0.094	0.011	0.141	0.0	0.064	0.148	0.058	0.056	0.094	0.042	0.084	0.065	0.11	0.071	0.128	0.071	0.032	0.059	0.007	
Chromosome	4863071	A	C	0.028	0.151	0.096	0.107	0.079	0.157	0.101	0.136	0.122	0.099	0.068	0.095	0.0	0.011	0.107	0.095	0.112	0.119	0.087	0.099	0.092	0.035	0.034	0.057	0.122	0.11	0.128	0.153	0.135	0.109	0.095	0.085	0.08	0.08	0.056	0.056	0.023	0.034	0.023	0.054	0.031	0.108	0.08	0.098	0.034	0.036	0.019	0.0	0.064	0.022	0.072	0.0	0.075	0.006	0.031	0.087	0.043	0.03	0.024	0.036	0.033	0.02	0.041	0.018	0.044	0.022	0.021	0.02	0.0	
Chromosome	4910340	A	C	0.158	0.132	0.118	0.176	0.219	0.191	0.167	0.23	0.168	0.2	0.175	0.153	0.006	0.098	0.189	0.195	0.207	0.127	0.177	0.157	0.167	0.15	0.091	0.099	0.109	0.147	0.182	0.169	0.174	0.241	0.2	0.199	0.206	0.176	0.122	0.111	0.103	0.117	0.09	0.111	0.126	0.155	0.127	0.175	0.125	0.132	0.126	0.011	0.193	0.183	0.197	0.017	0.203	0.011	0.113	0.155	0.145	0.138	0.113	0.156	0.12	0.1	0.123	0.117	0.133	0.141	0.124	0.123	0.009	
Chromosome	4912210	G	A	0.0	0.208	0.0	0.0	0.0	0.0	0.0	0.0	0.014	0.0	0.0	0.0	0.0	0.0	0.0	0.0	0.0	0.0	0.0	0.0	0.006	0.0	0.0	0.0	0.0	0.0	0.0	0.0	0.0	0.0	0.0	0.0	0.0	0.0	0.0	0.0	0.0	0.0	0.0	0.0	0.0	0.0	0.0	0.005	0.0	0.002	0.006	0.0	0.0	0.0	0.0	0.0	0.0	0.0	0.0	0.0	0.0	0.0	0.0	0.0	0.0	0.0	0.0	0.0	0.0	0.0	0.0	0.0	0.0	
Chromosome	4915425	C	T	0.0	0.225	0.0	0.0	0.0	0.0	0.0	0.0	0.0	0.0	0.0	0.0	0.0	0.0	0.0	0.0	0.0	0.0	0.0	0.0	0.0	0.0	0.0	0.004	0.0	0.0	0.0	0.0	0.0	0.0	0.0	0.0	0.0	0.0	0.0	0.0	0.0	0.0	0.0	0.0	0.0	0.0	0.0	0.0	0.0	0.0	0.0	0.0	0.0	0.0	0.0	0.0	0.0	0.0	0.0	0.0	0.0	0.0	0.0	0.0	0.0	0.0	0.0	0.0	0.0	0.0	0.0	0.0	0.0	
Chromosome	5017169	A	C	0.006	0.048	0.0	0.029	0.0	0.007	0.0	0.0	0.0	0.0	0.0	0.0	0.006	0.057	0.008	0.0	0.015	0.0	0.0	0.01	0.0	0.029	0.01	0.013	0.019	0.0	0.0	0.0	0.007	0.0	0.007	0.006	0.005	0.009	0.018	0.026	0.03	0.015	0.006	0.012	0.01	0.013	0.018	0.027	0.007	0.007	0.003	0.004	0.0	0.012	0.0	0.014	0.0	0.005	0.006	0.0	0.007	0.007	0.006	0.004	0.003	0.005	0.009	0.0	0.018	0.01	0.002	0.0	0.0	
Chromosome	5017170	G	T	0.006	0.048	0.0	0.03	0.0	0.007	0.0	0.0	0.0	0.0	0.0	0.0	0.006	0.057	0.0	0.008	0.007	0.0	0.0	0.005	0.0	0.029	0.01	0.013	0.019	0.011	0.0	0.006	0.0	0.006	0.0	0.0	0.005	0.0	0.018	0.026	0.03	0.015	0.006	0.012	0.006	0.012	0.018	0.028	0.007	0.007	0.003	0.004	0.0	0.0	0.0	0.014	0.0	0.011	0.0	0.0	0.007	0.007	0.006	0.008	0.003	0.005	0.009	0.0	0.018	0.005	0.002	0.003	0.0	
Chromosome	5046386	T	G	0.115	0.149	0.28	0.319	0.292	0.26	0.22	0.241	0.292	0.348	0.312	0.168	0.0	0.108	0.293	0.325	0.262	0.135	0.162	0.199	0.197	0.076	0.124	0.112	0.111	0.131	0.209	0.353	0.301	0.292	0.281	0.228	0.228	0.111	0.102	0.117	0.077	0.111	0.06	0.098	0.059	0.12	0.12	0.26	0.068	0.104	0.078	0.01	0.186	0.151	0.197	0.007	0.182	0.0	0.123	0.212	0.135	0.098	0.093	0.125	0.096	0.09	0.114	0.063	0.129	0.074	0.11	0.115	0.007	
Chromosome	5115073	C	G	0.033	0.088	0.073	0.131	0.07	0.059	0.085	0.108	0.075	0.139	0.079	0.106	0.005	0.029	0.083	0.073	0.077	0.092	0.042	0.065	0.063	0.032	0.063	0.009	0.107	0.151	0.1	0.09	0.082	0.071	0.1	0.085	0.064	0.048	0.03	0.059	0.038	0.044	0.028	0.022	0.028	0.104	0.101	0.081	0.03	0.026	0.011	0.0	0.049	0.026	0.068	0.006	0.057	0.0	0.063	0.033	0.025	0.03	0.031	0.032	0.028	0.013	0.025	0.076	0.067	0.03	0.033	0.035	0.0	
Chromosome	5130937	T	G	0.169	0.171	0.238	0.264	0.19	0.258	0.224	0.281	0.371	0.215	0.194	0.142	0.0	0.115	0.267	0.211	0.31	0.163	0.263	0.168	0.215	0.185	0.127	0.164	0.132	0.172	0.32	0.226	0.245	0.306	0.336	0.298	0.204	0.097	0.136	0.137	0.136	0.153	0.199	0.189	0.094	0.151	0.153	0.219	0.207	0.208	0.158	0.0	0.279	0.272	0.248	0.0	0.271	0.013	0.094	0.224	0.187	0.196	0.17	0.18	0.19	0.194	0.119	0.182	0.248	0.174	0.18	0.172	0.0	
Chromosome	5168665	T	C	0.003	0.033	0.0	0.0	0.0	0.0	0.0	0.0	0.0	0.007	0.0	0.0	0.0	0.0	0.0	0.0	0.0	0.0	0.004	0.0	0.006	0.009	0.009	0.004	0.0	0.01	0.017	0.0	0.0	0.0	0.0	0.0	0.0	0.0	0.008	0.0	0.004	0.02	0.004	0.0	0.007	0.0	0.01	0.0	0.0	0.0	0.0	0.0	0.0	0.0	0.0	0.0	0.0	0.0	0.006	0.0	0.0	0.0	0.002	0.0	0.0	0.0	0.0	0.0	0.004	0.003	0.0	0.0	0.0	
Chromosome	5168666	G	A	0.003	0.029	0.0	0.0	0.0	0.0	0.0	0.0	0.0	0.0	0.0	0.0	0.0	0.0	0.0	0.0	0.0	0.0	0.0	0.0	0.0	0.009	0.009	0.004	0.0	0.016	0.009	0.0	0.0	0.0	0.0	0.0	0.0	0.0	0.0	0.0	0.004	0.021	0.0	0.0	0.007	0.0	0.01	0.0	0.0	0.0	0.0	0.0	0.0	0.0	0.0	0.0	0.0	0.0	0.0	0.0	0.0	0.0	0.0	0.0	0.0	0.0	0.0	0.0	0.004	0.003	0.0	0.0	0.0	
Chromosome	5292499	A	C	0.056	0.146	0.178	0.257	0.2	0.219	0.203	0.189	0.264	0.254	0.114	0.153	0.006	0.023	0.169	0.15	0.147	0.134	0.114	0.078	0.137	0.093	0.073	0.068	0.115	0.078	0.172	0.18	0.186	0.16	0.196	0.095	0.153	0.117	0.073	0.07	0.062	0.04	0.037	0.075	0.061	0.117	0.124	0.213	0.053	0.092	0.077	0.0	0.11	0.125	0.126	0.0	0.099	0.005	0.057	0.069	0.06	0.075	0.077	0.09	0.09	0.051	0.078	0.041	0.093	0.088	0.054	0.041	0.0	
Chromosome	5345597	C	CGAG	0.0	0.0	0.0	0.0	0.0	0.0	0.0	0.0	0.0	0.0	0.0	0.0	0.0	0.0	0.0	0.0	0.0	0.0	0.0	0.0	0.0	0.0	0.0	0.0	0.0	0.0	0.0	0.0	0.0	0.0	0.0	0.0	0.0	0.0	0.0	0.0	0.0	0.0	0.0	0.0	0.0	0.0	0.0	0.0	0.0	0.0	0.0	0.0	0.0	0.0	0.0	0.0	0.0	0.0	0.0	0.0	0.0	0.0	0.0	0.0	0.0	0.0	0.0	0.0	0.0	0.0	0.0	0.0	0.0	
Chromosome	5345599	TCTC	T	0.003	0.0	0.008	0.0	0.0	0.006	0.0	0.0	0.01	0.0	0.0	0.0	0.005	0.0	0.013	0.0	0.007	0.011	0.01	0.014	0.0	0.005	0.0	0.0	0.0	0.0	0.0	0.0	0.0	0.007	0.0	0.0	0.0	0.0	0.008	0.0	0.01	0.0	0.0	0.007	0.007	0.0	0.0	0.005	0.0	0.004	0.0	0.0	0.011	0.0	0.004	0.006	0.019	0.006	0.004	0.0	0.004	0.007	0.002	0.004	0.0	0.005	0.004	0.0	0.004	0.005	0.005	0.003	0.006	
Chromosome	5359787	G	T	0.006	0.035	0.0	0.0	0.0	0.0	0.0	0.0	0.0	0.0	0.0	0.0	0.0	0.0	0.0	0.008	0.0	0.0	0.0	0.0	0.0	0.02	0.009	0.009	0.008	0.021	0.008	0.0	0.0	0.008	0.0	0.0	0.0	0.0	0.0	0.012	0.019	0.012	0.0	0.0	0.011	0.009	0.013	0.014	0.0	0.0	0.0	0.0	0.0	0.0	0.0	0.0	0.0	0.011	0.005	0.006	0.004	0.004	0.0	0.002	0.0	0.0	0.0	0.0	0.0	0.0	0.0	0.0	0.0	
Chromosome	5359788	A	C	0.009	0.035	0.01	0.008	0.0	0.012	0.024	0.007	0.005	0.0	0.0	0.0	0.0	0.006	0.0	0.0	0.0	0.0	0.0	0.006	0.0	0.024	0.014	0.009	0.012	0.043	0.008	0.005	0.006	0.0	0.006	0.0	0.0	0.0	0.0	0.012	0.024	0.008	0.003	0.003	0.011	0.009	0.018	0.019	0.0	0.0	0.0	0.009	0.0	0.005	0.004	0.0	0.0	0.011	0.005	0.0	0.004	0.004	0.0	0.002	0.0	0.002	0.004	0.0	0.0	0.0	0.002	0.003	0.0	
Chromosome	5403748	G	C	0.056	0.141	0.103	0.135	0.093	0.156	0.113	0.12	0.169	0.127	0.136	0.108	0.005	0.021	0.115	0.067	0.064	0.056	0.076	0.101	0.055	0.085	0.042	0.04	0.163	0.133	0.182	0.097	0.068	0.062	0.133	0.144	0.095	0.08	0.061	0.047	0.054	0.06	0.021	0.064	0.024	0.116	0.13	0.1	0.073	0.037	0.033	0.0	0.071	0.086	0.092	0.0	0.075	0.0	0.073	0.075	0.05	0.041	0.047	0.046	0.043	0.041	0.052	0.061	0.08	0.031	0.04	0.045	0.0	
Chromosome	5437973	A	C	0.047	0.128	0.045	0.167	0.115	0.145	0.121	0.193	0.083	0.188	0.045	0.095	0.006	0.056	0.079	0.131	0.087	0.111	0.094	0.056	0.113	0.086	0.048	0.078	0.179	0.144	0.127	0.132	0.134	0.037	0.175	0.118	0.172	0.146	0.088	0.055	0.071	0.078	0.084	0.059	0.03	0.107	0.075	0.112	0.081	0.049	0.034	0.01	0.063	0.073	0.08	0.0	0.12	0.0	0.036	0.087	0.058	0.11	0.075	0.066	0.062	0.04	0.047	0.035	0.073	0.024	0.04	0.035	0.0	
Chromosome	5461786	C	.	0.0	0.0	0.0	0.0	0.0	0.0	0.0	0.0	0.0	0.0	0.0	0.0	0.0	0.0	0.0	0.0	0.0	0.0	0.0	0.0	0.0	0.0	0.0	0.0	0.0	0.0	0.0	0.0	0.0	0.0	0.0	0.0	0.0	0.0	0.0	0.0	0.0	0.0	0.0	0.0	0.0	0.0	0.0	0.0	0.0	0.0	0.0	0.0	0.0	0.0	0.0	0.0	0.0	0.0	0.0	0.0	0.0	0.0	0.0	0.0	0.0	0.0	0.0	0.0	0.0	0.0	0.0	0.0	0.0	
Chromosome	5461789	T	G	0.108	0.342	0.327	0.487	0.46	0.532	0.438	0.352	0.44	0.413	0.6	0.472	0.011	0.107	0.359	0.451	0.46	0.412	0.349	0.333	0.346	0.225	0.197	0.174	0.5	0.404	0.315	0.39	0.494	0.459	0.457	0.602	0.455	0.442	0.239	0.237	0.217	0.231	0.174	0.22	0.145	0.316	0.327	0.353	0.17	0.168	0.167	0.0	0.33	0.357	0.409	0.008	0.326	0.006	0.263	0.33	0.181	0.164	0.215	0.163	0.144	0.082	0.179	0.278	0.232	0.118	0.137	0.175	0.01	
Chromosome	5461800	G	C	0.008	0.049	0.018	0.024	0.079	0.093	0.026	0.102	0.062	0.094	0.077	0.048	0.0	0.013	0.031	0.086	0.0	0.048	0.037	0.0	0.019	0.028	0.014	0.0	0.043	0.041	0.053	0.063	0.096	0.046	0.055	0.089	0.066	0.037	0.015	0.018	0.007	0.007	0.005	0.026	0.016	0.036	0.025	0.089	0.031	0.015	0.0	0.0	0.031	0.043	0.058	0.0	0.011	0.006	0.0	0.047	0.017	0.017	0.017	0.029	0.013	0.032	0.013	0.0	0.024	0.037	0.011	0.017	0.0	
Chromosome	5461806	A	C	0.089	0.179	0.153	0.209	0.186	0.229	0.152	0.151	0.205	0.262	0.179	0.153	0.0	0.037	0.242	0.213	0.242	0.126	0.229	0.184	0.15	0.091	0.176	0.115	0.15	0.105	0.194	0.305	0.162	0.238	0.222	0.333	0.274	0.125	0.113	0.092	0.076	0.119	0.089	0.106	0.09	0.15	0.119	0.294	0.141	0.115	0.079	0.0	0.214	0.2	0.194	0.0	0.144	0.0	0.057	0.103	0.166	0.069	0.11	0.118	0.075	0.092	0.101	0.144	0.144	0.09	0.101	0.098	0.01	
Chromosome	5473426	A	C	0.113	0.14	0.083	0.239	0.162	0.176	0.194	0.149	0.202	0.179	0.148	0.121	0.0	0.067	0.193	0.205	0.216	0.11	0.161	0.175	0.13	0.067	0.074	0.106	0.108	0.129	0.222	0.194	0.227	0.316	0.27	0.171	0.186	0.171	0.053	0.1	0.087	0.079	0.093	0.081	0.036	0.102	0.094	0.219	0.126	0.087	0.1	0.016	0.073	0.213	0.114	0.0	0.127	0.0	0.042	0.142	0.108	0.129	0.097	0.075	0.108	0.058	0.077	0.094	0.132	0.103	0.14	0.125	0.007	
Chromosome	5499068	CGGGT	C	0.014	0.004	0.067	0.095	0.0	0.061	0.035	0.027	0.065	0.009	0.029	0.007	0.022	0.006	0.034	0.0	0.02	0.005	0.02	0.0	0.012	0.011	0.024	0.0	0.009	0.031	0.014	0.009	0.021	0.01	0.016	0.032	0.017	0.019	0.02	0.013	0.005	0.016	0.018	0.016	0.026	0.014	0.011	0.014	0.019	0.033	0.008	0.049	0.029	0.026	0.038	0.007	0.019	0.056	0.01	0.026	0.009	0.012	0.022	0.014	0.01	0.023	0.018	0.035	0.016	0.009	0.014	0.014	0.062	
Chromosome	5512267	A	C	0.136	0.2	0.179	0.237	0.242	0.247	0.222	0.264	0.202	0.262	0.289	0.301	0.005	0.136	0.148	0.275	0.185	0.193	0.247	0.181	0.204	0.122	0.205	0.17	0.194	0.214	0.205	0.27	0.237	0.228	0.226	0.227	0.195	0.233	0.173	0.184	0.201	0.177	0.138	0.15	0.116	0.181	0.239	0.144	0.131	0.143	0.133	0.0	0.181	0.201	0.176	0.006	0.208	0.005	0.164	0.26	0.116	0.126	0.154	0.129	0.12	0.087	0.192	0.169	0.136	0.123	0.111	0.126	0.0	
Chromosome	5521106	A	C	0.049	0.105	0.176	0.195	0.212	0.2	0.144	0.163	0.19	0.204	0.057	0.145	0.004	0.036	0.13	0.189	0.122	0.146	0.126	0.139	0.124	0.078	0.068	0.053	0.158	0.144	0.132	0.13	0.162	0.131	0.142	0.173	0.123	0.136	0.086	0.057	0.058	0.071	0.068	0.08	0.056	0.139	0.127	0.163	0.058	0.081	0.051	0.0	0.078	0.071	0.133	0.0	0.138	0.006	0.121	0.11	0.059	0.059	0.072	0.053	0.072	0.077	0.109	0.093	0.082	0.077	0.051	0.078	0.0	
Chromosome	5521109	A	C	0.077	0.156	0.179	0.18	0.167	0.189	0.174	0.131	0.214	0.155	0.121	0.139	0.0	0.03	0.151	0.144	0.111	0.146	0.139	0.135	0.081	0.082	0.05	0.068	0.157	0.189	0.169	0.147	0.154	0.19	0.153	0.109	0.133	0.135	0.095	0.119	0.06	0.066	0.06	0.076	0.053	0.133	0.113	0.109	0.09	0.058	0.05	0.0	0.091	0.134	0.139	0.011	0.178	0.0	0.094	0.114	0.04	0.042	0.075	0.076	0.052	0.096	0.112	0.075	0.087	0.063	0.062	0.057	0.006	
Chromosome	5649824	A	C	0.038	0.134	0.158	0.154	0.163	0.244	0.165	0.145	0.221	0.157	0.074	0.161	0.012	0.0	0.132	0.204	0.11	0.116	0.084	0.153	0.107	0.041	0.021	0.066	0.165	0.157	0.161	0.156	0.141	0.13	0.155	0.189	0.156	0.127	0.065	0.057	0.046	0.049	0.04	0.053	0.056	0.146	0.145	0.131	0.063	0.037	0.043	0.0	0.077	0.151	0.12	0.02	0.12	0.006	0.046	0.132	0.039	0.059	0.068	0.063	0.031	0.034	0.069	0.054	0.055	0.023	0.078	0.039	0.0	
Chromosome	5671919	A	C	0.095	0.124	0.073	0.133	0.126	0.145	0.183	0.104	0.112	0.127	0.095	0.133	0.071	0.094	0.11	0.078	0.121	0.104	0.196	0.203	0.129	0.1	0.094	0.082	0.109	0.079	0.141	0.131	0.159	0.104	0.14	0.131	0.178	0.109	0.079	0.135	0.053	0.042	0.065	0.086	0.092	0.088	0.13	0.134	0.093	0.072	0.088	0.036	0.152	0.167	0.132	0.072	0.177	0.078	0.052	0.149	0.122	0.116	0.068	0.11	0.103	0.108	0.049	0.092	0.117	0.1	0.082	0.094	0.098	
Chromosome	5672093	T	TTCTGGC	0.003	0.103	0.0	0.0	0.0	0.006	0.0	0.0	0.0	0.0	0.0	0.0	0.0	0.0	0.076	0.0	0.0	0.0	0.0	0.0	0.0	0.0	0.0	0.0	0.0	0.0	0.0	0.0	0.0	0.0	0.0	0.0	0.0	0.0	0.147	0.0	0.0	0.009	0.0	0.003	0.0	0.0	0.099	0.066	0.0	0.003	0.0	0.0	0.0	0.0	0.0	0.0	0.0	0.0	0.0	0.0	0.0	0.0	0.009	0.0	0.0	0.0	0.0	0.0	0.004	0.0	0.003	0.0	0.012	
Chromosome	5693406	T	G,TG	0.009	0.0	0.0	0.024	0.041	0.033	0.029	0.024	0.012	0.019	0.0	0.0	0.0	0.0	0.0	0.014	0.027	0.016	0.013	0.0	0.0	0.007	0.0	0.0	0.0	0.0	0.022	0.0	0.012	0.0	0.0	0.022	0.014	0.008	0.0	0.006	0.0	0.0	0.009	0.005	0.0	0.0	0.0	0.017	0.005	0.0	0.0	0.0	0.007	0.009	0.0	0.0	0.0	0.0	0.0	0.014	0.014	0.005	0.0	0.0	0.0	0.004	0.0	0.0	0.006	0.004	0.014	0.0	0.0	
Chromosome	5693409	C	G	0.205	0.394	0.348	0.524	0.549	0.461	0.455	0.434	0.378	0.37	0.629	0.437	0.0	0.115	0.458	0.42	0.361	0.413	0.286	0.275	0.295	0.238	0.159	0.164	0.525	0.508	0.348	0.316	0.427	0.388	0.347	0.42	0.432	0.374	0.217	0.246	0.267	0.244	0.248	0.23	0.26	0.37	0.408	0.339	0.245	0.208	0.2	0.0	0.291	0.274	0.224	0.0	0.196	0.0	0.21	0.281	0.193	0.258	0.211	0.242	0.238	0.229	0.248	0.239	0.322	0.243	0.225	0.17	0.0	
Chromosome	5807208	G	A	0.01	0.042	0.0	0.0	0.0	0.0	0.0	0.0	0.0	0.0	0.0	0.0	0.0	0.006	0.009	0.0	0.0	0.0	0.0	0.0	0.0	0.035	0.028	0.009	0.034	0.077	0.028	0.0	0.0	0.009	0.007	0.0	0.006	0.0	0.02	0.005	0.015	0.015	0.0	0.0	0.004	0.03	0.006	0.02	0.0	0.011	0.0	0.0	0.0	0.0	0.0	0.0	0.0	0.0	0.0	0.0	0.0	0.008	0.0	0.002	0.0	0.0	0.018	0.006	0.005	0.0	0.003	0.0	0.0	
Chromosome	5807209	T	C	0.01	0.042	0.0	0.007	0.0	0.0	0.0	0.0	0.0	0.0	0.0	0.0	0.0	0.006	0.009	0.0	0.0	0.0	0.0	0.0	0.0	0.035	0.029	0.009	0.035	0.079	0.029	0.0	0.0	0.009	0.006	0.0	0.006	0.0	0.02	0.005	0.015	0.015	0.004	0.0	0.004	0.031	0.006	0.02	0.0	0.011	0.0	0.0	0.006	0.0	0.0	0.0	0.0	0.0	0.0	0.0	0.0	0.008	0.0	0.002	0.0	0.0	0.018	0.006	0.004	0.0	0.003	0.0	0.0	
Chromosome	5812441	C	CGGGG	0.0	0.007	0.0	0.0	0.0	0.0	0.0	0.0	0.021	0.0	0.042	0.0	0.0	0.0	0.0	0.0	0.0	0.0	0.0	0.0	0.0	0.0	0.0	0.0	0.0	0.0	0.0	0.0	0.0	0.0	0.0	0.0	0.0	0.0	0.0	0.0	0.0	0.0	0.0	0.0	0.0	0.0	0.009	0.0	0.0	0.0	0.0	0.0	0.008	0.0	0.0	0.0	0.0	0.0	0.0	0.0	0.0	0.0	0.0	0.0	0.0	0.0	0.0	0.0	0.0	0.0	0.0	0.0	0.0	
Chromosome	5812443	T	G	0.097	0.061	0.143	0.07	0.104	0.131	0.119	0.175	0.234	0.184	0.12	0.015	0.0	0.0	0.162	0.158	0.062	0.056	0.12	0.118	0.115	0.028	0.034	0.016	0.038	0.051	0.204	0.074	0.197	0.106	0.122	0.211	0.167	0.022	0.03	0.024	0.024	0.008	0.063	0.071	0.006	0.02	0.046	0.161	0.097	0.07	0.062	0.0	0.081	0.115	0.108	0.015	0.097	0.0	0.032	0.118	0.074	0.065	0.072	0.073	0.099	0.031	0.026	0.018	0.102	0.097	0.073	0.075	0.0	
Chromosome	5812445	C	G	0.335	0.715	0.327	0.483	0.413	0.508	0.293	0.429	0.479	0.487	0.583	0.681	0.0	0.425	0.324	0.421	0.34	0.553	0.421	0.429	0.43	0.491	0.487	0.472	0.644	0.607	0.481	0.34	0.448	0.383	0.383	0.491	0.458	0.602	0.504	0.531	0.593	0.504	0.367	0.358	0.452	0.66	0.68	0.407	0.392	0.362	0.337	0.0	0.382	0.446	0.398	0.007	0.391	0.0	0.649	0.396	0.415	0.394	0.402	0.374	0.399	0.323	0.375	0.532	0.444	0.292	0.385	0.383	0.0	
Chromosome	5812482	A	C	0.256	0.381	0.362	0.365	0.422	0.321	0.273	0.357	0.362	0.512	0.263	0.417	0.0	0.248	0.364	0.286	0.176	0.433	0.274	0.256	0.256	0.232	0.276	0.298	0.516	0.469	0.357	0.236	0.3	0.447	0.264	0.375	0.394	0.43	0.339	0.29	0.267	0.379	0.224	0.271	0.217	0.482	0.423	0.312	0.243	0.243	0.247	0.006	0.34	0.26	0.306	0.036	0.263	0.006	0.41	0.374	0.302	0.23	0.234	0.25	0.252	0.225	0.308	0.432	0.394	0.266	0.202	0.209	0.007	
Chromosome	5837296	A	G	0.003	0.039	0.0	0.0	0.0	0.0	0.0	0.0	0.0	0.007	0.0	0.0	0.0	0.0	0.0	0.0	0.0	0.0	0.009	0.006	0.0	0.035	0.02	0.008	0.009	0.045	0.02	0.0	0.006	0.0	0.0	0.0	0.014	0.009	0.011	0.0	0.026	0.029	0.0	0.0	0.0	0.006	0.009	0.041	0.006	0.0	0.0	0.0	0.0	0.0	0.0	0.007	0.005	0.0	0.0	0.0	0.0	0.0	0.005	0.0	0.005	0.0	0.0	0.01	0.004	0.0	0.0	0.0	0.0	
Chromosome	5837297	C	T	0.003	0.039	0.0	0.0	0.0	0.0	0.0	0.0	0.0	0.0	0.0	0.0	0.0	0.0	0.0	0.0	0.0	0.0	0.009	0.006	0.0	0.035	0.021	0.004	0.009	0.045	0.02	0.0	0.0	0.009	0.0	0.0	0.014	0.009	0.011	0.0	0.026	0.029	0.0	0.0	0.0	0.006	0.009	0.029	0.006	0.0	0.0	0.0	0.0	0.0	0.005	0.0	0.0	0.0	0.0	0.0	0.0	0.0	0.007	0.0	0.005	0.0	0.0	0.01	0.004	0.0	0.0	0.0	0.0	
Chromosome	5939320	T	G	0.13	0.139	0.258	0.238	0.256	0.282	0.267	0.221	0.256	0.246	0.163	0.137	0.0	0.047	0.221	0.192	0.246	0.157	0.178	0.21	0.187	0.179	0.155	0.148	0.159	0.106	0.252	0.262	0.273	0.221	0.245	0.23	0.234	0.155	0.134	0.145	0.122	0.11	0.137	0.132	0.077	0.106	0.153	0.19	0.148	0.139	0.122	0.0	0.177	0.216	0.167	0.0	0.216	0.0	0.156	0.201	0.121	0.145	0.154	0.108	0.177	0.119	0.104	0.112	0.158	0.131	0.159	0.092	0.0	
Chromosome	6065279	A	C	0.132	0.181	0.198	0.196	0.284	0.145	0.16	0.215	0.28	0.21	0.2	0.21	0.0	0.092	0.213	0.229	0.288	0.165	0.171	0.211	0.178	0.14	0.127	0.136	0.215	0.134	0.203	0.27	0.198	0.23	0.222	0.204	0.207	0.184	0.102	0.126	0.117	0.118	0.119	0.136	0.049	0.166	0.196	0.177	0.13	0.136	0.117	0.0	0.129	0.199	0.181	0.0	0.173	0.0	0.161	0.157	0.11	0.107	0.121	0.152	0.167	0.17	0.132	0.108	0.122	0.111	0.13	0.125	0.0	
Chromosome	6075172	A	C	0.13	0.328	0.314	0.188	0.24	0.219	0.222	0.26	0.152	0.232	0.341	0.333	0.006	0.133	0.18	0.25	0.229	0.3	0.239	0.237	0.211	0.198	0.181	0.189	0.258	0.344	0.211	0.317	0.211	0.241	0.17	0.197	0.258	0.253	0.241	0.213	0.235	0.195	0.18	0.16	0.2	0.299	0.322	0.286	0.152	0.187	0.184	0.006	0.285	0.252	0.289	0.0	0.254	0.007	0.296	0.24	0.184	0.16	0.143	0.155	0.168	0.176	0.206	0.226	0.167	0.176	0.148	0.163	0.0	
Chromosome	6135889	T	G	0.068	0.166	0.274	0.24	0.203	0.239	0.27	0.183	0.2	0.227	0.194	0.173	0.006	0.045	0.228	0.201	0.267	0.148	0.14	0.163	0.132	0.118	0.12	0.104	0.127	0.141	0.179	0.236	0.245	0.292	0.219	0.175	0.139	0.158	0.108	0.13	0.168	0.131	0.068	0.057	0.079	0.151	0.15	0.174	0.062	0.082	0.079	0.0	0.162	0.145	0.147	0.016	0.134	0.0	0.105	0.157	0.098	0.069	0.092	0.066	0.11	0.081	0.136	0.144	0.178	0.095	0.071	0.067	0.007	
Chromosome	6135898	A	C	0.048	0.148	0.24	0.247	0.262	0.245	0.261	0.254	0.178	0.265	0.162	0.138	0.006	0.038	0.276	0.254	0.287	0.133	0.132	0.151	0.101	0.114	0.079	0.117	0.14	0.126	0.133	0.25	0.295	0.341	0.252	0.239	0.123	0.168	0.084	0.066	0.092	0.075	0.048	0.046	0.042	0.154	0.12	0.109	0.054	0.073	0.048	0.0	0.145	0.132	0.119	0.0	0.119	0.0	0.044	0.122	0.078	0.059	0.039	0.047	0.044	0.054	0.101	0.084	0.135	0.045	0.065	0.061	0.0	
Chromosome	6162249	C	G	0.112	0.175	0.155	0.225	0.205	0.152	0.12	0.145	0.216	0.174	0.371	0.226	0.056	0.076	0.087	0.159	0.145	0.298	0.183	0.179	0.158	0.136	0.122	0.13	0.162	0.247	0.116	0.169	0.156	0.07	0.062	0.13	0.15	0.198	0.131	0.118	0.143	0.136	0.126	0.103	0.123	0.193	0.136	0.16	0.134	0.093	0.108	0.048	0.142	0.163	0.148	0.069	0.204	0.081	0.206	0.172	0.11	0.138	0.124	0.1	0.118	0.101	0.134	0.108	0.147	0.121	0.112	0.123	0.062	
Chromosome	6255217	A	G	0.094	0.137	0.244	0.227	0.176	0.212	0.194	0.278	0.255	0.194	0.163	0.179	0.0	0.036	0.14	0.134	0.135	0.147	0.118	0.149	0.154	0.106	0.067	0.087	0.179	0.247	0.168	0.232	0.221	0.16	0.2	0.13	0.239	0.163	0.079	0.123	0.121	0.095	0.064	0.087	0.052	0.176	0.203	0.205	0.116	0.101	0.114	0.0	0.186	0.148	0.119	0.0	0.172	0.0	0.136	0.14	0.097	0.084	0.115	0.082	0.084	0.106	0.11	0.102	0.215	0.128	0.108	0.113	0.0	
Chromosome	6255220	T	G	0.142	0.097	0.256	0.326	0.183	0.301	0.25	0.307	0.328	0.259	0.128	0.115	0.0	0.103	0.232	0.268	0.283	0.103	0.22	0.176	0.2	0.15	0.105	0.096	0.14	0.192	0.245	0.282	0.277	0.226	0.242	0.167	0.265	0.144	0.108	0.107	0.109	0.103	0.121	0.151	0.09	0.15	0.131	0.28	0.19	0.135	0.165	0.0	0.287	0.191	0.222	0.0	0.239	0.006	0.091	0.223	0.141	0.165	0.145	0.145	0.146	0.14	0.102	0.118	0.222	0.133	0.139	0.18	0.0	
Chromosome	6292531	A	G	0.0	0.033	0.0	0.0	0.0	0.0	0.0	0.0	0.0	0.0	0.0	0.0	0.0	0.0	0.0	0.0	0.0	0.0	0.0	0.0	0.0	0.0	0.018	0.012	0.018	0.023	0.0	0.0	0.006	0.0	0.0	0.005	0.0	0.0	0.0	0.007	0.0	0.0	0.0	0.0	0.006	0.01	0.0	0.004	0.006	0.006	0.0	0.0	0.0	0.0	0.0	0.0	0.0	0.0	0.0	0.0	0.006	0.0	0.006	0.0	0.0	0.0	0.0	0.004	0.0	0.0	0.0	0.0	0.0	
Chromosome	6292532	A	T	0.0	0.033	0.0	0.0	0.0	0.0	0.0	0.0	0.0	0.0	0.0	0.006	0.0	0.0	0.0	0.0	0.0	0.0	0.004	0.0	0.0	0.0	0.018	0.012	0.022	0.023	0.0	0.0	0.0	0.0	0.0	0.0	0.0	0.0	0.0	0.007	0.0	0.0	0.0	0.003	0.006	0.01	0.0	0.004	0.006	0.006	0.0	0.0	0.0	0.0	0.0	0.0	0.0	0.0	0.0	0.0	0.006	0.0	0.006	0.0	0.0	0.0	0.0	0.004	0.0	0.0	0.0	0.0	0.0	
Chromosome	6292533	C	T	0.0	0.034	0.0	0.0	0.0	0.0	0.0	0.0	0.0	0.0	0.0	0.0	0.0	0.0	0.0	0.0	0.0	0.0	0.0	0.0	0.0	0.0	0.018	0.012	0.023	0.023	0.0	0.0	0.0	0.0	0.0	0.0	0.0	0.0	0.0	0.007	0.0	0.0	0.0	0.0	0.006	0.01	0.0	0.004	0.006	0.006	0.0	0.0	0.0	0.0	0.0	0.0	0.0	0.0	0.0	0.0	0.006	0.0	0.006	0.0	0.0	0.0	0.0	0.004	0.0	0.0	0.0	0.0	0.0	
Chromosome	6322354	T	A	0.0	0.205	0.0	0.0	0.0	0.0	0.0	0.0	0.005	0.0	0.0	0.158	0.0	0.0	0.0	0.0	0.0	0.0	0.004	0.0	0.0	0.0	0.0	0.0	0.0	0.0	0.0	0.0	0.0	0.0	0.0	0.0	0.0	0.0	0.0	0.0	0.0	0.0	0.0	0.0	0.0	0.0	0.0	0.0	0.0	0.0	0.0	0.0	0.0	0.0	0.0	0.0	0.0	0.0	0.0	0.0	0.0	0.0	0.0	0.0	0.0	0.003	0.0	0.0	0.0	0.003	0.0	0.0	0.0	
Chromosome	6333651	G	C	0.006	0.034	0.0	0.0	0.0	0.0	0.0	0.008	0.0	0.008	0.0	0.0	0.006	0.0	0.0	0.0	0.0	0.017	0.005	0.0	0.0	0.05	0.005	0.008	0.014	0.035	0.02	0.0	0.006	0.0	0.0	0.0	0.015	0.0	0.011	0.012	0.023	0.017	0.004	0.007	0.007	0.015	0.01	0.017	0.0	0.02	0.0	0.0	0.0	0.005	0.0	0.0	0.0	0.007	0.0	0.0	0.007	0.003	0.004	0.0	0.0	0.004	0.0	0.009	0.012	0.004	0.0	0.003	0.0	
Chromosome	6333652	G	C	0.006	0.034	0.0	0.0	0.0	0.0	0.0	0.0	0.0	0.0	0.0	0.0	0.0	0.0	0.0	0.0	0.0	0.021	0.005	0.0	0.0	0.05	0.005	0.008	0.014	0.035	0.021	0.0	0.0	0.0	0.0	0.0	0.015	0.0	0.011	0.012	0.024	0.017	0.004	0.007	0.007	0.015	0.01	0.017	0.003	0.02	0.0	0.0	0.0	0.005	0.0	0.0	0.0	0.0	0.0	0.0	0.007	0.003	0.002	0.003	0.0	0.0	0.0	0.009	0.012	0.0	0.0	0.0	0.0	
Chromosome	6410346	A	C	0.147	0.124	0.206	0.202	0.167	0.19	0.215	0.22	0.219	0.23	0.179	0.17	0.0	0.031	0.272	0.259	0.222	0.14	0.13	0.141	0.123	0.071	0.07	0.095	0.133	0.115	0.148	0.189	0.214	0.157	0.252	0.243	0.191	0.137	0.074	0.066	0.071	0.097	0.128	0.124	0.037	0.149	0.178	0.215	0.067	0.12	0.101	0.01	0.152	0.149	0.145	0.0	0.177	0.0	0.038	0.197	0.118	0.108	0.119	0.12	0.103	0.104	0.079	0.074	0.147	0.105	0.128	0.121	0.006	
Chromosome	6410351	G	C	0.043	0.152	0.186	0.139	0.129	0.132	0.134	0.083	0.159	0.163	0.255	0.141	0.0	0.008	0.171	0.217	0.145	0.099	0.07	0.072	0.104	0.071	0.063	0.068	0.182	0.159	0.099	0.121	0.107	0.093	0.142	0.153	0.121	0.143	0.08	0.045	0.039	0.055	0.043	0.057	0.022	0.165	0.176	0.148	0.051	0.05	0.037	0.0	0.076	0.091	0.071	0.0	0.081	0.006	0.077	0.035	0.058	0.056	0.052	0.056	0.048	0.037	0.044	0.031	0.053	0.05	0.057	0.056	0.006	
Chromosome	6422174	A	G	0.003	0.039	0.0	0.0	0.0	0.0	0.0	0.0	0.0	0.008	0.0	0.0	0.013	0.0	0.0	0.0	0.0	0.0	0.0	0.0	0.0	0.019	0.005	0.0	0.006	0.0	0.01	0.0	0.006	0.0	0.0	0.0	0.005	0.01	0.0	0.0	0.005	0.0	0.004	0.0	0.0	0.019	0.0	0.01	0.0	0.0	0.0	0.005	0.0	0.0	0.0	0.007	0.0	0.0	0.0	0.0	0.0	0.0	0.0	0.003	0.0	0.0	0.005	0.0	0.0	0.0	0.0	0.0	0.008	
Chromosome	6422175	C	G	0.003	0.043	0.0	0.0	0.008	0.0	0.0	0.0	0.0	0.008	0.0	0.0	0.006	0.0	0.0	0.0	0.0	0.0	0.0	0.0	0.005	0.019	0.005	0.0	0.006	0.0	0.01	0.0	0.006	0.0	0.0	0.0	0.005	0.01	0.0	0.0	0.005	0.005	0.004	0.0	0.0	0.019	0.0	0.01	0.0	0.0	0.0	0.0	0.0	0.0	0.0	0.0	0.0	0.0	0.0	0.0	0.0	0.0	0.0	0.0	0.0	0.0	0.005	0.0	0.0	0.0	0.0	0.0	0.0	
Chromosome	6422176	C	T	0.003	0.043	0.0	0.0	0.0	0.0	0.0	0.0	0.0	0.0	0.0	0.0	0.0	0.0	0.0	0.0	0.0	0.0	0.0	0.0	0.0	0.019	0.005	0.0	0.006	0.0	0.01	0.0	0.006	0.0	0.0	0.0	0.005	0.01	0.0	0.0	0.005	0.0	0.004	0.0	0.0	0.019	0.0	0.01	0.0	0.0	0.0	0.0	0.0	0.0	0.0	0.0	0.0	0.007	0.0	0.0	0.0	0.0	0.0	0.0	0.0	0.0	0.005	0.0	0.0	0.0	0.0	0.0	0.0	
Chromosome	6478685	A	C	0.196	0.156	0.381	0.328	0.321	0.281	0.305	0.347	0.242	0.275	0.207	0.182	0.006	0.075	0.308	0.234	0.303	0.186	0.19	0.206	0.228	0.095	0.197	0.159	0.216	0.183	0.222	0.247	0.26	0.229	0.223	0.165	0.246	0.237	0.179	0.126	0.126	0.163	0.175	0.199	0.13	0.181	0.195	0.29	0.185	0.137	0.164	0.0	0.264	0.231	0.275	0.006	0.311	0.006	0.112	0.224	0.193	0.151	0.169	0.205	0.121	0.153	0.144	0.107	0.239	0.156	0.177	0.144	0.0	
Chromosome	6478702	A	C	0.165	0.273	0.347	0.32	0.324	0.312	0.315	0.296	0.268	0.261	0.222	0.224	0.005	0.067	0.328	0.224	0.229	0.262	0.273	0.219	0.215	0.16	0.17	0.169	0.228	0.167	0.173	0.264	0.313	0.289	0.181	0.205	0.216	0.255	0.147	0.168	0.198	0.167	0.116	0.158	0.13	0.234	0.237	0.259	0.131	0.136	0.102	0.005	0.226	0.227	0.246	0.0	0.298	0.0	0.123	0.2	0.152	0.139	0.142	0.154	0.117	0.124	0.164	0.186	0.224	0.088	0.134	0.114	0.007	
Chromosome	6497017	G	GGCGTGGC	0.365	0.097	0.231	0.061	0.216	0.128	0.197	0.107	0.062	0.182	0.057	0.045	0.2	0.309	0.129	0.183	0.186	0.023	0.287	0.343	0.244	0.111	0.1	0.197	0.07	0.062	0.149	0.118	0.188	0.18	0.222	0.136	0.178	0.018	0.137	0.114	0.11	0.091	0.386	0.305	0.073	0.037	0.057	0.193	0.386	0.338	0.359	0.218	0.333	0.256	0.313	0.186	0.299	0.226	0.062	0.309	0.358	0.382	0.356	0.343	0.312	0.372	0.144	0.196	0.222	0.422	0.4	0.33	0.199	
Chromosome	6501291	C	G	0.217	0.286	0.176	0.252	0.217	0.184	0.267	0.198	0.158	0.284	0.348	0.292	0.051	0.25	0.211	0.201	0.196	0.331	0.28	0.243	0.194	0.263	0.18	0.253	0.272	0.347	0.213	0.212	0.205	0.214	0.209	0.226	0.284	0.329	0.273	0.211	0.262	0.28	0.235	0.218	0.213	0.276	0.274	0.246	0.231	0.164	0.154	0.062	0.277	0.245	0.315	0.076	0.253	0.06	0.246	0.277	0.149	0.199	0.228	0.185	0.241	0.189	0.258	0.275	0.211	0.219	0.183	0.242	0.014	
Chromosome	6635085	C	G	0.281	0.348	0.287	0.329	0.252	0.324	0.285	0.256	0.287	0.322	0.4	0.313	0.0	0.111	0.275	0.194	0.256	0.295	0.302	0.343	0.344	0.325	0.306	0.258	0.372	0.354	0.227	0.372	0.266	0.339	0.24	0.28	0.266	0.322	0.313	0.292	0.281	0.333	0.271	0.257	0.255	0.343	0.283	0.224	0.247	0.248	0.291	0.0	0.322	0.314	0.263	0.0	0.313	0.006	0.373	0.284	0.25	0.289	0.257	0.304	0.261	0.288	0.324	0.332	0.26	0.28	0.274	0.286	0.006	
Chromosome	6687534	G	C	0.133	0.324	0.221	0.204	0.312	0.252	0.179	0.247	0.269	0.253	0.392	0.435	0.004	0.108	0.237	0.316	0.244	0.351	0.147	0.223	0.186	0.228	0.228	0.236	0.429	0.451	0.233	0.337	0.211	0.293	0.276	0.233	0.215	0.436	0.18	0.23	0.177	0.179	0.13	0.172	0.205	0.362	0.419	0.246	0.142	0.13	0.161	0.0	0.233	0.21	0.214	0.0	0.238	0.0	0.291	0.185	0.125	0.16	0.165	0.161	0.182	0.155	0.168	0.211	0.19	0.12	0.163	0.191	0.0	
Chromosome	6689709	A	C	0.17	0.317	0.248	0.32	0.288	0.248	0.261	0.234	0.252	0.263	0.431	0.373	0.008	0.117	0.236	0.26	0.272	0.328	0.265	0.239	0.282	0.303	0.246	0.215	0.327	0.351	0.283	0.286	0.292	0.307	0.307	0.265	0.297	0.298	0.251	0.257	0.265	0.2	0.216	0.153	0.217	0.341	0.382	0.294	0.234	0.219	0.222	0.009	0.214	0.252	0.259	0.005	0.341	0.01	0.217	0.247	0.216	0.186	0.185	0.193	0.261	0.21	0.243	0.261	0.218	0.214	0.187	0.197	0.0	
Chromosome	6778451	T	A	0.231	0.188	0.202	0.194	0.181	0.16	0.152	0.219	0.211	0.164	0.206	0.12	0.0	0.236	0.227	0.189	0.231	0.142	0.185	0.153	0.211	0.196	0.209	0.183	0.23	0.196	0.257	0.206	0.159	0.182	0.186	0.284	0.204	0.174	0.176	0.233	0.218	0.208	0.263	0.252	0.286	0.208	0.19	0.176	0.241	0.287	0.263	0.0	0.16	0.224	0.202	0.0	0.171	0.0	0.224	0.188	0.245	0.205	0.254	0.216	0.232	0.208	0.181	0.185	0.248	0.246	0.282	0.229	0.0	
Chromosome	6778460	G	C	0.212	0.258	0.297	0.248	0.315	0.241	0.226	0.259	0.266	0.208	0.418	0.265	0.146	0.152	0.338	0.173	0.278	0.264	0.234	0.211	0.276	0.235	0.201	0.232	0.358	0.265	0.246	0.25	0.16	0.228	0.245	0.333	0.237	0.235	0.218	0.175	0.237	0.224	0.211	0.207	0.267	0.292	0.239	0.268	0.248	0.245	0.258	0.089	0.212	0.275	0.257	0.149	0.235	0.18	0.243	0.284	0.281	0.258	0.229	0.238	0.255	0.228	0.238	0.203	0.283	0.266	0.236	0.237	0.13	
Chromosome	6778464	T	A	0.138	0.094	0.053	0.105	0.146	0.081	0.09	0.128	0.137	0.075	0.036	0.052	0.0	0.078	0.169	0.114	0.168	0.065	0.109	0.075	0.099	0.069	0.088	0.107	0.138	0.047	0.148	0.063	0.105	0.148	0.07	0.135	0.134	0.08	0.075	0.09	0.066	0.068	0.155	0.155	0.128	0.069	0.057	0.125	0.168	0.179	0.176	0.0	0.108	0.132	0.08	0.0	0.102	0.0	0.099	0.071	0.18	0.153	0.146	0.127	0.182	0.149	0.078	0.09	0.131	0.145	0.161	0.145	0.0	
Chromosome	6791609	G	C	0.122	0.268	0.338	0.289	0.223	0.275	0.216	0.206	0.257	0.262	0.357	0.253	0.0	0.073	0.221	0.23	0.241	0.234	0.179	0.185	0.14	0.135	0.142	0.139	0.278	0.276	0.224	0.245	0.281	0.204	0.257	0.23	0.249	0.259	0.148	0.125	0.128	0.14	0.135	0.093	0.116	0.262	0.259	0.219	0.102	0.112	0.119	0.0	0.155	0.178	0.155	0.0	0.138	0.0	0.182	0.126	0.103	0.133	0.138	0.125	0.138	0.142	0.077	0.136	0.193	0.102	0.136	0.122	0.0	
Chromosome	6869289	T	G	0.16	0.14	0.194	0.211	0.192	0.223	0.245	0.165	0.226	0.279	0.25	0.191	0.0	0.08	0.201	0.159	0.192	0.123	0.185	0.232	0.236	0.115	0.135	0.133	0.136	0.137	0.143	0.227	0.258	0.224	0.19	0.246	0.192	0.199	0.118	0.08	0.133	0.132	0.196	0.178	0.126	0.144	0.107	0.201	0.168	0.158	0.208	0.0	0.235	0.195	0.21	0.0	0.265	0.009	0.096	0.223	0.141	0.135	0.18	0.183	0.155	0.206	0.114	0.111	0.207	0.147	0.142	0.172	0.0	
Chromosome	6912436	A	C	0.063	0.114	0.058	0.117	0.122	0.092	0.091	0.122	0.118	0.112	0.125	0.078	0.005	0.03	0.068	0.066	0.103	0.089	0.121	0.102	0.097	0.086	0.089	0.052	0.119	0.067	0.095	0.122	0.141	0.112	0.106	0.173	0.103	0.095	0.063	0.064	0.067	0.057	0.082	0.054	0.051	0.077	0.068	0.106	0.079	0.054	0.075	0.018	0.098	0.094	0.09	0.011	0.127	0.0	0.044	0.091	0.059	0.085	0.062	0.043	0.072	0.072	0.043	0.059	0.076	0.042	0.043	0.06	0.006	
Chromosome	6913446	T	G	0.158	0.145	0.113	0.233	0.25	0.175	0.205	0.175	0.207	0.275	0.016	0.125	0.0	0.117	0.162	0.122	0.196	0.15	0.167	0.142	0.164	0.122	0.108	0.139	0.112	0.121	0.151	0.16	0.159	0.201	0.175	0.225	0.139	0.122	0.154	0.139	0.151	0.138	0.186	0.143	0.159	0.161	0.16	0.191	0.175	0.162	0.237	0.005	0.154	0.189	0.178	0.005	0.209	0.0	0.089	0.201	0.128	0.146	0.146	0.175	0.186	0.198	0.145	0.158	0.154	0.235	0.183	0.19	0.005	
Chromosome	6923330	T	G	0.29	0.437	0.339	0.411	0.474	0.417	0.493	0.376	0.471	0.507	0.588	0.413	0.0	0.253	0.352	0.347	0.411	0.365	0.397	0.421	0.319	0.333	0.374	0.324	0.472	0.587	0.472	0.467	0.396	0.397	0.383	0.427	0.39	0.423	0.307	0.372	0.351	0.382	0.258	0.264	0.271	0.46	0.412	0.466	0.31	0.292	0.261	0.0	0.392	0.372	0.322	0.0	0.42	0.006	0.265	0.283	0.261	0.294	0.261	0.261	0.3	0.279	0.36	0.294	0.352	0.236	0.273	0.232	0.014	
Chromosome	6923335	A	C	0.23	0.279	0.193	0.284	0.285	0.279	0.267	0.26	0.254	0.292	0.273	0.329	0.01	0.167	0.234	0.256	0.336	0.232	0.278	0.272	0.238	0.218	0.259	0.206	0.286	0.424	0.346	0.358	0.269	0.266	0.289	0.295	0.29	0.264	0.244	0.278	0.245	0.262	0.218	0.217	0.208	0.327	0.244	0.268	0.226	0.219	0.207	0.0	0.328	0.267	0.236	0.01	0.306	0.0	0.144	0.213	0.23	0.25	0.221	0.233	0.221	0.207	0.252	0.207	0.223	0.18	0.201	0.24	0.007	
Chromosome	6923341	A	C	0.214	0.196	0.184	0.259	0.301	0.315	0.324	0.258	0.296	0.358	0.256	0.187	0.0	0.074	0.236	0.254	0.324	0.235	0.237	0.226	0.27	0.153	0.106	0.121	0.229	0.2	0.292	0.325	0.274	0.226	0.287	0.249	0.286	0.158	0.146	0.105	0.158	0.147	0.135	0.148	0.098	0.25	0.206	0.241	0.175	0.178	0.203	0.005	0.244	0.272	0.234	0.016	0.305	0.0	0.129	0.2	0.204	0.193	0.187	0.218	0.216	0.204	0.145	0.146	0.206	0.173	0.194	0.206	0.006	
Chromosome	6954058	A	C	0.09	0.116	0.143	0.141	0.179	0.106	0.149	0.132	0.129	0.215	0.016	0.093	0.005	0.026	0.155	0.186	0.101	0.092	0.112	0.135	0.146	0.091	0.078	0.059	0.105	0.075	0.128	0.147	0.09	0.182	0.132	0.156	0.115	0.071	0.048	0.089	0.08	0.074	0.047	0.063	0.031	0.091	0.087	0.114	0.074	0.068	0.058	0.014	0.101	0.128	0.108	0.0	0.091	0.0	0.061	0.153	0.079	0.043	0.079	0.073	0.082	0.074	0.041	0.073	0.073	0.081	0.036	0.054	0.0	
Chromosome	6954061	T	G	0.054	0.121	0.186	0.156	0.194	0.148	0.131	0.102	0.128	0.221	0.143	0.099	0.0	0.025	0.179	0.156	0.113	0.081	0.112	0.12	0.129	0.065	0.076	0.033	0.117	0.153	0.127	0.162	0.168	0.162	0.16	0.159	0.122	0.096	0.069	0.07	0.086	0.084	0.033	0.063	0.048	0.12	0.087	0.144	0.092	0.057	0.045	0.0	0.105	0.083	0.11	0.0	0.112	0.0	0.059	0.122	0.061	0.036	0.05	0.078	0.067	0.039	0.052	0.061	0.06	0.069	0.044	0.047	0.006	
Chromosome	6966411	G	C	0.226	0.422	0.277	0.591	0.476	0.415	0.41	0.481	0.416	0.452	0.19	0.218	0.006	0.093	0.455	0.324	0.42	0.345	0.297	0.298	0.303	0.289	0.165	0.26	0.397	0.44	0.375	0.434	0.404	0.356	0.355	0.466	0.365	0.355	0.268	0.212	0.231	0.321	0.278	0.259	0.185	0.427	0.435	0.319	0.317	0.265	0.198	0.0	0.309	0.349	0.286	0.0	0.306	0.0	0.301	0.286	0.268	0.264	0.215	0.261	0.257	0.206	0.266	0.256	0.3	0.225	0.223	0.246	0.0	
