chromosome	pos	ref	mut	APAW	MockG	MockA	MockB	MockC	MockD	MockE	MockF	MockH	MockI	MockJ	MockK	MockL	Ana1	BedA	BedB	BedC	BedD	CipA	CipB	CipC	CLFA	CLFB	CLFC	CombA2	CombA3	CombA	CombAu1	CombAu3	CombAu5	CombB	CombC	CycloA	CycloB	CycloC	EMBA	EMBB	EMBC	INH1	INH2	INHA	LzdA	LzdB	LzdC	M91	M92	M9B	MA_F1	MA_F2	MA_F3	MA_H1	MA_H2	MA_H3	MA_S1	MA_S2	MA_S3	MMCA	MMCB	MMCC	NANOA	NANOB	NANOC	RIFA	RIFB	RIFC	UV1	UV2	UV3	WT_Msm
Chromosome	35052	T	A	0.163	0.392	0.289	0.279	0.258	0.315	0.289	0.326	0.299	0.25	0.2	0.169	0.0	0.091	0.242	0.257	0.277	0.177	0.232	0.177	0.209	0.115	0.113	0.073	0.151	0.184	0.247	0.289	0.267	0.205	0.29	0.208	0.368	0.175	0.083	0.108	0.181	0.104	0.218	0.185	0.139	0.147	0.169	0.329	0.221	0.211	0.163	0.0	0.26	0.183	0.219	0.0	0.192	0.0	0.12	0.241	0.185	0.197	0.212	0.206	0.186	0.142	0.125	0.073	0.244	0.153	0.224	0.168	0.0	
Chromosome	65001	A	C	0.148	0.387	0.345	0.429	0.337	0.325	0.398	0.336	0.371	0.324	0.272	0.256	0.0	0.099	0.358	0.298	0.298	0.303	0.251	0.247	0.336	0.211	0.201	0.171	0.294	0.235	0.371	0.396	0.439	0.471	0.317	0.361	0.23	0.254	0.219	0.232	0.221	0.235	0.163	0.164	0.131	0.226	0.254	0.251	0.248	0.182	0.174	0.0	0.255	0.25	0.265	0.007	0.304	0.0	0.172	0.219	0.208	0.158	0.185	0.119	0.196	0.172	0.242	0.174	0.21	0.17	0.17	0.152	0.0	
Chromosome	202859	T	G	0.083	0.275	0.26	0.241	0.241	0.266	0.281	0.199	0.281	0.2	0.196	0.23	0.005	0.051	0.274	0.259	0.214	0.199	0.119	0.11	0.157	0.151	0.094	0.058	0.216	0.256	0.359	0.195	0.268	0.15	0.217	0.226	0.162	0.214	0.104	0.1	0.095	0.139	0.104	0.087	0.097	0.212	0.208	0.194	0.071	0.081	0.095	0.0	0.177	0.09	0.147	0.006	0.184	0.0	0.16	0.145	0.11	0.102	0.108	0.089	0.13	0.089	0.103	0.143	0.131	0.089	0.077	0.063	0.013	
Chromosome	418447	A	C	0.081	0.129	0.086	0.073	0.107	0.09	0.042	0.087	0.082	0.052	0.084	0.104	0.01	0.048	0.094	0.096	0.048	0.054	0.118	0.079	0.054	0.13	0.085	0.101	0.092	0.093	0.11	0.099	0.052	0.057	0.091	0.08	0.108	0.088	0.098	0.073	0.083	0.089	0.062	0.058	0.052	0.098	0.111	0.074	0.076	0.069	0.057	0.0	0.044	0.062	0.127	0.005	0.064	0.0	0.095	0.059	0.052	0.076	0.06	0.072	0.059	0.082	0.081	0.089	0.077	0.069	0.069	0.065	0.0	
Chromosome	419998	A	C	0.022	0.155	0.125	0.154	0.078	0.15	0.097	0.076	0.142	0.051	0.119	0.102	0.0	0.034	0.108	0.109	0.104	0.076	0.07	0.062	0.063	0.032	0.049	0.038	0.081	0.118	0.089	0.145	0.122	0.118	0.178	0.096	0.075	0.049	0.033	0.033	0.024	0.049	0.017	0.03	0.017	0.075	0.067	0.086	0.013	0.024	0.015	0.005	0.042	0.052	0.065	0.0	0.046	0.005	0.058	0.051	0.019	0.028	0.015	0.02	0.03	0.017	0.026	0.021	0.04	0.009	0.007	0.019	0.0	
Chromosome	439676	A	T	0.056	0.199	0.124	0.189	0.128	0.146	0.158	0.157	0.165	0.074	0.07	0.056	0.0	0.029	0.104	0.122	0.173	0.052	0.128	0.082	0.119	0.047	0.023	0.043	0.039	0.062	0.159	0.141	0.135	0.122	0.133	0.177	0.142	0.036	0.01	0.026	0.03	0.039	0.045	0.076	0.038	0.053	0.041	0.134	0.061	0.056	0.056	0.0	0.123	0.075	0.117	0.0	0.129	0.0	0.024	0.114	0.065	0.039	0.052	0.082	0.044	0.075	0.033	0.016	0.082	0.055	0.062	0.057	0.0	
Chromosome	608993	A	C	0.055	0.089	0.072	0.08	0.046	0.105	0.06	0.089	0.054	0.033	0.062	0.062	0.0	0.068	0.063	0.078	0.04	0.046	0.049	0.059	0.068	0.072	0.069	0.053	0.085	0.144	0.075	0.09	0.051	0.114	0.054	0.047	0.058	0.069	0.077	0.053	0.111	0.05	0.041	0.038	0.057	0.054	0.061	0.063	0.055	0.057	0.043	0.005	0.083	0.075	0.078	0.0	0.052	0.0	0.039	0.04	0.067	0.032	0.053	0.035	0.031	0.039	0.066	0.059	0.071	0.032	0.031	0.05	0.0	
Chromosome	706123	T	G	0.145	0.25	0.219	0.212	0.236	0.263	0.204	0.225	0.253	0.205	0.168	0.171	0.005	0.094	0.195	0.196	0.2	0.155	0.187	0.222	0.226	0.158	0.104	0.112	0.173	0.132	0.2	0.212	0.221	0.237	0.163	0.243	0.209	0.172	0.167	0.155	0.149	0.15	0.167	0.092	0.128	0.159	0.108	0.251	0.16	0.141	0.143	0.0	0.209	0.181	0.209	0.006	0.205	0.005	0.114	0.151	0.106	0.158	0.138	0.139	0.15	0.164	0.11	0.167	0.186	0.162	0.134	0.171	0.007	
Chromosome	767511	T	G	0.095	0.362	0.32	0.345	0.289	0.353	0.321	0.337	0.321	0.194	0.209	0.141	0.0	0.065	0.303	0.325	0.349	0.169	0.213	0.198	0.199	0.099	0.101	0.124	0.179	0.189	0.188	0.359	0.313	0.327	0.331	0.319	0.183	0.134	0.083	0.116	0.078	0.061	0.104	0.067	0.081	0.139	0.126	0.16	0.102	0.126	0.068	0.005	0.185	0.256	0.209	0.0	0.214	0.0	0.098	0.169	0.105	0.064	0.087	0.089	0.079	0.088	0.134	0.049	0.138	0.087	0.086	0.064	0.0	
Chromosome	781261	A	C	0.151	0.313	0.324	0.273	0.209	0.303	0.31	0.207	0.25	0.176	0.096	0.059	0.0	0.034	0.294	0.265	0.252	0.09	0.164	0.228	0.181	0.147	0.089	0.116	0.066	0.074	0.273	0.24	0.229	0.288	0.25	0.352	0.25	0.093	0.113	0.117	0.082	0.146	0.122	0.161	0.089	0.109	0.072	0.171	0.15	0.186	0.12	0.0	0.198	0.188	0.237	0.013	0.212	0.0	0.099	0.174	0.147	0.147	0.145	0.194	0.227	0.123	0.118	0.103	0.176	0.14	0.163	0.145	0.0	
Chromosome	1385245	A	C	0.089	0.198	0.154	0.137	0.14	0.131	0.114	0.135	0.075	0.186	0.132	0.158	0.0	0.083	0.153	0.126	0.137	0.108	0.179	0.161	0.137	0.184	0.178	0.179	0.172	0.167	0.203	0.158	0.089	0.115	0.1	0.134	0.105	0.096	0.155	0.121	0.189	0.165	0.103	0.121	0.082	0.158	0.167	0.164	0.091	0.126	0.105	0.006	0.14	0.172	0.144	0.012	0.157	0.0	0.124	0.121	0.125	0.124	0.099	0.117	0.139	0.103	0.197	0.17	0.174	0.1	0.09	0.115	0.007	
Chromosome	1660698	T	A	0.069	0.1	0.104	0.097	0.069	0.08	0.12	0.135	0.068	0.156	0.083	0.086	0.0	0.028	0.094	0.124	0.061	0.062	0.07	0.088	0.076	0.067	0.038	0.047	0.094	0.098	0.155	0.109	0.072	0.118	0.088	0.093	0.084	0.04	0.03	0.029	0.052	0.042	0.028	0.045	0.077	0.081	0.059	0.066	0.054	0.064	0.049	0.0	0.069	0.062	0.068	0.0	0.078	0.0	0.086	0.034	0.048	0.064	0.054	0.059	0.037	0.052	0.042	0.027	0.033	0.066	0.059	0.05	0.0	
Chromosome	1756627	T	G	0.135	0.252	0.257	0.2	0.134	0.205	0.272	0.225	0.211	0.125	0.045	0.109	0.006	0.048	0.225	0.149	0.21	0.097	0.142	0.17	0.136	0.126	0.139	0.101	0.108	0.082	0.211	0.201	0.176	0.201	0.218	0.148	0.152	0.061	0.101	0.099	0.1	0.115	0.094	0.092	0.077	0.099	0.086	0.184	0.128	0.11	0.079	0.005	0.177	0.178	0.104	0.007	0.155	0.006	0.086	0.165	0.108	0.112	0.116	0.105	0.115	0.042	0.083	0.083	0.155	0.104	0.104	0.087	0.0	
Chromosome	1762122	A	G	0.0	0.144	0.0	0.0	0.0	0.0	0.0	0.0	0.0	0.0	0.0	0.0	0.0	0.0	0.0	0.0	0.0	0.0	0.0	0.0	0.0	0.0	0.0	0.0	0.004	0.0	0.0	0.0	0.0	0.0	0.0	0.0	0.0	0.0	0.0	0.0	0.0	0.0	0.0	0.003	0.0	0.0	0.0	0.0	0.0	0.0	0.0	0.005	0.0	0.0	0.0	0.0	0.0	0.0	0.0	0.0	0.0	0.0	0.0	0.0	0.0	0.0	0.0	0.0	0.0	0.0	0.0	0.0	0.0	
Chromosome	1777808	T	G	0.136	0.407	0.257	0.379	0.277	0.347	0.309	0.355	0.326	0.425	0.321	0.291	0.014	0.099	0.308	0.231	0.302	0.225	0.17	0.172	0.188	0.197	0.152	0.117	0.255	0.298	0.209	0.274	0.294	0.347	0.333	0.294	0.256	0.269	0.151	0.161	0.188	0.14	0.151	0.125	0.154	0.254	0.219	0.216	0.156	0.201	0.117	0.0	0.273	0.225	0.242	0.0	0.231	0.0	0.195	0.275	0.143	0.2	0.164	0.162	0.16	0.126	0.166	0.14	0.204	0.128	0.145	0.141	0.0	
Chromosome	1777813	T	G	0.226	0.387	0.299	0.314	0.305	0.335	0.327	0.391	0.38	0.273	0.235	0.207	0.0	0.168	0.269	0.253	0.331	0.182	0.259	0.266	0.28	0.226	0.243	0.179	0.185	0.263	0.25	0.276	0.271	0.349	0.337	0.257	0.249	0.19	0.225	0.237	0.221	0.19	0.269	0.273	0.161	0.161	0.168	0.281	0.23	0.259	0.193	0.004	0.286	0.299	0.278	0.0	0.328	0.005	0.206	0.35	0.223	0.335	0.237	0.232	0.204	0.2	0.237	0.182	0.32	0.224	0.23	0.221	0.006	
Chromosome	1777822	T	G	0.193	0.418	0.261	0.348	0.291	0.341	0.337	0.382	0.321	0.111	0.186	0.154	0.0	0.109	0.29	0.243	0.307	0.104	0.21	0.266	0.222	0.133	0.151	0.091	0.098	0.202	0.193	0.238	0.321	0.37	0.333	0.308	0.275	0.113	0.181	0.168	0.156	0.134	0.26	0.219	0.099	0.133	0.114	0.274	0.216	0.218	0.191	0.004	0.282	0.293	0.304	0.0	0.29	0.0	0.133	0.323	0.242	0.278	0.227	0.188	0.196	0.202	0.172	0.126	0.303	0.212	0.2	0.202	0.0	
Chromosome	1927262	C	G	0.0	0.236	0.0	0.0	0.0	0.0	0.0	0.0	0.0	0.0	0.0	0.0	0.0	0.0	0.0	0.0	0.0	0.0	0.004	0.0	0.0	0.0	0.0	0.0	0.0	0.0	0.0	0.0	0.0	0.0	0.0	0.0	0.0	0.0	0.0	0.0	0.0	0.0	0.0	0.003	0.0	0.0	0.0	0.0	0.0	0.0	0.0	0.0	0.0	0.0	0.0	0.006	0.0	0.005	0.0	0.0	0.0	0.0	0.0	0.0	0.0	0.0	0.0	0.0	0.0	0.0	0.0	0.0	0.0	
Chromosome	1977194	T	G	0.047	0.079	0.071	0.041	0.048	0.074	0.04	0.081	0.03	0.139	0.056	0.051	0.0	0.053	0.029	0.043	0.04	0.031	0.062	0.038	0.029	0.075	0.062	0.056	0.058	0.097	0.058	0.049	0.054	0.039	0.057	0.034	0.048	0.041	0.07	0.06	0.03	0.037	0.025	0.017	0.036	0.058	0.054	0.048	0.039	0.032	0.059	0.0	0.063	0.035	0.036	0.011	0.075	0.005	0.08	0.061	0.042	0.031	0.044	0.039	0.051	0.043	0.065	0.025	0.032	0.022	0.021	0.029	0.009	
Chromosome	2097124	C	T	0.0	0.233	0.0	0.0	0.0	0.0	0.0	0.0	0.0	0.0	0.0	0.0	0.0	0.0	0.0	0.0	0.0	0.0	0.0	0.006	0.0	0.0	0.0	0.0	0.0	0.0	0.0	0.0	0.0	0.01	0.0	0.0	0.0	0.0	0.0	0.0	0.0	0.0	0.0	0.0	0.0	0.0	0.0	0.0	0.0	0.0	0.0	0.0	0.0	0.0	0.0	0.0	0.006	0.0	0.0	0.0	0.0	0.0	0.0	0.0	0.0	0.0	0.0	0.0	0.0	0.0	0.0	0.0	0.0	
Chromosome	2154684	A	C	0.121	0.286	0.217	0.227	0.209	0.192	0.223	0.219	0.241	0.346	0.211	0.153	0.0	0.091	0.229	0.244	0.25	0.191	0.211	0.185	0.166	0.17	0.116	0.126	0.193	0.22	0.242	0.335	0.162	0.229	0.196	0.227	0.176	0.184	0.141	0.155	0.101	0.142	0.084	0.077	0.086	0.211	0.224	0.244	0.088	0.105	0.099	0.0	0.181	0.217	0.134	0.013	0.182	0.0	0.093	0.173	0.111	0.089	0.112	0.116	0.13	0.093	0.13	0.135	0.153	0.123	0.096	0.109	0.0	
Chromosome	2195144	T	G	0.142	0.22	0.233	0.247	0.229	0.25	0.221	0.208	0.191	0.147	0.07	0.083	0.0	0.092	0.217	0.177	0.189	0.099	0.226	0.268	0.225	0.162	0.072	0.084	0.129	0.1	0.244	0.254	0.201	0.19	0.203	0.194	0.234	0.093	0.124	0.058	0.129	0.163	0.164	0.174	0.063	0.107	0.083	0.205	0.161	0.17	0.181	0.0	0.202	0.254	0.218	0.006	0.251	0.006	0.068	0.187	0.164	0.145	0.177	0.171	0.199	0.159	0.15	0.156	0.186	0.196	0.16	0.124	0.0	
Chromosome	2224338	G	GGCGTGACGAGGTCAGATGCCGACC	0.512	0.474	0.519	0.613	0.545	0.533	0.591	0.5	0.744	0.562	0.538	0.5	0.354	0.4	0.529	0.452	0.526	0.458	0.51	0.468	0.391	0.508	0.377	0.481	0.48	0.556	0.667	0.582	0.439	0.484	0.55	0.614	0.562	0.453	0.455	0.581	0.577	0.597	0.517	0.567	0.456	0.634	0.483	0.611	0.543	0.571	0.532	0.364	0.571	0.442	0.538	0.204	0.56	0.417	0.537	0.571	0.488	0.536	0.495	0.504	0.531	0.582	0.479	0.5	0.687	0.553	0.574	0.447	0.333	
Chromosome	2355770	A	G	0.115	0.158	0.134	0.413	0.191	0.0	0.0	0.0	0.0	0.0	0.0	0.0	0.0	0.0	0.0	0.0	0.404	0.0	0.0	0.0	0.0	0.0	0.0	0.0	0.0	0.0	0.19	0.0	0.0	0.0	0.091	0.308	0.0	0.0	0.0	0.0	0.0	0.0	0.003	0.0	0.0	0.0	0.0	0.0	0.0	0.0	0.0	0.0	0.0	0.0	0.0	0.013	0.0	0.0	0.0	0.0	0.0	0.0	0.0	0.0	0.0	0.0	0.136	0.0	0.0	0.0	0.0	0.0	0.0	
Chromosome	2579189	A	C	0.173	0.333	0.283	0.34	0.287	0.219	0.263	0.281	0.308	0.238	0.256	0.256	0.0	0.134	0.268	0.276	0.242	0.322	0.271	0.222	0.31	0.219	0.219	0.213	0.261	0.246	0.282	0.237	0.297	0.183	0.206	0.319	0.253	0.25	0.187	0.23	0.232	0.224	0.248	0.226	0.202	0.275	0.243	0.239	0.21	0.225	0.223	0.006	0.273	0.263	0.274	0.0	0.395	0.0	0.226	0.303	0.277	0.259	0.226	0.225	0.219	0.226	0.154	0.254	0.234	0.26	0.238	0.244	0.013	
Chromosome	2648054	T	G	0.09	0.17	0.069	0.128	0.082	0.085	0.056	0.144	0.088	0.098	0.119	0.122	0.0	0.082	0.069	0.076	0.044	0.102	0.064	0.078	0.097	0.133	0.093	0.124	0.102	0.109	0.095	0.041	0.098	0.094	0.085	0.075	0.071	0.087	0.084	0.077	0.083	0.102	0.067	0.052	0.07	0.128	0.1	0.132	0.071	0.078	0.065	0.011	0.099	0.091	0.041	0.0	0.115	0.01	0.135	0.095	0.086	0.065	0.07	0.054	0.048	0.028	0.108	0.066	0.064	0.052	0.057	0.058	0.0	
Chromosome	2693712	C	T	0.0	0.227	0.0	0.0	0.0	0.0	0.007	0.0	0.0	0.0	0.0	0.0	0.0	0.0	0.0	0.0	0.0	0.0	0.0	0.0	0.0	0.0	0.0	0.0	0.0	0.0	0.0	0.0	0.0	0.0	0.0	0.0	0.0	0.0	0.0	0.0	0.0	0.0	0.0	0.0	0.0	0.0	0.0	0.0	0.0	0.0	0.0	0.005	0.0	0.0	0.0	0.0	0.0	0.0	0.0	0.0	0.0	0.0	0.0	0.0	0.0	0.0	0.0	0.0	0.0	0.0	0.0	0.0	0.0	
Chromosome	2794622	A	C	0.105	0.219	0.162	0.188	0.185	0.234	0.217	0.209	0.172	0.319	0.214	0.16	0.0	0.072	0.139	0.187	0.188	0.168	0.172	0.177	0.178	0.088	0.08	0.105	0.192	0.193	0.205	0.198	0.168	0.164	0.145	0.173	0.197	0.249	0.132	0.128	0.111	0.126	0.089	0.105	0.088	0.131	0.144	0.177	0.102	0.077	0.077	0.006	0.188	0.135	0.164	0.0	0.156	0.012	0.123	0.155	0.057	0.105	0.106	0.08	0.072	0.092	0.126	0.114	0.117	0.072	0.086	0.084	0.014	
Chromosome	2798424	A	C	0.102	0.275	0.292	0.258	0.257	0.276	0.262	0.262	0.269	0.295	0.24	0.189	0.006	0.044	0.15	0.145	0.225	0.234	0.195	0.182	0.181	0.159	0.146	0.149	0.211	0.256	0.192	0.213	0.25	0.232	0.263	0.227	0.273	0.179	0.182	0.12	0.15	0.178	0.111	0.124	0.057	0.129	0.237	0.23	0.121	0.131	0.124	0.0	0.181	0.206	0.216	0.0	0.19	0.006	0.113	0.17	0.119	0.089	0.129	0.143	0.116	0.085	0.113	0.171	0.16	0.142	0.13	0.058	0.009	
Chromosome	2812039	A	C	0.073	0.172	0.103	0.1	0.079	0.066	0.095	0.134	0.076	0.111	0.15	0.123	0.0	0.046	0.097	0.103	0.089	0.12	0.106	0.093	0.115	0.08	0.103	0.067	0.087	0.088	0.136	0.072	0.091	0.079	0.087	0.127	0.075	0.1	0.037	0.062	0.076	0.074	0.069	0.07	0.067	0.085	0.132	0.117	0.07	0.044	0.077	0.009	0.121	0.098	0.128	0.0	0.099	0.023	0.066	0.127	0.056	0.071	0.063	0.067	0.075	0.073	0.065	0.074	0.087	0.072	0.047	0.061	0.0	
Chromosome	2838389	T	G	0.099	0.26	0.211	0.171	0.157	0.222	0.147	0.143	0.205	0.161	0.118	0.149	0.0	0.065	0.147	0.19	0.096	0.118	0.142	0.181	0.16	0.122	0.088	0.086	0.088	0.209	0.2	0.159	0.221	0.226	0.186	0.214	0.175	0.118	0.073	0.124	0.137	0.081	0.103	0.106	0.063	0.086	0.155	0.166	0.082	0.097	0.081	0.0	0.15	0.162	0.207	0.0	0.197	0.012	0.069	0.208	0.109	0.106	0.104	0.125	0.11	0.095	0.1	0.093	0.12	0.101	0.081	0.081	0.017	
Chromosome	2952396	T	G	0.089	0.211	0.186	0.203	0.243	0.2	0.145	0.219	0.21	0.182	0.209	0.188	0.0	0.085	0.217	0.175	0.175	0.207	0.18	0.152	0.203	0.18	0.095	0.114	0.259	0.289	0.123	0.199	0.264	0.271	0.257	0.11	0.21	0.172	0.144	0.122	0.151	0.14	0.086	0.082	0.087	0.18	0.169	0.21	0.06	0.105	0.056	0.005	0.139	0.194	0.109	0.0	0.186	0.0	0.096	0.168	0.063	0.09	0.12	0.096	0.073	0.061	0.136	0.102	0.103	0.051	0.091	0.075	0.0	
Chromosome	3230517	A	C	0.197	0.244	0.207	0.274	0.22	0.228	0.229	0.2	0.236	0.0	0.151	0.121	0.0	0.153	0.204	0.193	0.218	0.119	0.22	0.255	0.226	0.075	0.143	0.177	0.103	0.121	0.271	0.225	0.254	0.209	0.215	0.206	0.196	0.097	0.097	0.112	0.172	0.114	0.13	0.192	0.155	0.088	0.086	0.212	0.163	0.185	0.169	0.006	0.216	0.171	0.232	0.0	0.18	0.0	0.075	0.247	0.16	0.164	0.207	0.159	0.159	0.174	0.109	0.154	0.167	0.164	0.144	0.163	0.0	
Chromosome	3402727	G	A	0.0	0.051	0.0	0.014	0.0	0.0	0.0	0.0	0.0	0.0	0.0	0.0	0.0	0.0	0.0	0.0	0.0	0.0	0.0	0.0	0.0	0.0	0.0	0.0	0.0	0.0	0.0	0.0	0.0	0.0	0.0	0.0	0.0	0.0	0.0	0.0	0.0	0.0	0.0	0.0	0.0	0.0	0.0	0.0	0.0	0.0	0.0	0.0	0.0	0.0	0.0	0.0	0.0	0.0	0.0	0.0	0.0	0.0	0.0	0.0	0.0	0.0	0.0	0.0	0.0	0.0	0.0	0.0	0.0	
Chromosome	3479589	T	G	0.003	0.113	0.0	0.0	0.0	0.007	0.0	0.009	0.0	0.0	0.006	0.008	0.0	0.0	0.0	0.0	0.0	0.0	0.0	0.0	0.0	0.0	0.01	0.0	0.0	0.007	0.01	0.0	0.014	0.0	0.0	0.0	0.0	0.0	0.0	0.005	0.004	0.004	0.0	0.004	0.0	0.0	0.0	0.004	0.006	0.003	0.0	0.0	0.0	0.006	0.0	0.0	0.0	0.0	0.005	0.0	0.0	0.0	0.0	0.008	0.003	0.0	0.0	0.0	0.0	0.003	0.005	0.003	0.0	
Chromosome	3777626	C	G	0.0	0.044	0.056	0.05	0.096	0.056	0.062	0.061	0.053	0.089	0.018	0.064	0.0	0.012	0.041	0.04	0.068	0.04	0.023	0.043	0.034	0.01	0.021	0.015	0.053	0.032	0.053	0.072	0.05	0.078	0.081	0.066	0.023	0.06	0.005	0.01	0.009	0.009	0.007	0.007	0.0	0.015	0.011	0.026	0.007	0.01	0.004	0.006	0.027	0.018	0.022	0.0	0.047	0.0	0.025	0.029	0.008	0.0	0.007	0.009	0.012	0.0	0.01	0.0	0.014	0.014	0.01	0.003	0.0	
Chromosome	3777628	C	G	0.013	0.161	0.144	0.12	0.159	0.183	0.188	0.165	0.156	0.281	0.118	0.143	0.0	0.018	0.144	0.143	0.136	0.075	0.092	0.13	0.086	0.072	0.112	0.044	0.147	0.123	0.12	0.222	0.207	0.17	0.173	0.185	0.099	0.12	0.075	0.059	0.059	0.066	0.028	0.03	0.02	0.094	0.091	0.118	0.033	0.065	0.021	0.0	0.083	0.095	0.099	0.0	0.196	0.0	0.094	0.105	0.035	0.028	0.042	0.033	0.025	0.048	0.032	0.072	0.067	0.037	0.046	0.027	0.0	
Chromosome	3777630	T	G	0.182	0.257	0.213	0.27	0.277	0.305	0.24	0.355	0.267	0.411	0.275	0.349	0.0	0.163	0.227	0.304	0.34	0.231	0.305	0.299	0.26	0.225	0.299	0.214	0.366	0.344	0.338	0.275	0.308	0.26	0.316	0.314	0.263	0.302	0.192	0.223	0.204	0.2	0.164	0.176	0.149	0.194	0.224	0.254	0.145	0.216	0.158	0.0	0.301	0.251	0.22	0.007	0.331	0.0	0.255	0.244	0.182	0.133	0.184	0.175	0.212	0.227	0.161	0.252	0.196	0.217	0.176	0.188	0.0	
Chromosome	3777631	T	G	0.114	0.237	0.239	0.248	0.259	0.192	0.316	0.253	0.16	0.214	0.12	0.162	0.0	0.057	0.206	0.275	0.236	0.14	0.274	0.182	0.245	0.114	0.118	0.095	0.175	0.079	0.156	0.248	0.246	0.25	0.263	0.22	0.193	0.156	0.088	0.152	0.116	0.124	0.106	0.105	0.065	0.151	0.107	0.165	0.094	0.14	0.103	0.0	0.168	0.185	0.239	0.013	0.199	0.0	0.117	0.194	0.104	0.105	0.112	0.102	0.117	0.101	0.094	0.126	0.157	0.097	0.123	0.08	0.006	
Chromosome	3794876	T	G	0.025	0.209	0.189	0.19	0.156	0.166	0.188	0.094	0.16	0.222	0.098	0.142	0.0	0.028	0.164	0.062	0.159	0.115	0.12	0.125	0.128	0.099	0.059	0.066	0.126	0.154	0.159	0.222	0.111	0.158	0.114	0.124	0.127	0.126	0.077	0.063	0.081	0.067	0.02	0.048	0.062	0.103	0.088	0.091	0.062	0.053	0.043	0.0	0.128	0.116	0.115	0.007	0.094	0.007	0.065	0.115	0.078	0.04	0.049	0.059	0.051	0.026	0.091	0.045	0.124	0.06	0.057	0.033	0.0	
Chromosome	3965512	A	C	0.072	0.139	0.079	0.112	0.146	0.137	0.15	0.183	0.143	0.107	0.086	0.103	0.006	0.049	0.134	0.138	0.108	0.083	0.07	0.108	0.118	0.124	0.109	0.077	0.116	0.096	0.051	0.144	0.121	0.053	0.19	0.14	0.127	0.114	0.052	0.08	0.081	0.086	0.106	0.089	0.069	0.133	0.111	0.153	0.067	0.077	0.07	0.0	0.073	0.077	0.092	0.0	0.096	0.012	0.084	0.116	0.056	0.056	0.085	0.062	0.094	0.08	0.105	0.087	0.09	0.07	0.054	0.044	0.007	
Chromosome	3973377	T	G	0.097	0.106	0.113	0.115	0.106	0.108	0.108	0.061	0.15	0.259	0.104	0.082	0.0	0.083	0.11	0.071	0.084	0.129	0.116	0.13	0.105	0.134	0.154	0.101	0.064	0.089	0.096	0.135	0.107	0.105	0.087	0.087	0.138	0.119	0.165	0.145	0.113	0.143	0.083	0.096	0.096	0.141	0.109	0.071	0.081	0.058	0.09	0.0	0.109	0.085	0.119	0.0	0.135	0.0	0.073	0.164	0.083	0.102	0.105	0.103	0.104	0.04	0.15	0.135	0.133	0.104	0.05	0.084	0.0	
Chromosome	4037324	T	A	0.134	0.247	0.2	0.181	0.167	0.151	0.167	0.168	0.198	0.053	0.054	0.087	0.0	0.047	0.214	0.202	0.181	0.066	0.141	0.132	0.168	0.034	0.08	0.082	0.07	0.06	0.116	0.15	0.16	0.183	0.194	0.159	0.157	0.112	0.046	0.036	0.03	0.042	0.125	0.126	0.057	0.082	0.063	0.185	0.146	0.129	0.105	0.0	0.127	0.135	0.12	0.0	0.115	0.0	0.042	0.116	0.152	0.135	0.126	0.141	0.146	0.147	0.057	0.055	0.189	0.178	0.153	0.161	0.0	
Chromosome	4203619	T	C	0.0	0.211	0.0	0.0	0.0	0.0	0.0	0.0	0.007	0.0	0.0	0.0	0.0	0.0	0.0	0.0	0.0	0.0	0.0	0.0	0.0	0.0	0.0	0.004	0.0	0.0	0.0	0.0	0.0	0.0	0.0	0.0	0.0	0.0	0.0	0.0	0.0	0.0	0.0	0.0	0.0	0.0	0.004	0.0	0.0	0.0	0.0	0.0	0.0	0.0	0.0	0.0	0.0	0.0	0.0	0.0	0.0	0.0	0.0	0.0	0.0	0.0	0.0	0.0	0.0	0.0	0.0	0.0	0.007	
Chromosome	4214560	C	A	0.452	0.49	0.431	0.453	0.479	0.42	0.509	0.468	0.472	0.509	0.462	0.494	0.408	0.533	0.441	0.444	0.525	0.503	0.477	0.478	0.474	0.465	0.518	0.466	0.465	0.544	0.5	0.53	0.506	0.48	0.485	0.401	0.533	0.478	0.449	0.475	0.494	0.517	0.494	0.476	0.515	0.485	0.48	0.481	0.502	0.45	0.481	0.463	0.458	0.491	0.505	0.538	0.511	0.524	0.498	0.496	0.478	0.497	0.486	0.494	0.506	0.43	0.49	0.489	0.515	0.442	0.432	0.326	0.498	
Chromosome	4214739	G	GT	0.34	0.352	0.331	0.371	0.301	0.321	0.371	0.324	0.367	0.535	0.391	0.331	0.26	0.395	0.304	0.332	0.352	0.324	0.364	0.304	0.32	0.338	0.351	0.336	0.368	0.472	0.392	0.342	0.38	0.312	0.339	0.353	0.34	0.358	0.313	0.303	0.316	0.331	0.332	0.321	0.353	0.327	0.388	0.339	0.358	0.305	0.333	0.327	0.332	0.362	0.287	0.317	0.332	0.357	0.306	0.309	0.32	0.334	0.355	0.338	0.314	0.329	0.36	0.327	0.316	0.303	0.304	0.266	0.329	
Chromosome	4290584	A	C	0.0	0.065	0.0	0.058	0.0	0.05	0.051	0.07	0.011	0.031	0.0	0.009	0.008	0.0	0.036	0.045	0.041	0.026	0.006	0.0	0.007	0.006	0.0	0.01	0.005	0.008	0.029	0.047	0.029	0.062	0.022	0.038	0.005	0.011	0.009	0.0	0.0	0.005	0.0	0.0	0.0	0.0	0.011	0.007	0.0	0.0	0.004	0.0	0.0	0.006	0.0	0.006	0.0	0.0	0.0	0.0	0.0	0.0	0.0	0.005	0.006	0.0	0.0	0.0	0.005	0.008	0.003	0.0	0.0	
Chromosome	4305867	T	G	0.11	0.239	0.159	0.205	0.221	0.198	0.237	0.17	0.218	0.154	0.169	0.12	0.0	0.039	0.192	0.198	0.168	0.134	0.163	0.163	0.09	0.059	0.1	0.075	0.113	0.139	0.22	0.164	0.161	0.175	0.176	0.223	0.236	0.134	0.094	0.114	0.114	0.069	0.082	0.097	0.074	0.157	0.178	0.157	0.076	0.092	0.08	0.006	0.155	0.188	0.125	0.015	0.153	0.0	0.122	0.193	0.19	0.087	0.101	0.088	0.109	0.087	0.115	0.091	0.132	0.064	0.082	0.06	0.0	
Chromosome	4379734	A	C	0.012	0.19	0.08	0.127	0.12	0.134	0.096	0.122	0.079	0.136	0.036	0.057	0.007	0.026	0.08	0.102	0.105	0.057	0.032	0.077	0.034	0.035	0.043	0.022	0.06	0.078	0.049	0.125	0.102	0.092	0.092	0.117	0.06	0.054	0.041	0.05	0.024	0.044	0.018	0.016	0.019	0.055	0.066	0.03	0.01	0.009	0.015	0.0	0.029	0.051	0.046	0.006	0.054	0.0	0.022	0.077	0.019	0.004	0.015	0.024	0.019	0.012	0.025	0.005	0.028	0.019	0.027	0.009	0.009	
Chromosome	4537113	T	G	0.087	0.238	0.212	0.244	0.193	0.208	0.259	0.175	0.232	0.325	0.149	0.133	0.0	0.08	0.151	0.13	0.183	0.202	0.147	0.116	0.148	0.066	0.119	0.123	0.168	0.157	0.143	0.216	0.176	0.207	0.157	0.192	0.203	0.205	0.123	0.1	0.13	0.101	0.088	0.096	0.07	0.188	0.14	0.149	0.082	0.089	0.051	0.005	0.136	0.144	0.159	0.007	0.099	0.0	0.121	0.181	0.112	0.086	0.1	0.072	0.127	0.072	0.09	0.165	0.131	0.081	0.081	0.066	0.0	
Chromosome	4639740	A	C	0.103	0.363	0.232	0.265	0.212	0.268	0.262	0.243	0.214	0.16	0.251	0.202	0.005	0.077	0.239	0.208	0.314	0.24	0.254	0.246	0.234	0.164	0.141	0.153	0.286	0.268	0.217	0.248	0.173	0.263	0.284	0.177	0.169	0.267	0.132	0.132	0.111	0.145	0.113	0.12	0.108	0.23	0.218	0.254	0.157	0.125	0.111	0.014	0.189	0.18	0.19	0.005	0.218	0.0	0.219	0.233	0.132	0.125	0.115	0.134	0.124	0.127	0.169	0.175	0.171	0.149	0.122	0.122	0.006	
Chromosome	4693145	T	G	0.18	0.236	0.235	0.278	0.183	0.268	0.221	0.232	0.238	0.0	0.013	0.092	0.353	0.074	0.268	0.263	0.25	0.046	0.281	0.174	0.195	0.049	0.102	0.066	0.058	0.038	0.143	0.219	0.215	0.354	0.269	0.293	0.216	0.065	0.107	0.098	0.074	0.103	0.214	0.267	0.062	0.05	0.047	0.264	0.281	0.257	0.249	0.376	0.306	0.186	0.186	0.397	0.144	0.358	0.051	0.212	0.203	0.243	0.233	0.275	0.205	0.276	0.078	0.124	0.197	0.253	0.216	0.207	0.384	
Chromosome	4693150	T	G	0.211	0.207	0.2	0.256	0.224	0.194	0.244	0.214	0.242	0.0	0.011	0.059	0.382	0.1	0.268	0.281	0.267	0.058	0.294	0.179	0.2	0.051	0.063	0.069	0.07	0.065	0.193	0.19	0.26	0.369	0.317	0.225	0.214	0.063	0.106	0.075	0.076	0.109	0.242	0.295	0.089	0.065	0.041	0.261	0.262	0.265	0.24	0.406	0.247	0.152	0.202	0.429	0.151	0.396	0.033	0.196	0.213	0.234	0.241	0.252	0.188	0.284	0.076	0.064	0.208	0.284	0.229	0.215	0.388	
Chromosome	4693154	G	GGGGGGGGGGGGGCCCCC	0.149	0.18	0.12	0.229	0.133	0.239	0.216	0.186	0.167	0.022	0.04	0.032	0.0	0.037	0.211	0.246	0.176	0.031	0.264	0.134	0.178	0.028	0.048	0.045	0.056	0.008	0.111	0.172	0.205	0.292	0.246	0.237	0.144	0.051	0.072	0.027	0.047	0.055	0.181	0.222	0.026	0.045	0.033	0.254	0.212	0.188	0.182	0.0	0.178	0.118	0.145	0.0	0.129	0.0	0.02	0.178	0.21	0.205	0.167	0.198	0.161	0.181	0.036	0.056	0.171	0.199	0.176	0.16	0.0	
Chromosome	4724242	G	C	0.222	0.31	0.369	0.29	0.315	0.309	0.196	0.235	0.25	0.34	0.319	0.283	0.006	0.172	0.247	0.248	0.245	0.321	0.261	0.251	0.255	0.217	0.187	0.201	0.304	0.25	0.205	0.265	0.33	0.286	0.295	0.258	0.222	0.327	0.208	0.202	0.176	0.162	0.3	0.212	0.255	0.207	0.324	0.253	0.221	0.226	0.193	0.0	0.203	0.259	0.235	0.005	0.252	0.0	0.234	0.264	0.235	0.233	0.235	0.218	0.205	0.206	0.198	0.214	0.276	0.215	0.238	0.141	0.0	
Chromosome	4724246	A	C	0.306	0.389	0.386	0.398	0.367	0.33	0.206	0.277	0.23	0.233	0.248	0.219	0.0	0.171	0.299	0.304	0.243	0.243	0.289	0.344	0.258	0.223	0.244	0.235	0.284	0.262	0.278	0.311	0.315	0.245	0.342	0.275	0.318	0.268	0.261	0.269	0.232	0.23	0.31	0.277	0.203	0.22	0.297	0.348	0.235	0.269	0.275	0.0	0.272	0.29	0.267	0.0	0.327	0.006	0.157	0.354	0.294	0.358	0.288	0.281	0.263	0.26	0.281	0.251	0.312	0.275	0.296	0.192	0.0	
Chromosome	4724247	T	G	0.085	0.114	0.04	0.082	0.092	0.095	0.062	0.04	0.079	0.077	0.071	0.04	0.0	0.038	0.138	0.057	0.098	0.033	0.106	0.143	0.141	0.072	0.097	0.05	0.048	0.078	0.097	0.088	0.055	0.045	0.073	0.104	0.095	0.07	0.098	0.081	0.087	0.079	0.087	0.102	0.03	0.033	0.047	0.118	0.056	0.093	0.081	0.0	0.116	0.178	0.09	0.0	0.076	0.006	0.057	0.135	0.074	0.112	0.065	0.064	0.074	0.066	0.106	0.126	0.145	0.095	0.09	0.02	0.0	
Chromosome	4724248	T	G	0.027	0.114	0.101	0.143	0.13	0.063	0.094	0.069	0.127	0.1	0.073	0.018	0.006	0.0	0.092	0.049	0.03	0.042	0.053	0.062	0.057	0.022	0.02	0.0	0.111	0.034	0.111	0.051	0.093	0.1	0.111	0.046	0.105	0.026	0.019	0.027	0.016	0.005	0.047	0.027	0.0	0.025	0.024	0.124	0.021	0.039	0.034	0.0	0.062	0.049	0.074	0.01	0.063	0.012	0.025	0.056	0.03	0.014	0.028	0.04	0.006	0.018	0.016	0.019	0.059	0.025	0.019	0.007	0.007	
Chromosome	4987024	A	C	0.1	0.214	0.162	0.142	0.168	0.206	0.138	0.103	0.262	0.125	0.138	0.135	0.0	0.072	0.16	0.167	0.115	0.208	0.107	0.093	0.142	0.058	0.081	0.074	0.128	0.148	0.221	0.16	0.151	0.195	0.129	0.154	0.144	0.171	0.067	0.078	0.069	0.056	0.069	0.064	0.065	0.181	0.166	0.155	0.098	0.064	0.068	0.0	0.115	0.076	0.133	0.0	0.113	0.0	0.085	0.136	0.07	0.039	0.068	0.053	0.062	0.051	0.078	0.063	0.106	0.053	0.058	0.052	0.007	
Chromosome	5046374	T	TGGGGGGGGGGGGGGGGGGG	0.0	0.0	0.0	0.0	0.0	0.0	0.0	0.0	0.0	0.0	0.0	0.0	0.0	0.0	0.0	0.0	0.0	0.0	0.0	0.0	0.0	0.0	0.0	0.0	0.0	0.0	0.0	0.0	0.0	0.0	0.0	0.0	0.0	0.0	0.0	0.0	0.0	0.0	0.0	0.0	0.0	0.0	0.0	0.0	0.0	0.0	0.0	0.0	0.0	0.0	0.0	0.0	0.0	0.0	0.0	0.0	0.0	0.0	0.0	0.0	0.0	0.0	0.0	0.0	0.0	0.0	0.0	0.0	0.0	
Chromosome	5046375	C	G	0.0	0.106	0.111	0.078	0.065	0.073	0.051	0.051	0.067	0.071	0.057	0.027	0.0	0.0	0.078	0.092	0.069	0.016	0.031	0.028	0.019	0.015	0.015	0.004	0.015	0.054	0.031	0.081	0.088	0.078	0.07	0.015	0.026	0.036	0.0	0.014	0.008	0.0	0.0	0.007	0.0	0.032	0.028	0.01	0.003	0.003	0.003	0.0	0.019	0.009	0.009	0.0	0.023	0.0	0.011	0.025	0.0	0.0	0.01	0.004	0.002	0.0	0.0	0.005	0.03	0.003	0.002	0.003	0.0	
Chromosome	5115075	T	G	0.082	0.181	0.165	0.214	0.175	0.172	0.168	0.186	0.196	0.237	0.145	0.155	0.005	0.053	0.227	0.16	0.148	0.143	0.117	0.136	0.164	0.113	0.093	0.122	0.188	0.2	0.132	0.172	0.203	0.206	0.12	0.255	0.183	0.126	0.101	0.085	0.064	0.119	0.094	0.131	0.06	0.11	0.163	0.215	0.091	0.098	0.108	0.006	0.134	0.12	0.201	0.0	0.118	0.0	0.108	0.112	0.1	0.108	0.095	0.105	0.119	0.073	0.123	0.111	0.144	0.11	0.104	0.137	0.007	
Chromosome	5115081	A	C	0.12	0.185	0.157	0.246	0.205	0.184	0.222	0.192	0.243	0.231	0.116	0.124	0.0	0.048	0.152	0.171	0.18	0.139	0.148	0.119	0.155	0.114	0.155	0.069	0.161	0.139	0.141	0.211	0.207	0.176	0.159	0.21	0.19	0.108	0.104	0.103	0.103	0.127	0.072	0.094	0.1	0.156	0.186	0.23	0.087	0.096	0.09	0.006	0.119	0.115	0.173	0.006	0.151	0.0	0.137	0.131	0.095	0.092	0.105	0.081	0.122	0.073	0.113	0.097	0.142	0.084	0.093	0.116	0.0	
Chromosome	5217666	G	A	0.0	0.143	0.0	0.0	0.0	0.0	0.0	0.0	0.0	0.0	0.0	0.0	0.0	0.0	0.0	0.0	0.0	0.0	0.0	0.0	0.0	0.0	0.0	0.0	0.0	0.0	0.0	0.0	0.0	0.0	0.0	0.0	0.0	0.0	0.0	0.0	0.0	0.0	0.0	0.0	0.0	0.0	0.0	0.0	0.0	0.0	0.0	0.0	0.0	0.0	0.0	0.0	0.0	0.0	0.0	0.0	0.0	0.0	0.0	0.0	0.0	0.0	0.0	0.0	0.0	0.0	0.0	0.0	0.0	
Chromosome	5292499	A	C	0.056	0.264	0.178	0.257	0.2	0.219	0.203	0.189	0.254	0.114	0.153	0.146	0.006	0.023	0.169	0.15	0.147	0.134	0.114	0.078	0.137	0.093	0.073	0.068	0.115	0.078	0.172	0.18	0.186	0.16	0.196	0.095	0.153	0.117	0.073	0.07	0.062	0.04	0.037	0.075	0.061	0.117	0.124	0.213	0.053	0.092	0.077	0.0	0.11	0.125	0.126	0.0	0.099	0.005	0.057	0.069	0.06	0.075	0.077	0.09	0.09	0.051	0.078	0.041	0.093	0.088	0.054	0.041	0.0	
Chromosome	5403737	A	C	0.129	0.213	0.207	0.19	0.137	0.175	0.231	0.192	0.139	0.054	0.039	0.047	0.0	0.054	0.159	0.127	0.095	0.071	0.149	0.176	0.125	0.058	0.056	0.104	0.041	0.047	0.204	0.181	0.172	0.202	0.167	0.2	0.181	0.024	0.086	0.065	0.044	0.088	0.096	0.089	0.047	0.065	0.045	0.174	0.143	0.106	0.078	0.0	0.115	0.133	0.153	0.005	0.106	0.0	0.054	0.138	0.131	0.093	0.121	0.112	0.093	0.096	0.085	0.046	0.151	0.09	0.096	0.118	0.0	
Chromosome	5422713	T	G	0.014	0.146	0.062	0.113	0.091	0.074	0.141	0.099	0.068	0.115	0.108	0.079	0.006	0.012	0.139	0.064	0.077	0.06	0.048	0.055	0.053	0.041	0.023	0.051	0.067	0.094	0.147	0.099	0.029	0.081	0.078	0.06	0.096	0.102	0.03	0.056	0.02	0.013	0.015	0.034	0.029	0.098	0.084	0.1	0.03	0.027	0.037	0.0	0.062	0.036	0.057	0.005	0.058	0.0	0.05	0.054	0.033	0.016	0.043	0.044	0.032	0.033	0.044	0.044	0.065	0.038	0.029	0.034	0.006	
Chromosome	5468002	A	C	0.038	0.129	0.043	0.086	0.081	0.143	0.067	0.108	0.115	0.205	0.089	0.122	0.006	0.044	0.124	0.084	0.069	0.091	0.123	0.102	0.093	0.083	0.074	0.105	0.121	0.118	0.1	0.148	0.086	0.056	0.084	0.055	0.085	0.106	0.069	0.025	0.087	0.071	0.053	0.044	0.075	0.146	0.108	0.121	0.078	0.053	0.032	0.007	0.095	0.078	0.068	0.0	0.095	0.006	0.09	0.077	0.031	0.065	0.055	0.054	0.069	0.077	0.082	0.066	0.103	0.048	0.057	0.094	0.006	
Chromosome	5521106	A	C	0.049	0.19	0.176	0.195	0.212	0.2	0.144	0.163	0.204	0.057	0.145	0.105	0.004	0.036	0.13	0.189	0.122	0.146	0.126	0.139	0.124	0.078	0.068	0.053	0.158	0.144	0.132	0.13	0.162	0.131	0.142	0.173	0.123	0.136	0.086	0.057	0.058	0.071	0.068	0.08	0.056	0.139	0.127	0.163	0.058	0.081	0.051	0.0	0.078	0.071	0.133	0.0	0.138	0.006	0.121	0.11	0.059	0.059	0.072	0.053	0.072	0.077	0.109	0.093	0.082	0.077	0.051	0.078	0.0	
Chromosome	5521109	A	C	0.077	0.214	0.179	0.18	0.167	0.189	0.174	0.131	0.155	0.121	0.139	0.156	0.0	0.03	0.151	0.144	0.111	0.146	0.139	0.135	0.081	0.082	0.05	0.068	0.157	0.189	0.169	0.147	0.154	0.19	0.153	0.109	0.133	0.135	0.095	0.119	0.06	0.066	0.06	0.076	0.053	0.133	0.113	0.109	0.09	0.058	0.05	0.0	0.091	0.134	0.139	0.011	0.178	0.0	0.094	0.114	0.04	0.042	0.075	0.076	0.052	0.096	0.112	0.075	0.087	0.063	0.062	0.057	0.006	
Chromosome	5524233	A	C	0.04	0.133	0.068	0.053	0.139	0.107	0.163	0.07	0.074	0.026	0.017	0.023	0.0	0.047	0.071	0.085	0.042	0.051	0.095	0.024	0.062	0.019	0.046	0.038	0.047	0.042	0.1	0.072	0.077	0.12	0.083	0.072	0.042	0.029	0.019	0.026	0.025	0.064	0.036	0.029	0.014	0.075	0.036	0.045	0.03	0.018	0.035	0.005	0.063	0.047	0.057	0.0	0.056	0.006	0.025	0.053	0.047	0.044	0.035	0.022	0.031	0.033	0.035	0.021	0.037	0.026	0.039	0.023	0.0	
Chromosome	5524236	A	C	0.057	0.201	0.132	0.127	0.218	0.175	0.153	0.151	0.165	0.073	0.064	0.084	0.0	0.026	0.122	0.156	0.179	0.062	0.13	0.086	0.081	0.06	0.064	0.055	0.076	0.118	0.11	0.139	0.137	0.206	0.152	0.122	0.147	0.063	0.062	0.072	0.083	0.055	0.065	0.05	0.038	0.091	0.058	0.107	0.046	0.052	0.049	0.0	0.093	0.126	0.095	0.0	0.055	0.006	0.038	0.117	0.075	0.066	0.063	0.045	0.041	0.068	0.077	0.036	0.077	0.072	0.048	0.058	0.0	
Chromosome	5524245	A	C	0.048	0.192	0.076	0.104	0.126	0.151	0.11	0.153	0.138	0.023	0.035	0.062	0.0	0.028	0.098	0.126	0.071	0.065	0.055	0.056	0.059	0.051	0.052	0.067	0.064	0.056	0.167	0.132	0.133	0.168	0.09	0.064	0.092	0.039	0.033	0.05	0.025	0.038	0.038	0.032	0.023	0.041	0.039	0.051	0.03	0.04	0.029	0.0	0.05	0.071	0.09	0.005	0.08	0.0	0.045	0.072	0.042	0.041	0.026	0.046	0.045	0.036	0.03	0.037	0.074	0.03	0.029	0.023	0.0	
Chromosome	5777187	T	G	0.003	0.111	0.084	0.07	0.087	0.089	0.079	0.094	0.085	0.029	0.047	0.012	0.01	0.0	0.119	0.083	0.06	0.034	0.019	0.03	0.052	0.027	0.005	0.019	0.031	0.008	0.06	0.06	0.087	0.1	0.088	0.09	0.037	0.029	0.021	0.022	0.022	0.026	0.017	0.009	0.006	0.028	0.023	0.015	0.01	0.016	0.014	0.006	0.024	0.01	0.019	0.0	0.047	0.006	0.0	0.022	0.007	0.017	0.008	0.01	0.013	0.013	0.018	0.037	0.022	0.006	0.014	0.013	0.007	
Chromosome	6135898	A	C	0.048	0.178	0.24	0.247	0.262	0.245	0.261	0.254	0.265	0.162	0.138	0.148	0.006	0.038	0.276	0.254	0.287	0.133	0.132	0.151	0.101	0.114	0.079	0.117	0.14	0.126	0.133	0.25	0.295	0.341	0.252	0.239	0.123	0.168	0.084	0.066	0.092	0.075	0.048	0.046	0.042	0.154	0.12	0.109	0.054	0.073	0.048	0.0	0.145	0.132	0.119	0.0	0.119	0.0	0.044	0.122	0.078	0.059	0.039	0.047	0.044	0.054	0.101	0.084	0.135	0.045	0.065	0.061	0.0	
Chromosome	6372540	A	C	0.01	0.134	0.074	0.114	0.109	0.102	0.093	0.041	0.108	0.077	0.03	0.051	0.0	0.016	0.092	0.095	0.074	0.068	0.056	0.095	0.046	0.016	0.033	0.03	0.039	0.057	0.089	0.146	0.13	0.089	0.133	0.092	0.034	0.089	0.034	0.036	0.033	0.024	0.006	0.022	0.015	0.044	0.059	0.061	0.024	0.029	0.019	0.0	0.051	0.044	0.074	0.018	0.101	0.0	0.02	0.076	0.036	0.022	0.018	0.022	0.022	0.007	0.008	0.021	0.016	0.019	0.024	0.022	0.0	
Chromosome	6458276	T	G	0.134	0.197	0.135	0.134	0.165	0.195	0.145	0.179	0.138	0.026	0.106	0.125	0.0	0.135	0.17	0.152	0.155	0.139	0.152	0.154	0.131	0.119	0.164	0.163	0.152	0.081	0.123	0.133	0.088	0.157	0.154	0.132	0.136	0.123	0.148	0.145	0.118	0.147	0.113	0.143	0.093	0.174	0.168	0.144	0.155	0.125	0.07	0.0	0.131	0.146	0.176	0.005	0.155	0.0	0.107	0.149	0.11	0.117	0.096	0.105	0.119	0.112	0.127	0.101	0.114	0.103	0.122	0.066	0.0	
Chromosome	6459712	T	G	0.024	0.117	0.0	0.005	0.007	0.006	0.0	0.079	0.0	0.0	0.0	0.0	0.0	0.0	0.013	0.008	0.007	0.011	0.052	0.0	0.025	0.0	0.004	0.015	0.004	0.0	0.0	0.0	0.006	0.013	0.0	0.006	0.0	0.0	0.017	0.0	0.008	0.004	0.006	0.006	0.0	0.0	0.004	0.004	0.003	0.002	0.0	0.0	0.029	0.019	0.017	0.0	0.0	0.0	0.005	0.01	0.011	0.0	0.002	0.006	0.0	0.002	0.0	0.032	0.021	0.003	0.0	0.0	0.0	
Chromosome	6828739	T	G	0.054	0.137	0.0	0.006	0.0	0.0	0.006	0.007	0.013	0.0	0.006	0.007	0.004	0.0	0.0	0.009	0.008	0.004	0.004	0.013	0.0	0.0	0.023	0.004	0.0	0.0	0.0	0.0	0.012	0.0	0.0	0.007	0.004	0.0	0.003	0.0	0.0	0.004	0.003	0.0	0.0	0.0	0.0	0.02	0.0	0.0	0.003	0.0	0.0	0.01	0.0	0.0	0.005	0.0	0.0	0.0	0.0	0.0	0.004	0.005	0.005	0.018	0.008	0.009	0.007	0.003	0.003	0.003	0.0	
Chromosome	6913446	T	G	0.158	0.207	0.113	0.233	0.25	0.175	0.205	0.175	0.275	0.016	0.125	0.145	0.0	0.117	0.162	0.122	0.196	0.15	0.167	0.142	0.164	0.122	0.108	0.139	0.112	0.121	0.151	0.16	0.159	0.201	0.175	0.225	0.139	0.122	0.154	0.139	0.151	0.138	0.186	0.143	0.159	0.161	0.16	0.191	0.175	0.162	0.237	0.005	0.154	0.189	0.178	0.005	0.209	0.0	0.089	0.201	0.128	0.146	0.146	0.175	0.186	0.198	0.145	0.158	0.154	0.235	0.183	0.19	0.005	
Chromosome	6923330	T	G	0.29	0.471	0.339	0.411	0.474	0.417	0.493	0.376	0.507	0.588	0.413	0.437	0.0	0.253	0.352	0.347	0.411	0.365	0.397	0.421	0.319	0.333	0.374	0.324	0.472	0.587	0.472	0.467	0.396	0.397	0.383	0.427	0.39	0.423	0.307	0.372	0.351	0.382	0.258	0.264	0.271	0.46	0.412	0.466	0.31	0.292	0.261	0.0	0.392	0.372	0.322	0.0	0.42	0.006	0.265	0.283	0.261	0.294	0.261	0.261	0.3	0.279	0.36	0.294	0.352	0.236	0.273	0.232	0.014	
Chromosome	6966410	A	C	0.172	0.427	0.333	0.528	0.369	0.359	0.455	0.477	0.417	0.476	0.316	0.481	0.006	0.219	0.337	0.389	0.365	0.436	0.36	0.241	0.359	0.336	0.325	0.389	0.48	0.479	0.284	0.419	0.375	0.337	0.34	0.495	0.331	0.413	0.365	0.331	0.378	0.375	0.263	0.27	0.323	0.444	0.432	0.343	0.307	0.257	0.241	0.0	0.362	0.313	0.301	0.0	0.333	0.0	0.261	0.333	0.294	0.248	0.229	0.227	0.275	0.201	0.406	0.393	0.351	0.195	0.199	0.255	0.0	
