chromosome	pos	ref	mut	APAW	MockE	MockA	MockB	MockC	MockD	MockF	MockG	MockH	MockI	MockJ	MockK	MockL	Ana1	BedA	BedB	BedC	BedD	CipA	CipB	CipC	CLFA	CLFB	CLFC	CombA2	CombA3	CombA	CombAu1	CombAu3	CombAu5	CombB	CombC	CycloA	CycloB	CycloC	EMBA	EMBB	EMBC	INH1	INH2	INHA	LzdA	LzdB	LzdC	M91	M92	M9B	MA_F1	MA_F2	MA_F3	MA_H1	MA_H2	MA_H3	MA_S1	MA_S2	MA_S3	MMCA	MMCB	MMCC	NANOA	NANOB	NANOC	RIFA	RIFB	RIFC	UV1	UV2	UV3	WT_Msm
Chromosome	64992	T	G	0.148	0.394	0.349	0.34	0.421	0.366	0.373	0.364	0.368	0.222	0.261	0.27	0.006	0.15	0.294	0.305	0.25	0.251	0.171	0.238	0.23	0.174	0.157	0.208	0.27	0.26	0.276	0.337	0.376	0.369	0.325	0.306	0.257	0.188	0.17	0.184	0.168	0.178	0.136	0.128	0.12	0.298	0.246	0.302	0.176	0.125	0.14	0.028	0.22	0.283	0.287	0.022	0.29	0.015	0.195	0.228	0.193	0.177	0.154	0.189	0.15	0.113	0.23	0.221	0.22	0.121	0.148	0.162	0.067	
Chromosome	68015	C	T	0.0	0.033	0.0	0.0	0.0	0.0	0.0	0.0	0.0	0.0	0.0	0.0	0.0	0.0	0.0	0.0	0.0	0.0	0.003	0.0	0.0	0.0	0.0	0.0	0.0	0.0	0.0	0.0	0.0	0.0	0.0	0.0	0.0	0.0	0.0	0.0	0.0	0.0	0.0	0.0	0.0	0.0	0.0	0.0	0.0	0.0	0.0	0.0	0.0	0.0	0.0	0.0	0.0	0.0	0.0	0.0	0.0	0.0	0.0	0.0	0.0	0.0	0.0	0.0	0.0	0.0	0.003	0.0	0.0	
Chromosome	68017	G	A	0.0	0.034	0.0	0.0	0.0	0.0	0.0	0.0	0.0	0.0	0.0	0.0	0.0	0.0	0.0	0.0	0.0	0.0	0.0	0.0	0.0	0.0	0.0	0.0	0.0	0.0	0.0	0.0	0.0	0.0	0.0	0.0	0.0	0.0	0.0	0.0	0.0	0.0	0.0	0.0	0.0	0.0	0.0	0.0	0.0	0.0	0.0	0.0	0.0	0.0	0.0	0.0	0.0	0.0	0.0	0.0	0.0	0.0	0.0	0.0	0.0	0.0	0.004	0.0	0.0	0.0	0.0	0.0	0.0	
Chromosome	68020	C	CGTCCTGGATCTGGTGGAG	0.0	0.007	0.0	0.0	0.0	0.0	0.0	0.0	0.0	0.0	0.0	0.0	0.0	0.0	0.0	0.0	0.0	0.0	0.0	0.0	0.0	0.0	0.0	0.0	0.0	0.0	0.0	0.0	0.0	0.0	0.0	0.0	0.0	0.0	0.0	0.0	0.0	0.0	0.0	0.0	0.0	0.0	0.0	0.0	0.0	0.0	0.0	0.0	0.0	0.0	0.0	0.0	0.0	0.0	0.0	0.0	0.0	0.0	0.0	0.0	0.0	0.0	0.0	0.0	0.0	0.0	0.0	0.0	0.0	
Chromosome	85702	T	G	0.028	0.147	0.147	0.087	0.086	0.078	0.128	0.082	0.117	0.059	0.047	0.042	0.011	0.017	0.115	0.055	0.117	0.035	0.067	0.045	0.037	0.038	0.024	0.042	0.035	0.05	0.038	0.096	0.103	0.094	0.087	0.118	0.067	0.039	0.027	0.034	0.047	0.041	0.033	0.016	0.015	0.039	0.043	0.07	0.028	0.035	0.028	0.0	0.055	0.039	0.057	0.012	0.047	0.006	0.038	0.061	0.025	0.025	0.022	0.017	0.022	0.024	0.026	0.024	0.05	0.024	0.036	0.031	0.019	
Chromosome	202859	T	G	0.083	0.281	0.26	0.241	0.241	0.266	0.199	0.275	0.281	0.2	0.196	0.23	0.005	0.051	0.274	0.259	0.214	0.199	0.119	0.11	0.157	0.151	0.094	0.058	0.216	0.256	0.359	0.195	0.268	0.15	0.217	0.226	0.162	0.214	0.104	0.1	0.095	0.139	0.104	0.087	0.097	0.212	0.208	0.194	0.071	0.081	0.095	0.0	0.177	0.09	0.147	0.006	0.184	0.0	0.16	0.145	0.11	0.102	0.108	0.089	0.13	0.089	0.103	0.143	0.131	0.089	0.077	0.063	0.013	
Chromosome	490627	T	G	0.084	0.154	0.182	0.102	0.064	0.092	0.153	0.068	0.102	0.132	0.041	0.057	0.0	0.035	0.065	0.118	0.097	0.092	0.088	0.103	0.122	0.088	0.115	0.11	0.074	0.057	0.085	0.062	0.071	0.094	0.092	0.088	0.123	0.052	0.119	0.063	0.077	0.145	0.073	0.08	0.095	0.071	0.091	0.073	0.066	0.072	0.102	0.0	0.149	0.132	0.092	0.006	0.046	0.0	0.098	0.126	0.123	0.101	0.081	0.071	0.097	0.057	0.083	0.099	0.111	0.089	0.064	0.043	0.0	
Chromosome	767484	A	C	0.083	0.297	0.277	0.25	0.223	0.285	0.192	0.28	0.255	0.105	0.224	0.162	0.026	0.06	0.33	0.196	0.264	0.191	0.202	0.213	0.214	0.099	0.111	0.097	0.169	0.133	0.246	0.285	0.273	0.245	0.198	0.252	0.164	0.141	0.135	0.11	0.098	0.123	0.043	0.069	0.063	0.166	0.17	0.112	0.042	0.08	0.062	0.032	0.163	0.162	0.163	0.024	0.166	0.024	0.121	0.176	0.066	0.069	0.068	0.09	0.071	0.109	0.096	0.103	0.084	0.073	0.081	0.048	0.113	
Chromosome	1146733	A	AG	0.0	0.193	0.0	0.0	0.0	0.0	0.0	0.0	0.0	0.0	0.0	0.0	0.0	0.0	0.0	0.008	0.0	0.0	0.0	0.005	0.005	0.0	0.005	0.0	0.0	0.0	0.0	0.0	0.0	0.0	0.0	0.0	0.0	0.005	0.003	0.0	0.0	0.0	0.0	0.0	0.0	0.0	0.0	0.0	0.0	0.0	0.0	0.0	0.0	0.0	0.0	0.0	0.0	0.0	0.0	0.0	0.0	0.0	0.0	0.0	0.0	0.0	0.0	0.0	0.0	0.0	0.0	0.0	0.0	
Chromosome	1195478	A	G	0.0	0.205	0.0	0.0	0.0	0.0	0.0	0.0	0.0	0.0	0.0	0.0	0.0	0.0	0.0	0.0	0.0	0.0	0.0	0.0	0.0	0.0	0.0	0.0	0.0	0.0	0.0	0.0	0.0	0.0	0.0	0.0	0.0	0.0	0.0	0.0	0.0	0.004	0.0	0.0	0.0	0.0	0.0	0.0	0.0	0.0	0.0	0.0	0.0	0.0	0.0	0.0	0.0	0.0	0.0	0.0	0.0	0.0	0.0	0.0	0.0	0.0	0.0	0.0	0.0	0.0	0.0	0.0	0.0	
Chromosome	1285640	A	C	0.213	0.234	0.278	0.244	0.265	0.203	0.233	0.244	0.121	0.156	0.099	0.105	0.0	0.126	0.213	0.14	0.205	0.128	0.155	0.202	0.194	0.191	0.194	0.136	0.089	0.082	0.19	0.151	0.181	0.226	0.195	0.168	0.259	0.133	0.178	0.13	0.116	0.115	0.201	0.163	0.145	0.133	0.113	0.245	0.145	0.205	0.193	0.0	0.217	0.199	0.143	0.006	0.217	0.0	0.169	0.272	0.155	0.172	0.162	0.182	0.182	0.177	0.146	0.205	0.156	0.142	0.163	0.18	0.007	
Chromosome	1285643	G	C	0.285	0.236	0.305	0.242	0.282	0.236	0.253	0.192	0.189	0.071	0.081	0.043	0.0	0.114	0.264	0.177	0.183	0.09	0.192	0.231	0.236	0.109	0.109	0.114	0.075	0.065	0.244	0.228	0.22	0.266	0.241	0.228	0.266	0.093	0.13	0.135	0.094	0.082	0.253	0.232	0.092	0.041	0.052	0.253	0.244	0.226	0.259	0.0	0.179	0.282	0.151	0.0	0.232	0.0	0.067	0.269	0.256	0.255	0.257	0.238	0.236	0.202	0.09	0.151	0.219	0.175	0.246	0.261	0.0	
Chromosome	1285644	T	G	0.256	0.254	0.238	0.24	0.284	0.218	0.268	0.225	0.148	0.073	0.074	0.033	0.0	0.1	0.225	0.195	0.2	0.073	0.23	0.295	0.271	0.187	0.132	0.109	0.05	0.077	0.286	0.165	0.22	0.272	0.216	0.172	0.244	0.1	0.175	0.173	0.124	0.139	0.243	0.233	0.122	0.055	0.065	0.277	0.237	0.292	0.313	0.0	0.222	0.298	0.201	0.0	0.278	0.0	0.075	0.305	0.234	0.233	0.272	0.226	0.259	0.23	0.112	0.185	0.256	0.249	0.262	0.269	0.0	
Chromosome	1341535	T	TGGCTCTTCGCACTTGACGGTGTAGAGA	0.0	0.0	0.0	0.0	0.0	0.0	0.0	0.0	0.0	0.0	0.0	0.0	0.0	0.0	0.0	0.0	0.0	0.0	0.0	0.0	0.0	0.0	0.0	0.0	0.0	0.0	0.0	0.0	0.0	0.0	0.0	0.0	0.0	0.0	0.0	0.0	0.0	0.0	0.0	0.0	0.0	0.0	0.0	0.0	0.0	0.0	0.0	0.0	0.0	0.0	0.0	0.0	0.0	0.0	0.0	0.0	0.0	0.0	0.0	0.0	0.0	0.0	0.0	0.0	0.0	0.0	0.0	0.0	0.0	
Chromosome	1341539	C	T	0.265	0.179	0.286	0.314	0.278	0.129	0.393	0.132	0.323	0.308	0.5	0.196	0.205	0.286	0.222	0.132	0.114	0.164	0.241	0.046	0.096	0.198	0.197	0.256	0.426	0.413	0.229	0.239	0.231	0.269	0.231	0.273	0.23	0.162	0.33	0.274	0.301	0.25	0.329	0.26	0.25	0.281	0.143	0.238	0.241	0.237	0.194	0.245	0.239	0.286	0.333	0.091	0.235	0.17	0.364	0.18	0.309	0.226	0.261	0.324	0.21	0.25	0.227	0.297	0.226	0.301	0.277	0.344	0.109	
Chromosome	1385245	A	C	0.089	0.114	0.154	0.137	0.14	0.131	0.135	0.198	0.075	0.186	0.132	0.158	0.0	0.083	0.153	0.126	0.137	0.108	0.179	0.161	0.137	0.184	0.178	0.179	0.172	0.167	0.203	0.158	0.089	0.115	0.1	0.134	0.105	0.096	0.155	0.121	0.189	0.165	0.103	0.121	0.082	0.158	0.167	0.164	0.091	0.126	0.105	0.006	0.14	0.172	0.144	0.012	0.157	0.0	0.124	0.121	0.125	0.124	0.099	0.117	0.139	0.103	0.197	0.17	0.174	0.1	0.09	0.115	0.007	
Chromosome	1574111	T	G	0.091	0.252	0.209	0.16	0.17	0.197	0.28	0.207	0.157	0.085	0.116	0.119	0.0	0.08	0.243	0.197	0.163	0.134	0.096	0.108	0.124	0.085	0.112	0.151	0.153	0.171	0.231	0.173	0.168	0.186	0.184	0.246	0.117	0.08	0.116	0.117	0.125	0.129	0.064	0.048	0.07	0.109	0.187	0.119	0.102	0.09	0.084	0.005	0.119	0.12	0.1	0.006	0.148	0.0	0.081	0.118	0.118	0.063	0.066	0.08	0.062	0.106	0.076	0.094	0.078	0.061	0.069	0.062	0.0	
Chromosome	1574114	T	G	0.158	0.309	0.29	0.281	0.365	0.298	0.315	0.302	0.293	0.125	0.192	0.237	0.011	0.177	0.245	0.262	0.197	0.219	0.177	0.218	0.18	0.146	0.167	0.224	0.26	0.312	0.263	0.298	0.318	0.274	0.299	0.268	0.211	0.16	0.177	0.204	0.179	0.144	0.135	0.095	0.16	0.214	0.232	0.183	0.194	0.142	0.113	0.005	0.135	0.168	0.213	0.012	0.128	0.006	0.156	0.213	0.154	0.128	0.178	0.142	0.13	0.149	0.171	0.201	0.155	0.132	0.118	0.134	0.007	
Chromosome	1588385	T	A	0.149	0.238	0.19	0.18	0.215	0.138	0.21	0.202	0.188	0.098	0.076	0.098	0.0	0.075	0.161	0.163	0.178	0.103	0.165	0.165	0.209	0.117	0.067	0.124	0.109	0.125	0.116	0.173	0.256	0.191	0.185	0.147	0.168	0.1	0.086	0.069	0.097	0.066	0.169	0.188	0.104	0.097	0.124	0.189	0.181	0.174	0.117	0.0	0.173	0.176	0.139	0.0	0.177	0.0	0.056	0.163	0.186	0.135	0.181	0.155	0.167	0.164	0.091	0.094	0.157	0.161	0.151	0.136	0.0	
Chromosome	1599784	C	T	0.0	0.192	0.0	0.0	0.0	0.0	0.0	0.0	0.0	0.0	0.0	0.0	0.0	0.0	0.0	0.0	0.0	0.0	0.0	0.0	0.0	0.0	0.0	0.0	0.0	0.0	0.0	0.0	0.0	0.0	0.0	0.0	0.0	0.0	0.0	0.0	0.0	0.0	0.0	0.0	0.0	0.0	0.0	0.0	0.0	0.0	0.0	0.0	0.005	0.0	0.0	0.0	0.0	0.0	0.0	0.0	0.0	0.0	0.0	0.0	0.0	0.0	0.0	0.0	0.0	0.0	0.0	0.0	0.0	
Chromosome	1653614	A	C	0.089	0.306	0.276	0.233	0.304	0.232	0.234	0.3	0.215	0.2	0.223	0.222	0.0	0.065	0.183	0.177	0.299	0.221	0.171	0.171	0.103	0.149	0.113	0.143	0.274	0.23	0.156	0.213	0.237	0.258	0.285	0.215	0.17	0.265	0.12	0.116	0.15	0.098	0.104	0.083	0.088	0.163	0.2	0.206	0.1	0.124	0.084	0.0	0.157	0.147	0.142	0.0	0.129	0.0	0.147	0.101	0.096	0.107	0.117	0.127	0.113	0.072	0.159	0.139	0.124	0.102	0.085	0.101	0.0	
Chromosome	1756627	T	G	0.135	0.272	0.257	0.2	0.134	0.205	0.225	0.252	0.211	0.125	0.045	0.109	0.006	0.048	0.225	0.149	0.21	0.097	0.142	0.17	0.136	0.126	0.139	0.101	0.108	0.082	0.211	0.201	0.176	0.201	0.218	0.148	0.152	0.061	0.101	0.099	0.1	0.115	0.094	0.092	0.077	0.099	0.086	0.184	0.128	0.11	0.079	0.005	0.177	0.178	0.104	0.007	0.155	0.006	0.086	0.165	0.108	0.112	0.116	0.105	0.115	0.042	0.083	0.083	0.155	0.104	0.104	0.087	0.0	
Chromosome	1813959	C	A	0.003	0.007	0.0	0.0	0.0	0.0	0.0	0.0	0.0	0.0	0.0	0.0	0.0	0.0	0.0	0.0	0.0	0.0	0.0	0.0	0.0	0.0	0.0	0.0	0.0	0.0	0.0	0.0	0.0	0.0	0.0	0.0	0.0	0.0	0.0	0.0	0.0	0.0	0.0	0.0	0.0	0.0	0.0	0.0	0.0	0.0	0.0	0.0	0.0	0.0	0.0	0.0	0.0	0.0	0.0	0.0	0.0	0.0	0.0	0.0	0.0	0.0	0.0	0.0	0.0	0.0	0.0	0.0	0.0	
Chromosome	2117916	T	G	0.016	0.156	0.069	0.058	0.087	0.072	0.043	0.04	0.063	0.053	0.102	0.037	0.0	0.0	0.067	0.062	0.045	0.047	0.035	0.04	0.033	0.025	0.034	0.017	0.082	0.121	0.169	0.038	0.085	0.073	0.038	0.031	0.052	0.069	0.019	0.041	0.031	0.039	0.022	0.004	0.012	0.063	0.035	0.034	0.007	0.019	0.021	0.0	0.017	0.02	0.023	0.0	0.044	0.006	0.017	0.04	0.026	0.012	0.026	0.016	0.027	0.01	0.013	0.024	0.032	0.021	0.019	0.007	0.0	
Chromosome	2535884	T	A	0.282	0.236	0.259	0.219	0.224	0.286	0.235	0.271	0.248	0.115	0.136	0.167	0.0	0.176	0.2	0.281	0.197	0.119	0.238	0.314	0.315	0.198	0.169	0.172	0.149	0.192	0.314	0.246	0.187	0.202	0.202	0.259	0.236	0.203	0.192	0.123	0.203	0.16	0.332	0.256	0.14	0.161	0.151	0.239	0.261	0.235	0.32	0.0	0.277	0.251	0.28	0.0	0.287	0.0	0.168	0.314	0.228	0.271	0.284	0.312	0.315	0.33	0.141	0.186	0.3	0.312	0.266	0.339	0.0	
Chromosome	2579189	A	C	0.173	0.263	0.283	0.34	0.287	0.219	0.281	0.333	0.308	0.238	0.256	0.256	0.0	0.134	0.268	0.276	0.242	0.322	0.271	0.222	0.31	0.219	0.219	0.213	0.261	0.246	0.282	0.237	0.297	0.183	0.206	0.319	0.253	0.25	0.187	0.23	0.232	0.224	0.248	0.226	0.202	0.275	0.243	0.239	0.21	0.225	0.223	0.006	0.273	0.263	0.274	0.0	0.395	0.0	0.226	0.303	0.277	0.259	0.226	0.225	0.219	0.226	0.154	0.254	0.234	0.26	0.238	0.244	0.013	
Chromosome	2794622	A	C	0.105	0.217	0.162	0.188	0.185	0.234	0.209	0.219	0.172	0.319	0.214	0.16	0.0	0.072	0.139	0.187	0.188	0.168	0.172	0.177	0.178	0.088	0.08	0.105	0.192	0.193	0.205	0.198	0.168	0.164	0.145	0.173	0.197	0.249	0.132	0.128	0.111	0.126	0.089	0.105	0.088	0.131	0.144	0.177	0.102	0.077	0.077	0.006	0.188	0.135	0.164	0.0	0.156	0.012	0.123	0.155	0.057	0.105	0.106	0.08	0.072	0.092	0.126	0.114	0.117	0.072	0.086	0.084	0.014	
Chromosome	2798424	A	C	0.102	0.262	0.292	0.258	0.257	0.276	0.262	0.275	0.269	0.295	0.24	0.189	0.006	0.044	0.15	0.145	0.225	0.234	0.195	0.182	0.181	0.159	0.146	0.149	0.211	0.256	0.192	0.213	0.25	0.232	0.263	0.227	0.273	0.179	0.182	0.12	0.15	0.178	0.111	0.124	0.057	0.129	0.237	0.23	0.121	0.131	0.124	0.0	0.181	0.206	0.216	0.0	0.19	0.006	0.113	0.17	0.119	0.089	0.129	0.143	0.116	0.085	0.113	0.171	0.16	0.142	0.13	0.058	0.009	
Chromosome	3096307	T	A	0.052	0.156	0.091	0.12	0.11	0.108	0.055	0.11	0.094	0.143	0.058	0.081	0.0	0.021	0.119	0.114	0.082	0.11	0.069	0.077	0.066	0.078	0.05	0.016	0.071	0.089	0.041	0.108	0.117	0.119	0.113	0.136	0.082	0.055	0.035	0.029	0.038	0.038	0.013	0.015	0.03	0.062	0.068	0.067	0.079	0.071	0.033	0.0	0.04	0.05	0.103	0.0	0.097	0.0	0.048	0.074	0.032	0.06	0.054	0.051	0.031	0.025	0.033	0.045	0.077	0.057	0.056	0.032	0.007	
Chromosome	3096315	T	A	0.053	0.145	0.103	0.157	0.102	0.139	0.051	0.11	0.115	0.147	0.058	0.092	0.0	0.032	0.083	0.126	0.126	0.071	0.073	0.13	0.094	0.063	0.067	0.024	0.074	0.097	0.101	0.135	0.162	0.135	0.139	0.135	0.151	0.061	0.04	0.052	0.041	0.053	0.045	0.046	0.034	0.058	0.076	0.086	0.072	0.068	0.036	0.0	0.041	0.06	0.117	0.0	0.084	0.0	0.054	0.059	0.057	0.062	0.068	0.054	0.039	0.035	0.056	0.049	0.07	0.07	0.048	0.041	0.0	
Chromosome	3171273	C	T	0.0	0.223	0.0	0.0	0.0	0.0	0.0	0.0	0.0	0.0	0.0	0.0	0.0	0.0	0.0	0.0	0.0	0.0	0.0	0.0	0.0	0.0	0.0	0.0	0.0	0.0	0.0	0.0	0.0	0.0	0.0	0.0	0.0	0.0	0.0	0.0	0.0	0.0	0.0	0.0	0.004	0.0	0.0	0.0	0.0	0.0	0.0	0.0	0.0	0.0	0.006	0.0	0.0	0.0	0.0	0.0	0.0	0.0	0.0	0.0	0.0	0.003	0.0	0.0	0.0	0.0	0.0	0.0	0.0	
Chromosome	3506342	A	C	0.027	0.161	0.057	0.065	0.092	0.142	0.074	0.138	0.123	0.0	0.05	0.096	0.017	0.0	0.189	0.096	0.108	0.074	0.03	0.044	0.036	0.021	0.054	0.048	0.102	0.081	0.143	0.129	0.103	0.145	0.079	0.101	0.102	0.127	0.029	0.027	0.013	0.026	0.031	0.034	0.014	0.108	0.103	0.079	0.017	0.034	0.021	0.0	0.031	0.069	0.034	0.012	0.036	0.0	0.028	0.062	0.054	0.029	0.035	0.026	0.024	0.016	0.025	0.013	0.074	0.031	0.022	0.018	0.008	
Chromosome	3794876	T	G	0.025	0.188	0.189	0.19	0.156	0.166	0.094	0.209	0.16	0.222	0.098	0.142	0.0	0.028	0.164	0.062	0.159	0.115	0.12	0.125	0.128	0.099	0.059	0.066	0.126	0.154	0.159	0.222	0.111	0.158	0.114	0.124	0.127	0.126	0.077	0.063	0.081	0.067	0.02	0.048	0.062	0.103	0.088	0.091	0.062	0.053	0.043	0.0	0.128	0.116	0.115	0.007	0.094	0.007	0.065	0.115	0.078	0.04	0.049	0.059	0.051	0.026	0.091	0.045	0.124	0.06	0.057	0.033	0.0	
Chromosome	3862940	A	C	0.051	0.185	0.12	0.202	0.156	0.122	0.153	0.151	0.255	0.156	0.036	0.064	0.0	0.065	0.212	0.213	0.23	0.109	0.142	0.053	0.131	0.045	0.109	0.068	0.082	0.104	0.129	0.195	0.154	0.248	0.154	0.2	0.108	0.096	0.055	0.074	0.091	0.098	0.056	0.065	0.042	0.104	0.087	0.134	0.06	0.056	0.067	0.0	0.094	0.054	0.076	0.0	0.135	0.0	0.054	0.092	0.095	0.051	0.065	0.057	0.043	0.046	0.069	0.045	0.097	0.048	0.047	0.034	0.0	
Chromosome	4214560	C	A	0.452	0.509	0.431	0.453	0.479	0.42	0.468	0.49	0.472	0.509	0.462	0.494	0.408	0.533	0.441	0.444	0.525	0.503	0.477	0.478	0.474	0.465	0.518	0.466	0.465	0.544	0.5	0.53	0.506	0.48	0.485	0.401	0.533	0.478	0.449	0.475	0.494	0.517	0.494	0.476	0.515	0.485	0.48	0.481	0.502	0.45	0.481	0.463	0.458	0.491	0.505	0.538	0.511	0.524	0.498	0.496	0.478	0.497	0.486	0.494	0.506	0.43	0.49	0.489	0.515	0.442	0.432	0.326	0.498	
Chromosome	4214739	G	GT	0.34	0.371	0.331	0.371	0.301	0.321	0.324	0.352	0.367	0.535	0.391	0.331	0.26	0.395	0.304	0.332	0.352	0.324	0.364	0.304	0.32	0.338	0.351	0.336	0.368	0.472	0.392	0.342	0.38	0.312	0.339	0.353	0.34	0.358	0.313	0.303	0.316	0.331	0.332	0.321	0.353	0.327	0.388	0.339	0.358	0.305	0.333	0.327	0.332	0.362	0.287	0.317	0.332	0.357	0.306	0.309	0.32	0.334	0.355	0.338	0.314	0.329	0.36	0.327	0.316	0.303	0.304	0.266	0.329	
Chromosome	4214852	A	AG	0.06	0.039	0.024	0.074	0.088	0.054	0.026	0.069	0.048	0.065	0.06	0.058	0.082	0.074	0.043	0.078	0.072	0.05	0.058	0.023	0.048	0.056	0.076	0.083	0.069	0.07	0.099	0.049	0.107	0.048	0.074	0.046	0.047	0.057	0.059	0.07	0.045	0.05	0.069	0.061	0.07	0.066	0.067	0.066	0.062	0.073	0.066	0.022	0.065	0.047	0.037	0.051	0.087	0.097	0.015	0.066	0.044	0.084	0.064	0.057	0.058	0.053	0.058	0.067	0.049	0.073	0.054	0.058	0.045	
Chromosome	4214853	C	CAAT	0.0	0.007	0.0	0.0	0.0	0.0	0.0	0.006	0.008	0.0	0.004	0.006	0.06	0.0	0.0	0.0	0.008	0.0	0.004	0.0	0.0	0.0	0.013	0.003	0.0	0.0	0.0	0.006	0.0	0.0	0.006	0.0	0.0	0.004	0.0	0.008	0.003	0.0	0.0	0.003	0.004	0.0	0.004	0.0	0.0	0.0	0.003	0.011	0.0	0.006	0.0	0.034	0.0	0.067	0.0	0.004	0.0	0.0	0.004	0.0	0.0	0.0	0.008	0.009	0.0	0.0	0.0	0.0	0.019	
Chromosome	4214855	A	ATCAAT	0.045	0.052	0.04	0.07	0.081	0.048	0.027	0.07	0.056	0.107	0.055	0.061	0.05	0.048	0.05	0.07	0.072	0.049	0.05	0.009	0.039	0.042	0.082	0.072	0.07	0.066	0.096	0.044	0.102	0.049	0.067	0.041	0.045	0.046	0.048	0.066	0.041	0.039	0.058	0.066	0.071	0.065	0.071	0.058	0.069	0.069	0.071	0.022	0.059	0.048	0.036	0.045	0.078	0.078	0.015	0.062	0.044	0.067	0.06	0.052	0.072	0.057	0.058	0.058	0.057	0.062	0.05	0.051	0.032	
Chromosome	4442225	T	G	0.049	0.214	0.142	0.243	0.216	0.209	0.17	0.178	0.209	0.042	0.058	0.056	0.014	0.034	0.2	0.172	0.168	0.1	0.137	0.092	0.099	0.05	0.043	0.087	0.068	0.072	0.2	0.125	0.185	0.185	0.13	0.143	0.16	0.022	0.075	0.06	0.048	0.029	0.076	0.051	0.042	0.082	0.06	0.191	0.06	0.062	0.062	0.01	0.155	0.112	0.092	0.0	0.121	0.0	0.082	0.08	0.102	0.077	0.051	0.083	0.057	0.058	0.081	0.029	0.114	0.069	0.06	0.076	0.013	
Chromosome	4451662	G	GC	0.0	0.278	0.0	0.0	0.0	0.0	0.0	0.0	0.0	0.0	0.0	0.0	0.0	0.0	0.0	0.0	0.0	0.0	0.0	0.0	0.0	0.0	0.0	0.0	0.0	0.0	0.0	0.0	0.0	0.0	0.0	0.0	0.0	0.017	0.0	0.0	0.0	0.007	0.0	0.0	0.0	0.0	0.0	0.0	0.0	0.0	0.0	0.0	0.0	0.0	0.0	0.0	0.0	0.0	0.0	0.0	0.0	0.0	0.0	0.0	0.0	0.0	0.0	0.0	0.0	0.0	0.0	0.0	0.0	
Chromosome	4537113	T	G	0.087	0.259	0.212	0.244	0.193	0.208	0.175	0.238	0.232	0.325	0.149	0.133	0.0	0.08	0.151	0.13	0.183	0.202	0.147	0.116	0.148	0.066	0.119	0.123	0.168	0.157	0.143	0.216	0.176	0.207	0.157	0.192	0.203	0.205	0.123	0.1	0.13	0.101	0.088	0.096	0.07	0.188	0.14	0.149	0.082	0.089	0.051	0.005	0.136	0.144	0.159	0.007	0.099	0.0	0.121	0.181	0.112	0.086	0.1	0.072	0.127	0.072	0.09	0.165	0.131	0.081	0.081	0.066	0.0	
Chromosome	4582881	T	G	0.086	0.157	0.071	0.117	0.07	0.176	0.118	0.147	0.137	0.211	0.182	0.089	0.006	0.046	0.122	0.212	0.074	0.119	0.091	0.126	0.127	0.07	0.11	0.102	0.236	0.138	0.175	0.09	0.073	0.204	0.119	0.151	0.084	0.116	0.107	0.099	0.06	0.096	0.071	0.075	0.078	0.11	0.099	0.124	0.091	0.088	0.054	0.0	0.132	0.086	0.086	0.006	0.097	0.006	0.123	0.069	0.084	0.071	0.072	0.073	0.09	0.084	0.108	0.106	0.122	0.065	0.067	0.071	0.015	
Chromosome	4612880	T	C	0.0	0.207	0.0	0.0	0.0	0.0	0.0	0.0	0.0	0.0	0.0	0.0	0.0	0.0	0.0	0.0	0.0	0.0	0.0	0.008	0.0	0.0	0.0	0.0	0.0	0.0	0.0	0.0	0.0	0.0	0.0	0.0	0.005	0.0	0.004	0.0	0.0	0.0	0.0	0.0	0.0	0.0	0.0	0.0	0.0	0.0	0.0	0.0	0.0	0.0	0.0	0.0	0.0	0.0	0.0	0.0	0.0	0.0	0.0	0.003	0.0	0.0	0.0	0.0	0.0	0.0	0.003	0.0	0.0	
Chromosome	4619545	A	C	0.183	0.32	0.2	0.223	0.221	0.295	0.177	0.263	0.282	0.318	0.283	0.241	0.0	0.145	0.265	0.229	0.267	0.221	0.242	0.322	0.252	0.224	0.197	0.173	0.206	0.242	0.21	0.272	0.28	0.225	0.293	0.238	0.256	0.28	0.168	0.253	0.15	0.219	0.167	0.197	0.202	0.234	0.295	0.253	0.186	0.201	0.168	0.0	0.177	0.286	0.215	0.0	0.219	0.0	0.206	0.212	0.219	0.206	0.191	0.239	0.172	0.163	0.167	0.214	0.249	0.205	0.162	0.191	0.0	
Chromosome	4676705	T	G	0.075	0.242	0.21	0.171	0.255	0.26	0.277	0.227	0.189	0.238	0.173	0.136	0.0	0.039	0.244	0.272	0.285	0.092	0.163	0.137	0.157	0.109	0.151	0.138	0.163	0.119	0.176	0.208	0.197	0.215	0.242	0.197	0.156	0.123	0.141	0.112	0.112	0.138	0.069	0.097	0.064	0.118	0.188	0.203	0.087	0.094	0.093	0.0	0.205	0.124	0.159	0.0	0.189	0.0	0.15	0.115	0.112	0.085	0.097	0.078	0.095	0.071	0.162	0.132	0.14	0.058	0.061	0.055	0.0	
Chromosome	4819342	T	G	0.067	0.139	0.108	0.127	0.114	0.136	0.093	0.14	0.119	0.13	0.119	0.109	0.007	0.047	0.104	0.075	0.149	0.17	0.07	0.079	0.078	0.08	0.094	0.042	0.134	0.167	0.152	0.099	0.137	0.136	0.042	0.141	0.127	0.127	0.061	0.067	0.089	0.062	0.067	0.067	0.047	0.146	0.117	0.15	0.057	0.062	0.075	0.009	0.103	0.09	0.053	0.011	0.107	0.0	0.112	0.103	0.08	0.076	0.081	0.057	0.082	0.073	0.059	0.046	0.084	0.04	0.051	0.062	0.0	
Chromosome	5231357	T	G	0.108	0.136	0.111	0.082	0.145	0.162	0.065	0.076	0.129	0.161	0.1	0.116	0.0	0.115	0.082	0.137	0.089	0.134	0.062	0.074	0.105	0.128	0.136	0.084	0.158	0.187	0.113	0.076	0.074	0.079	0.118	0.112	0.114	0.097	0.104	0.109	0.132	0.108	0.111	0.076	0.109	0.14	0.113	0.1	0.071	0.107	0.089	0.005	0.129	0.111	0.094	0.006	0.115	0.0	0.083	0.113	0.101	0.096	0.076	0.106	0.123	0.085	0.12	0.103	0.121	0.091	0.069	0.091	0.0	
Chromosome	5437973	A	C	0.047	0.121	0.045	0.167	0.115	0.145	0.193	0.083	0.188	0.045	0.095	0.128	0.006	0.056	0.079	0.131	0.087	0.111	0.094	0.056	0.113	0.086	0.048	0.078	0.179	0.144	0.127	0.132	0.134	0.037	0.175	0.118	0.172	0.146	0.088	0.055	0.071	0.078	0.084	0.059	0.03	0.107	0.075	0.112	0.081	0.049	0.034	0.01	0.063	0.073	0.08	0.0	0.12	0.0	0.036	0.087	0.058	0.11	0.075	0.066	0.062	0.04	0.047	0.035	0.073	0.024	0.04	0.035	0.0	
Chromosome	5461789	T	G	0.108	0.438	0.327	0.487	0.46	0.532	0.352	0.44	0.413	0.6	0.472	0.342	0.011	0.107	0.359	0.451	0.46	0.412	0.349	0.333	0.346	0.225	0.197	0.174	0.5	0.404	0.315	0.39	0.494	0.459	0.457	0.602	0.455	0.442	0.239	0.237	0.217	0.231	0.174	0.22	0.145	0.316	0.327	0.353	0.17	0.168	0.167	0.0	0.33	0.357	0.409	0.008	0.326	0.006	0.263	0.33	0.181	0.164	0.215	0.163	0.144	0.082	0.179	0.278	0.232	0.118	0.137	0.175	0.01	
Chromosome	5461840	A	C	0.072	0.124	0.064	0.143	0.075	0.105	0.103	0.049	0.128	0.0	0.033	0.035	0.01	0.024	0.089	0.123	0.159	0.019	0.151	0.089	0.123	0.007	0.026	0.035	0.04	0.019	0.164	0.177	0.097	0.114	0.138	0.14	0.137	0.046	0.048	0.044	0.032	0.036	0.068	0.062	0.017	0.034	0.022	0.164	0.077	0.053	0.057	0.008	0.084	0.157	0.081	0.0	0.106	0.0	0.027	0.115	0.078	0.058	0.077	0.062	0.057	0.047	0.054	0.062	0.073	0.073	0.052	0.048	0.0	
Chromosome	5461843	T	G	0.137	0.184	0.154	0.206	0.137	0.129	0.114	0.105	0.171	0.0	0.033	0.108	0.019	0.076	0.111	0.227	0.148	0.031	0.226	0.156	0.148	0.049	0.075	0.092	0.054	0.049	0.25	0.237	0.137	0.235	0.178	0.165	0.195	0.036	0.114	0.115	0.064	0.106	0.127	0.157	0.046	0.057	0.037	0.202	0.159	0.147	0.114	0.024	0.144	0.169	0.179	0.0	0.218	0.018	0.028	0.163	0.162	0.143	0.117	0.148	0.135	0.137	0.072	0.071	0.149	0.155	0.155	0.133	0.011	
Chromosome	5499064	A	C	0.042	0.175	0.092	0.162	0.11	0.147	0.15	0.109	0.159	0.135	0.064	0.088	0.0	0.006	0.085	0.143	0.171	0.072	0.069	0.063	0.06	0.057	0.04	0.034	0.088	0.107	0.068	0.066	0.099	0.149	0.103	0.102	0.149	0.078	0.029	0.038	0.047	0.074	0.027	0.024	0.026	0.142	0.092	0.092	0.039	0.04	0.045	0.0	0.057	0.039	0.077	0.007	0.075	0.0	0.052	0.071	0.043	0.027	0.038	0.043	0.035	0.019	0.027	0.036	0.081	0.017	0.043	0.04	0.0	
Chromosome	5512267	A	C	0.136	0.222	0.179	0.237	0.242	0.247	0.264	0.202	0.262	0.289	0.301	0.2	0.005	0.136	0.148	0.275	0.185	0.193	0.247	0.181	0.204	0.122	0.205	0.17	0.194	0.214	0.205	0.27	0.237	0.228	0.226	0.227	0.195	0.233	0.173	0.184	0.201	0.177	0.138	0.15	0.116	0.181	0.239	0.144	0.131	0.143	0.133	0.0	0.181	0.201	0.176	0.006	0.208	0.005	0.164	0.26	0.116	0.126	0.154	0.129	0.12	0.087	0.192	0.169	0.136	0.123	0.111	0.126	0.0	
Chromosome	5521106	A	C	0.049	0.144	0.176	0.195	0.212	0.2	0.163	0.19	0.204	0.057	0.145	0.105	0.004	0.036	0.13	0.189	0.122	0.146	0.126	0.139	0.124	0.078	0.068	0.053	0.158	0.144	0.132	0.13	0.162	0.131	0.142	0.173	0.123	0.136	0.086	0.057	0.058	0.071	0.068	0.08	0.056	0.139	0.127	0.163	0.058	0.081	0.051	0.0	0.078	0.071	0.133	0.0	0.138	0.006	0.121	0.11	0.059	0.059	0.072	0.053	0.072	0.077	0.109	0.093	0.082	0.077	0.051	0.078	0.0	
Chromosome	5521109	A	C	0.077	0.174	0.179	0.18	0.167	0.189	0.131	0.214	0.155	0.121	0.139	0.156	0.0	0.03	0.151	0.144	0.111	0.146	0.139	0.135	0.081	0.082	0.05	0.068	0.157	0.189	0.169	0.147	0.154	0.19	0.153	0.109	0.133	0.135	0.095	0.119	0.06	0.066	0.06	0.076	0.053	0.133	0.113	0.109	0.09	0.058	0.05	0.0	0.091	0.134	0.139	0.011	0.178	0.0	0.094	0.114	0.04	0.042	0.075	0.076	0.052	0.096	0.112	0.075	0.087	0.063	0.062	0.057	0.006	
Chromosome	5693404	C	CGG	0.0	0.0	0.015	0.0	0.014	0.0	0.0	0.0	0.0	0.0	0.0	0.013	0.0	0.0	0.0	0.0	0.013	0.007	0.0	0.0	0.0	0.0	0.0	0.0	0.0	0.0	0.023	0.0	0.011	0.0	0.0	0.011	0.021	0.007	0.0	0.0	0.0	0.0	0.0	0.0	0.0	0.0	0.0	0.017	0.005	0.0	0.0	0.0	0.0	0.0	0.006	0.0	0.0	0.0	0.0	0.0	0.0	0.0	0.0	0.0	0.004	0.0	0.0	0.0	0.006	0.0	0.0	0.0	0.0	
Chromosome	5693406	T	G	0.162	0.485	0.206	0.369	0.397	0.244	0.366	0.293	0.259	0.4	0.247	0.303	0.0	0.044	0.177	0.348	0.288	0.23	0.181	0.171	0.255	0.143	0.16	0.117	0.204	0.343	0.196	0.286	0.353	0.279	0.213	0.363	0.268	0.273	0.18	0.182	0.141	0.149	0.12	0.115	0.081	0.186	0.262	0.214	0.119	0.154	0.11	0.0	0.25	0.274	0.218	0.0	0.174	0.0	0.065	0.238	0.164	0.167	0.141	0.162	0.132	0.16	0.142	0.131	0.201	0.18	0.12	0.134	0.0	
Chromosome	5693409	C	G	0.205	0.455	0.348	0.524	0.549	0.461	0.434	0.378	0.37	0.629	0.437	0.394	0.0	0.115	0.458	0.42	0.361	0.413	0.286	0.275	0.295	0.238	0.159	0.164	0.525	0.508	0.348	0.316	0.427	0.388	0.347	0.42	0.432	0.374	0.217	0.246	0.267	0.244	0.248	0.23	0.26	0.37	0.408	0.339	0.245	0.208	0.2	0.0	0.291	0.274	0.224	0.0	0.196	0.0	0.21	0.281	0.193	0.258	0.211	0.242	0.238	0.229	0.248	0.239	0.322	0.243	0.225	0.17	0.0	
Chromosome	5693423	T	C	0.133	0.274	0.164	0.395	0.305	0.21	0.275	0.26	0.224	0.455	0.263	0.223	0.006	0.0	0.224	0.221	0.236	0.267	0.108	0.153	0.196	0.128	0.14	0.081	0.307	0.354	0.237	0.269	0.337	0.2	0.21	0.267	0.271	0.303	0.193	0.142	0.111	0.136	0.146	0.089	0.07	0.2	0.164	0.15	0.103	0.118	0.101	0.0	0.187	0.167	0.151	0.0	0.078	0.006	0.132	0.191	0.075	0.124	0.11	0.127	0.128	0.085	0.099	0.152	0.175	0.146	0.131	0.139	0.0	
Chromosome	5758976	T	G	0.068	0.167	0.135	0.06	0.143	0.12	0.144	0.111	0.161	0.097	0.099	0.091	0.0	0.024	0.109	0.095	0.153	0.105	0.105	0.125	0.098	0.068	0.065	0.069	0.114	0.111	0.148	0.102	0.129	0.119	0.163	0.115	0.094	0.098	0.048	0.066	0.071	0.056	0.045	0.062	0.038	0.077	0.083	0.105	0.077	0.036	0.061	0.011	0.121	0.156	0.102	0.006	0.134	0.0	0.069	0.077	0.056	0.057	0.078	0.057	0.054	0.049	0.041	0.075	0.101	0.054	0.07	0.05	0.015	
Chromosome	5809727	C	T	0.0	0.164	0.0	0.0	0.006	0.0	0.0	0.0	0.0	0.0	0.0	0.0	0.0	0.0	0.0	0.0	0.0	0.0	0.0	0.0	0.0	0.0	0.0	0.0	0.0	0.0	0.0	0.0	0.0	0.0	0.0	0.0	0.0	0.0	0.0	0.0	0.0	0.0	0.0	0.0	0.0	0.0	0.0	0.0	0.0	0.0	0.0	0.0	0.0	0.0	0.0	0.0	0.0	0.005	0.0	0.0	0.0	0.0	0.0	0.002	0.0	0.0	0.0	0.0	0.0	0.0	0.0	0.0	0.0	
Chromosome	6111351	A	C	0.074	0.118	0.097	0.076	0.176	0.101	0.143	0.104	0.157	0.073	0.067	0.073	0.0	0.017	0.13	0.164	0.123	0.055	0.112	0.117	0.122	0.096	0.061	0.069	0.085	0.038	0.135	0.105	0.196	0.169	0.163	0.154	0.125	0.032	0.069	0.08	0.066	0.045	0.049	0.056	0.058	0.073	0.038	0.126	0.044	0.053	0.044	0.0	0.096	0.091	0.095	0.005	0.126	0.006	0.036	0.084	0.093	0.046	0.08	0.056	0.048	0.061	0.042	0.082	0.072	0.032	0.037	0.04	0.008	
Chromosome	6135889	T	G	0.068	0.27	0.274	0.24	0.203	0.239	0.183	0.2	0.227	0.194	0.173	0.166	0.006	0.045	0.228	0.201	0.267	0.148	0.14	0.163	0.132	0.118	0.12	0.104	0.127	0.141	0.179	0.236	0.245	0.292	0.219	0.175	0.139	0.158	0.108	0.13	0.168	0.131	0.068	0.057	0.079	0.151	0.15	0.174	0.062	0.082	0.079	0.0	0.162	0.145	0.147	0.016	0.134	0.0	0.105	0.157	0.098	0.069	0.092	0.066	0.11	0.081	0.136	0.144	0.178	0.095	0.071	0.067	0.007	
Chromosome	6135898	A	C	0.048	0.261	0.24	0.247	0.262	0.245	0.254	0.178	0.265	0.162	0.138	0.148	0.006	0.038	0.276	0.254	0.287	0.133	0.132	0.151	0.101	0.114	0.079	0.117	0.14	0.126	0.133	0.25	0.295	0.341	0.252	0.239	0.123	0.168	0.084	0.066	0.092	0.075	0.048	0.046	0.042	0.154	0.12	0.109	0.054	0.073	0.048	0.0	0.145	0.132	0.119	0.0	0.119	0.0	0.044	0.122	0.078	0.059	0.039	0.047	0.044	0.054	0.101	0.084	0.135	0.045	0.065	0.061	0.0	
Chromosome	6246031	T	G	0.022	0.148	0.068	0.093	0.077	0.08	0.077	0.047	0.074	0.133	0.048	0.059	0.0	0.017	0.058	0.049	0.062	0.057	0.038	0.036	0.054	0.018	0.013	0.057	0.062	0.035	0.068	0.026	0.061	0.079	0.054	0.094	0.086	0.048	0.03	0.009	0.025	0.038	0.027	0.003	0.007	0.071	0.035	0.08	0.041	0.038	0.013	0.005	0.05	0.048	0.077	0.0	0.036	0.006	0.027	0.054	0.046	0.026	0.019	0.034	0.045	0.011	0.022	0.036	0.055	0.033	0.018	0.016	0.0	
Chromosome	6273839	T	G	0.09	0.237	0.096	0.16	0.23	0.154	0.137	0.184	0.154	0.161	0.179	0.092	0.0	0.069	0.213	0.169	0.151	0.119	0.107	0.072	0.176	0.123	0.055	0.078	0.149	0.11	0.18	0.21	0.226	0.16	0.193	0.151	0.155	0.104	0.088	0.073	0.093	0.093	0.079	0.109	0.084	0.122	0.146	0.142	0.088	0.065	0.085	0.0	0.12	0.137	0.14	0.007	0.136	0.0	0.103	0.178	0.057	0.086	0.091	0.119	0.096	0.077	0.083	0.037	0.116	0.09	0.091	0.081	0.0	
Chromosome	6365110	A	C	0.056	0.125	0.102	0.114	0.089	0.112	0.136	0.145	0.089	0.07	0.087	0.065	0.0	0.06	0.084	0.152	0.08	0.093	0.109	0.088	0.089	0.056	0.077	0.057	0.083	0.13	0.134	0.099	0.136	0.121	0.099	0.113	0.088	0.068	0.057	0.047	0.05	0.085	0.066	0.089	0.04	0.117	0.083	0.074	0.05	0.064	0.043	0.005	0.094	0.095	0.093	0.0	0.119	0.0	0.06	0.073	0.07	0.038	0.068	0.07	0.046	0.061	0.057	0.067	0.073	0.057	0.064	0.037	0.0	
Chromosome	6409919	A	C	0.053	0.103	0.064	0.094	0.097	0.101	0.093	0.101	0.146	0.0	0.055	0.043	0.005	0.047	0.099	0.095	0.095	0.104	0.146	0.064	0.099	0.108	0.093	0.105	0.085	0.09	0.09	0.066	0.053	0.075	0.076	0.073	0.064	0.099	0.126	0.103	0.061	0.075	0.022	0.069	0.07	0.079	0.089	0.035	0.057	0.07	0.074	0.005	0.091	0.129	0.117	0.006	0.082	0.0	0.072	0.09	0.079	0.079	0.075	0.046	0.057	0.057	0.104	0.094	0.049	0.034	0.065	0.062	0.0	
Chromosome	6458276	T	G	0.134	0.145	0.135	0.134	0.165	0.195	0.179	0.197	0.138	0.026	0.106	0.125	0.0	0.135	0.17	0.152	0.155	0.139	0.152	0.154	0.131	0.119	0.164	0.163	0.152	0.081	0.123	0.133	0.088	0.157	0.154	0.132	0.136	0.123	0.148	0.145	0.118	0.147	0.113	0.143	0.093	0.174	0.168	0.144	0.155	0.125	0.07	0.0	0.131	0.146	0.176	0.005	0.155	0.0	0.107	0.149	0.11	0.117	0.096	0.105	0.119	0.112	0.127	0.101	0.114	0.103	0.122	0.066	0.0	
Chromosome	6530431	A	C	0.07	0.18	0.152	0.208	0.175	0.149	0.199	0.196	0.14	0.125	0.178	0.189	0.005	0.044	0.114	0.184	0.177	0.134	0.133	0.138	0.118	0.087	0.039	0.064	0.136	0.232	0.183	0.162	0.137	0.088	0.136	0.124	0.156	0.161	0.069	0.064	0.047	0.068	0.01	0.033	0.048	0.089	0.135	0.18	0.087	0.056	0.037	0.0	0.077	0.088	0.112	0.007	0.108	0.0	0.071	0.114	0.052	0.033	0.046	0.055	0.072	0.02	0.055	0.063	0.104	0.039	0.063	0.045	0.0	
Chromosome	6769713	T	G	0.043	0.194	0.121	0.09	0.105	0.097	0.093	0.171	0.125	0.02	0.062	0.045	0.005	0.012	0.077	0.079	0.103	0.029	0.052	0.081	0.081	0.023	0.1	0.047	0.035	0.044	0.115	0.132	0.078	0.091	0.102	0.057	0.091	0.04	0.059	0.037	0.039	0.035	0.041	0.041	0.027	0.055	0.045	0.093	0.041	0.047	0.026	0.0	0.037	0.103	0.089	0.0	0.076	0.0	0.078	0.087	0.054	0.041	0.031	0.051	0.038	0.042	0.047	0.03	0.067	0.024	0.034	0.04	0.0	
Chromosome	6778445	A	C	0.117	0.209	0.23	0.25	0.295	0.179	0.182	0.215	0.148	0.369	0.254	0.265	0.182	0.106	0.236	0.159	0.199	0.245	0.182	0.18	0.221	0.224	0.193	0.236	0.3	0.27	0.214	0.214	0.144	0.16	0.269	0.287	0.244	0.26	0.239	0.215	0.223	0.219	0.145	0.135	0.188	0.273	0.271	0.198	0.169	0.141	0.178	0.146	0.205	0.268	0.227	0.218	0.211	0.211	0.19	0.263	0.162	0.211	0.164	0.191	0.181	0.17	0.234	0.23	0.232	0.159	0.145	0.203	0.226	
Chromosome	6923330	T	G	0.29	0.493	0.339	0.411	0.474	0.417	0.376	0.471	0.507	0.588	0.413	0.437	0.0	0.253	0.352	0.347	0.411	0.365	0.397	0.421	0.319	0.333	0.374	0.324	0.472	0.587	0.472	0.467	0.396	0.397	0.383	0.427	0.39	0.423	0.307	0.372	0.351	0.382	0.258	0.264	0.271	0.46	0.412	0.466	0.31	0.292	0.261	0.0	0.392	0.372	0.322	0.0	0.42	0.006	0.265	0.283	0.261	0.294	0.261	0.261	0.3	0.279	0.36	0.294	0.352	0.236	0.273	0.232	0.014	
