chromosome	pos	ref	mut	APAW	NANOC	NANOA	NANOB	Ana1	BedA	BedB	BedC	BedD	CipA	CipB	CipC	CLFA	CLFB	CLFC	CombA2	CombA3	CombA	CombAu1	CombAu3	CombAu5	CombB	CombC	CycloA	CycloB	CycloC	EMBA	EMBB	EMBC	INH1	INH2	INHA	LzdA	LzdB	LzdC	M91	M92	M9B	MA_F1	MA_F2	MA_F3	MA_H1	MA_H2	MA_H3	MA_S1	MA_S2	MA_S3	MMCA	MMCB	MMCC	MockA	MockB	MockC	MockD	MockE	MockF	MockG	MockH	MockI	MockJ	MockK	MockL	RIFA	RIFB	RIFC	UV1	UV2	UV3	WT_Msm
Chromosome	645424	A	C	0.121	0.175	0.148	0.182	0.072	0.252	0.241	0.19	0.071	0.163	0.197	0.197	0.093	0.146	0.085	0.098	0.106	0.207	0.212	0.205	0.254	0.209	0.221	0.181	0.136	0.129	0.103	0.082	0.076	0.188	0.154	0.116	0.106	0.092	0.186	0.141	0.14	0.12	0.0	0.167	0.196	0.241	0.0	0.16	0.0	0.097	0.176	0.17	0.146	0.151	0.231	0.187	0.153	0.214	0.211	0.238	0.241	0.257	0.032	0.097	0.102	0.005	0.08	0.103	0.156	0.139	0.161	0.158	0.008	
Chromosome	706123	T	G	0.145	0.164	0.139	0.15	0.094	0.195	0.196	0.2	0.155	0.187	0.222	0.226	0.158	0.104	0.112	0.173	0.132	0.2	0.212	0.221	0.237	0.163	0.243	0.209	0.172	0.167	0.155	0.149	0.15	0.167	0.092	0.128	0.159	0.108	0.251	0.16	0.141	0.143	0.0	0.209	0.181	0.209	0.006	0.205	0.005	0.114	0.151	0.106	0.158	0.138	0.219	0.212	0.236	0.263	0.204	0.225	0.25	0.253	0.205	0.168	0.171	0.005	0.11	0.167	0.186	0.162	0.134	0.171	0.007	
Chromosome	739577	G	A	0.0	0.081	0.0	0.0	0.0	0.0	0.0	0.0	0.0	0.0	0.0	0.0	0.0	0.0	0.0	0.0	0.0	0.0	0.0	0.0	0.0	0.0	0.0	0.0	0.0	0.0	0.0	0.0	0.0	0.0	0.0	0.0	0.0	0.0	0.0	0.0	0.0	0.0	0.006	0.0	0.0	0.0	0.0	0.0	0.0	0.0	0.0	0.0	0.0	0.0	0.0	0.0	0.0	0.0	0.0	0.0	0.0	0.0	0.0	0.0	0.0	0.0	0.004	0.0	0.0	0.0	0.0	0.0	0.0	
Chromosome	941852	C	T	0.0	0.092	0.0	0.0	0.0	0.0	0.0	0.0	0.0	0.013	0.0	0.0	0.0	0.0	0.0	0.0	0.0	0.0	0.0	0.006	0.0	0.0	0.0	0.0	0.0	0.0	0.0	0.0	0.005	0.004	0.0	0.0	0.0	0.004	0.0	0.0	0.002	0.003	0.0	0.0	0.0	0.0	0.0	0.0	0.0	0.0	0.0	0.0	0.0	0.0	0.0	0.0	0.0	0.0	0.0	0.0	0.0	0.0	0.0	0.0	0.004	0.0	0.0	0.0	0.0	0.0	0.0	0.0	0.0	
Chromosome	1939109	A	G	0.0	0.0	0.0	0.0	0.0	0.0	0.0	0.0	0.0	0.0	0.0	0.0	0.0	0.0	0.018	0.0	0.0	0.0	0.0	0.0	0.0	0.0	0.0	0.0	0.0	0.0	0.0	0.0	0.0	0.0	0.0	0.0	0.0	0.0	0.0	0.0	0.0	0.0	0.0	0.0	0.0	0.0	0.0	0.0	0.0	0.0	0.0	0.0	0.01	0.0	0.0	0.0	0.0	0.0	0.038	0.0	0.0	0.0	0.0	0.0	0.0	0.0	0.0	0.0	0.0	0.0	0.0	0.0	0.0	
Chromosome	2535884	T	A	0.282	0.33	0.312	0.315	0.176	0.2	0.281	0.197	0.119	0.238	0.314	0.315	0.198	0.169	0.172	0.149	0.192	0.314	0.246	0.187	0.202	0.202	0.259	0.236	0.203	0.192	0.123	0.203	0.16	0.332	0.256	0.14	0.161	0.151	0.239	0.261	0.235	0.32	0.0	0.277	0.251	0.28	0.0	0.287	0.0	0.168	0.314	0.228	0.271	0.284	0.259	0.219	0.224	0.286	0.236	0.235	0.271	0.248	0.115	0.136	0.167	0.0	0.141	0.186	0.3	0.312	0.266	0.339	0.0	
Chromosome	2579189	A	C	0.173	0.226	0.225	0.219	0.134	0.268	0.276	0.242	0.322	0.271	0.222	0.31	0.219	0.219	0.213	0.261	0.246	0.282	0.237	0.297	0.183	0.206	0.319	0.253	0.25	0.187	0.23	0.232	0.224	0.248	0.226	0.202	0.275	0.243	0.239	0.21	0.225	0.223	0.006	0.273	0.263	0.274	0.0	0.395	0.0	0.226	0.303	0.277	0.259	0.226	0.283	0.34	0.287	0.219	0.263	0.281	0.333	0.308	0.238	0.256	0.256	0.0	0.154	0.254	0.234	0.26	0.238	0.244	0.013	
Chromosome	2946508	A	C	0.246	0.227	0.227	0.227	0.101	0.217	0.231	0.185	0.093	0.214	0.243	0.283	0.125	0.082	0.143	0.089	0.048	0.182	0.213	0.25	0.216	0.198	0.211	0.218	0.103	0.136	0.094	0.074	0.169	0.226	0.268	0.122	0.069	0.05	0.24	0.201	0.204	0.213	0.007	0.327	0.318	0.269	0.007	0.321	0.013	0.123	0.293	0.197	0.281	0.231	0.284	0.258	0.273	0.293	0.171	0.168	0.185	0.333	0.056	0.071	0.058	0.0	0.159	0.182	0.219	0.23	0.269	0.168	0.01	
Chromosome	2981449	C	T	0.0	0.155	0.002	0.172	0.006	0.0	0.0	0.0	0.004	0.0	0.0	0.0	0.0	0.0	0.007	0.0	0.0	0.0	0.0	0.0	0.0	0.0	0.0	0.0	0.0	0.004	0.0	0.0	0.0	0.0	0.0	0.0	0.0	0.0	0.0	0.0	0.002	0.0	0.0	0.0	0.0	0.0	0.0	0.006	0.0	0.0	0.0	0.0	0.0	0.002	0.0	0.0	0.0	0.0	0.0	0.0	0.0	0.0	0.0	0.0	0.0	0.0	0.0	0.0	0.0	0.0	0.005	0.003	0.0	
Chromosome	3030967	A	C	0.347	0.402	0.359	0.361	0.255	0.5	0.368	0.451	0.587	0.396	0.345	0.489	0.437	0.421	0.388	0.566	0.676	0.512	0.409	0.514	0.563	0.43	0.37	0.488	0.567	0.506	0.368	0.451	0.35	0.307	0.314	0.456	0.586	0.61	0.54	0.34	0.377	0.383	0.0	0.375	0.446	0.483	0.007	0.438	0.0	0.456	0.394	0.337	0.331	0.378	0.623	0.525	0.565	0.522	0.614	0.5	0.455	0.6	0.634	0.724	0.594	0.0	0.407	0.389	0.368	0.286	0.403	0.299	0.0	
Chromosome	3123426	T	G	0.146	0.115	0.189	0.178	0.126	0.244	0.243	0.258	0.263	0.228	0.21	0.237	0.243	0.218	0.161	0.27	0.245	0.343	0.197	0.273	0.209	0.254	0.204	0.286	0.241	0.283	0.173	0.237	0.205	0.135	0.095	0.131	0.256	0.257	0.206	0.154	0.163	0.142	0.006	0.287	0.24	0.205	0.0	0.195	0.007	0.176	0.237	0.155	0.113	0.163	0.248	0.169	0.377	0.25	0.245	0.33	0.227	0.246	0.348	0.246	0.188	0.0	0.226	0.19	0.214	0.123	0.119	0.135	0.0	
Chromosome	3278750	A	C	0.195	0.188	0.209	0.224	0.123	0.16	0.238	0.298	0.071	0.182	0.231	0.234	0.11	0.096	0.111	0.043	0.092	0.169	0.267	0.224	0.148	0.254	0.182	0.245	0.033	0.102	0.081	0.114	0.138	0.171	0.196	0.058	0.038	0.04	0.221	0.191	0.18	0.181	0.0	0.207	0.215	0.223	0.0	0.23	0.0	0.045	0.203	0.227	0.205	0.179	0.19	0.245	0.22	0.242	0.127	0.171	0.101	0.214	0.152	0.088	0.044	0.0	0.085	0.094	0.2	0.193	0.235	0.218	0.0	
Chromosome	3777630	T	G	0.182	0.227	0.175	0.212	0.163	0.227	0.304	0.34	0.231	0.305	0.299	0.26	0.225	0.299	0.214	0.366	0.344	0.338	0.275	0.308	0.26	0.316	0.314	0.263	0.302	0.192	0.223	0.204	0.2	0.164	0.176	0.149	0.194	0.224	0.254	0.145	0.216	0.158	0.0	0.301	0.251	0.22	0.007	0.331	0.0	0.255	0.244	0.182	0.133	0.184	0.213	0.27	0.277	0.305	0.24	0.355	0.257	0.267	0.411	0.275	0.349	0.0	0.161	0.252	0.196	0.217	0.176	0.188	0.0	
Chromosome	3847886	T	A	0.206	0.219	0.274	0.253	0.167	0.214	0.246	0.165	0.36	0.279	0.2	0.241	0.186	0.171	0.147	0.297	0.26	0.225	0.3	0.203	0.205	0.235	0.234	0.259	0.333	0.253	0.227	0.134	0.206	0.159	0.258	0.204	0.267	0.251	0.258	0.24	0.2	0.207	0.0	0.243	0.263	0.259	0.0	0.274	0.0	0.238	0.245	0.229	0.269	0.219	0.236	0.183	0.256	0.22	0.195	0.187	0.223	0.237	0.408	0.286	0.291	0.0	0.169	0.238	0.27	0.242	0.245	0.224	0.0	
Chromosome	3939494	G	A	0.0	0.076	0.0	0.0	0.0	0.0	0.0	0.0	0.0	0.0	0.0	0.0	0.0	0.0	0.0	0.0	0.0	0.0	0.0	0.0	0.0	0.0	0.0	0.0	0.0	0.0	0.0	0.0	0.0	0.0	0.0	0.0	0.0	0.0	0.0	0.0	0.0	0.0	0.0	0.0	0.0	0.0	0.0	0.0	0.0	0.0	0.0	0.0	0.0	0.0	0.0	0.0	0.0	0.0	0.0	0.0	0.0	0.0	0.0	0.0	0.0	0.0	0.0	0.0	0.0	0.0	0.0	0.0	0.0	
Chromosome	4184860	G	A	0.0	0.063	0.0	0.0	0.0	0.0	0.0	0.0	0.0	0.0	0.0	0.0	0.0	0.0	0.0	0.0	0.0	0.0	0.0	0.0	0.0	0.0	0.0	0.0	0.0	0.0	0.0	0.0	0.0	0.0	0.0	0.0	0.0	0.0	0.0	0.0	0.0	0.0	0.0	0.0	0.0	0.0	0.0	0.0	0.0	0.0	0.0	0.0	0.0	0.0	0.0	0.0	0.0	0.0	0.0	0.0	0.0	0.0	0.0	0.0	0.004	0.006	0.0	0.0	0.0	0.0	0.0	0.0	0.0	
Chromosome	4214560	C	A	0.452	0.43	0.494	0.506	0.533	0.441	0.444	0.525	0.503	0.477	0.478	0.474	0.465	0.518	0.466	0.465	0.544	0.5	0.53	0.506	0.48	0.485	0.401	0.533	0.478	0.449	0.475	0.494	0.517	0.494	0.476	0.515	0.485	0.48	0.481	0.502	0.45	0.481	0.463	0.458	0.491	0.505	0.538	0.511	0.524	0.498	0.496	0.478	0.497	0.486	0.431	0.453	0.479	0.42	0.509	0.468	0.49	0.472	0.509	0.462	0.494	0.408	0.49	0.489	0.515	0.442	0.432	0.326	0.498	
Chromosome	4214739	G	GT	0.34	0.329	0.338	0.314	0.395	0.304	0.332	0.352	0.324	0.364	0.304	0.32	0.338	0.351	0.336	0.368	0.472	0.392	0.342	0.38	0.312	0.339	0.353	0.34	0.358	0.313	0.303	0.316	0.331	0.332	0.321	0.353	0.327	0.388	0.339	0.358	0.305	0.333	0.327	0.332	0.362	0.287	0.317	0.332	0.357	0.306	0.309	0.32	0.334	0.355	0.331	0.371	0.301	0.321	0.371	0.324	0.352	0.367	0.535	0.391	0.331	0.26	0.36	0.327	0.316	0.303	0.304	0.266	0.329	
Chromosome	4214852	A	AGCAATGATCAATACCTGTGGATGAG	0.06	0.053	0.057	0.058	0.074	0.043	0.078	0.072	0.05	0.058	0.023	0.048	0.056	0.076	0.083	0.069	0.07	0.099	0.049	0.107	0.048	0.074	0.046	0.047	0.057	0.059	0.07	0.045	0.05	0.069	0.061	0.07	0.066	0.067	0.066	0.062	0.073	0.066	0.022	0.065	0.047	0.037	0.051	0.087	0.097	0.015	0.066	0.044	0.084	0.064	0.024	0.074	0.088	0.054	0.039	0.026	0.069	0.048	0.065	0.06	0.058	0.082	0.058	0.067	0.049	0.073	0.054	0.058	0.045	
Chromosome	4273596	C	T	0.0	0.029	0.0	0.243	0.0	0.0	0.0	0.0	0.0	0.0	0.0	0.0	0.0	0.0	0.0	0.0	0.0	0.0	0.0	0.0	0.0	0.0	0.0	0.0	0.0	0.0	0.0	0.0	0.0	0.0	0.0	0.0	0.0	0.005	0.0	0.0	0.0	0.0	0.0	0.0	0.0	0.0	0.0	0.0	0.0	0.0	0.0	0.0	0.0	0.0	0.0	0.0	0.0	0.0	0.0	0.0	0.0	0.0	0.0	0.0	0.0	0.0	0.0	0.0	0.0	0.0	0.0	0.0	0.0	
Chromosome	4310322	G	A	0.0	0.256	0.0	0.002	0.0	0.0	0.0	0.0	0.0	0.005	0.0	0.0	0.0	0.0	0.0	0.0	0.0	0.0	0.0	0.0	0.0	0.0	0.0	0.0	0.0	0.0	0.0	0.0	0.0	0.0	0.0	0.0	0.0	0.0	0.0	0.0	0.0	0.0	0.0	0.0	0.0	0.004	0.0	0.0	0.0	0.0	0.0	0.0	0.0	0.0	0.0	0.0	0.0	0.0	0.0	0.0	0.0	0.0	0.0	0.0	0.0	0.0	0.0	0.0	0.0	0.0	0.0	0.0	0.0	
Chromosome	4724246	A	C	0.306	0.26	0.281	0.263	0.171	0.299	0.304	0.243	0.243	0.289	0.344	0.258	0.223	0.244	0.235	0.284	0.262	0.278	0.311	0.315	0.245	0.342	0.275	0.318	0.268	0.261	0.269	0.232	0.23	0.31	0.277	0.203	0.22	0.297	0.348	0.235	0.269	0.275	0.0	0.272	0.29	0.267	0.0	0.327	0.006	0.157	0.354	0.294	0.358	0.288	0.386	0.398	0.367	0.33	0.206	0.277	0.389	0.23	0.233	0.248	0.219	0.0	0.281	0.251	0.312	0.275	0.296	0.192	0.0	
Chromosome	5130928	A	C	0.149	0.147	0.161	0.18	0.137	0.272	0.19	0.239	0.157	0.162	0.141	0.127	0.169	0.114	0.179	0.107	0.17	0.188	0.238	0.191	0.207	0.168	0.165	0.159	0.168	0.162	0.108	0.144	0.153	0.172	0.137	0.148	0.207	0.134	0.146	0.141	0.146	0.138	0.0	0.18	0.141	0.166	0.0	0.143	0.019	0.124	0.135	0.139	0.174	0.132	0.185	0.188	0.135	0.222	0.174	0.245	0.218	0.176	0.208	0.192	0.191	0.012	0.161	0.192	0.158	0.165	0.122	0.13	0.01	
Chromosome	5253496	A	C	0.0	0.097	0.0	0.0	0.0	0.0	0.0	0.0	0.0	0.0	0.0	0.0	0.0	0.0	0.0	0.0	0.0	0.0	0.0	0.0	0.0	0.0	0.014	0.0	0.0	0.0	0.0	0.0	0.0	0.0	0.0	0.0	0.0	0.004	0.0	0.0	0.0	0.0	0.0	0.0	0.005	0.0	0.005	0.0	0.006	0.0	0.005	0.006	0.004	0.002	0.0	0.0	0.0	0.007	0.0	0.0	0.0	0.007	0.0	0.0	0.0	0.005	0.004	0.0	0.0	0.0	0.002	0.003	0.013	
Chromosome	5556964	G	A	0.0	0.037	0.0	0.0	0.0	0.0	0.0	0.0	0.0	0.0	0.0	0.0	0.0	0.0	0.0	0.0	0.0	0.0	0.0	0.0	0.0	0.0	0.0	0.0	0.0	0.0	0.0	0.0	0.0	0.0	0.0	0.003	0.0	0.0	0.0	0.0	0.0	0.0	0.0	0.0	0.0	0.0	0.0	0.0	0.0	0.0	0.0	0.0	0.0	0.0	0.0	0.0	0.0	0.0	0.0	0.0	0.0	0.0	0.0	0.0	0.0	0.0	0.0	0.0	0.0	0.0	0.0	0.0	0.0	
Chromosome	5773345	T	C	0.0	0.111	0.0	0.0	0.0	0.0	0.0	0.0	0.0	0.0	0.0	0.0	0.0	0.0	0.0	0.0	0.0	0.0	0.0	0.0	0.0	0.0	0.0	0.0	0.0	0.0	0.0	0.0	0.0	0.0	0.0	0.0	0.0	0.004	0.0	0.0	0.0	0.0	0.0	0.0	0.0	0.0	0.0	0.0	0.0	0.0	0.0	0.0	0.0	0.0	0.0	0.0	0.0	0.0	0.0	0.0	0.0	0.0	0.0	0.0	0.0	0.0	0.0	0.0	0.0	0.0	0.0	0.0	0.0	
Chromosome	5897510	T	G	0.078	0.123	0.118	0.117	0.09	0.138	0.074	0.095	0.086	0.132	0.09	0.123	0.094	0.078	0.112	0.057	0.174	0.109	0.125	0.075	0.055	0.073	0.091	0.083	0.132	0.115	0.119	0.126	0.112	0.085	0.1	0.071	0.136	0.108	0.087	0.069	0.121	0.092	0.005	0.114	0.081	0.128	0.0	0.167	0.005	0.124	0.14	0.072	0.059	0.094	0.11	0.063	0.053	0.085	0.105	0.097	0.081	0.098	0.063	0.078	0.091	0.0	0.107	0.07	0.068	0.081	0.124	0.119	0.0	
Chromosome	5921674	T	A	0.198	0.207	0.176	0.129	0.08	0.104	0.213	0.168	0.023	0.173	0.177	0.152	0.064	0.057	0.058	0.043	0.071	0.18	0.159	0.22	0.174	0.171	0.23	0.195	0.034	0.064	0.035	0.027	0.053	0.162	0.207	0.07	0.048	0.084	0.211	0.19	0.184	0.128	0.0	0.212	0.116	0.167	0.0	0.126	0.0	0.027	0.138	0.201	0.233	0.143	0.194	0.333	0.139	0.225	0.248	0.174	0.165	0.195	0.0	0.067	0.058	0.0	0.09	0.099	0.191	0.185	0.135	0.161	0.0	
Chromosome	6804297	G	C	0.0	0.226	0.0	0.0	0.0	0.0	0.0	0.0	0.0	0.0	0.0	0.0	0.005	0.0	0.0	0.0	0.0	0.0	0.0	0.0	0.0	0.0	0.0	0.0	0.0	0.0	0.0	0.0	0.0	0.0	0.0	0.0	0.0	0.0	0.005	0.0	0.0	0.0	0.0	0.0	0.0	0.0	0.006	0.0	0.005	0.0	0.0	0.0	0.0	0.0	0.0	0.0	0.0	0.0	0.0	0.0	0.0	0.0	0.0	0.0	0.0	0.0	0.0	0.0	0.0	0.0	0.0	0.0	0.0	
