chromosome	pos	ref	mut	APAW	RIFA	RIFB	RIFC	Ana1	BedA	BedB	BedC	BedD	CipA	CipB	CipC	CLFA	CLFB	CLFC	CombA2	CombA3	CombA	CombAu1	CombAu3	CombAu5	CombB	CombC	CycloA	CycloB	CycloC	EMBA	EMBB	EMBC	INH1	INH2	INHA	LzdA	LzdB	LzdC	M91	M92	M9B	MA_F1	MA_F2	MA_F3	MA_H1	MA_H2	MA_H3	MA_S1	MA_S2	MA_S3	MMCA	MMCB	MMCC	MockA	MockB	MockC	MockD	MockE	MockF	MockG	MockH	MockI	MockJ	MockK	MockL	NANOA	NANOB	NANOC	UV1	UV2	UV3	WT_Msm
Chromosome	35052	T	A	0.163	0.125	0.073	0.244	0.091	0.242	0.257	0.277	0.177	0.232	0.177	0.209	0.115	0.113	0.073	0.151	0.184	0.247	0.289	0.267	0.205	0.29	0.208	0.368	0.175	0.083	0.108	0.181	0.104	0.218	0.185	0.139	0.147	0.169	0.329	0.221	0.211	0.163	0.0	0.26	0.183	0.219	0.0	0.192	0.0	0.12	0.241	0.185	0.197	0.212	0.289	0.279	0.258	0.315	0.289	0.326	0.392	0.299	0.25	0.2	0.169	0.0	0.206	0.186	0.142	0.153	0.224	0.168	0.0	
Chromosome	57135	T	G	0.136	0.106	0.118	0.21	0.1	0.308	0.264	0.213	0.197	0.213	0.207	0.269	0.15	0.133	0.165	0.169	0.224	0.284	0.326	0.346	0.306	0.309	0.243	0.336	0.125	0.14	0.146	0.121	0.202	0.124	0.153	0.091	0.19	0.144	0.308	0.159	0.132	0.119	0.026	0.195	0.172	0.209	0.015	0.176	0.018	0.115	0.182	0.181	0.141	0.13	0.317	0.321	0.315	0.258	0.273	0.282	0.286	0.265	0.232	0.194	0.206	0.009	0.143	0.168	0.153	0.17	0.173	0.152	0.019	
Chromosome	64992	T	G	0.148	0.23	0.221	0.22	0.15	0.294	0.305	0.25	0.251	0.171	0.238	0.23	0.174	0.157	0.208	0.27	0.26	0.276	0.337	0.376	0.369	0.325	0.306	0.257	0.188	0.17	0.184	0.168	0.178	0.136	0.128	0.12	0.298	0.246	0.302	0.176	0.125	0.14	0.028	0.22	0.283	0.287	0.022	0.29	0.015	0.195	0.228	0.193	0.177	0.154	0.349	0.34	0.421	0.366	0.394	0.373	0.364	0.368	0.222	0.261	0.27	0.006	0.189	0.15	0.113	0.121	0.148	0.162	0.067	
Chromosome	65001	A	C	0.148	0.242	0.174	0.21	0.099	0.358	0.298	0.298	0.303	0.251	0.247	0.336	0.211	0.201	0.171	0.294	0.235	0.371	0.396	0.439	0.471	0.317	0.361	0.23	0.254	0.219	0.232	0.221	0.235	0.163	0.164	0.131	0.226	0.254	0.251	0.248	0.182	0.174	0.0	0.255	0.25	0.265	0.007	0.304	0.0	0.172	0.219	0.208	0.158	0.185	0.345	0.429	0.337	0.325	0.398	0.336	0.387	0.371	0.324	0.272	0.256	0.0	0.119	0.196	0.172	0.17	0.17	0.152	0.0	
Chromosome	204071	T	C	0.271	0.274	0.332	0.337	0.225	0.34	0.267	0.364	0.36	0.395	0.312	0.375	0.34	0.357	0.372	0.414	0.485	0.304	0.313	0.303	0.28	0.291	0.309	0.344	0.392	0.354	0.399	0.346	0.326	0.292	0.278	0.271	0.447	0.405	0.348	0.305	0.307	0.293	0.0	0.29	0.299	0.361	0.0	0.327	0.0	0.346	0.318	0.284	0.289	0.294	0.222	0.221	0.281	0.227	0.295	0.282	0.273	0.268	0.446	0.381	0.385	0.0	0.288	0.271	0.281	0.257	0.347	0.312	0.0	
Chromosome	249685	T	G	0.142	0.219	0.157	0.229	0.141	0.373	0.327	0.294	0.225	0.256	0.203	0.226	0.188	0.19	0.165	0.264	0.302	0.259	0.252	0.416	0.333	0.319	0.35	0.219	0.204	0.211	0.199	0.234	0.165	0.121	0.144	0.089	0.276	0.245	0.207	0.155	0.146	0.125	0.0	0.23	0.227	0.235	0.0	0.19	0.029	0.196	0.23	0.139	0.123	0.12	0.357	0.331	0.375	0.236	0.362	0.324	0.324	0.435	0.344	0.255	0.217	0.0	0.137	0.141	0.121	0.175	0.132	0.127	0.0	
Chromosome	341871	T	G	0.094	0.099	0.08	0.137	0.028	0.15	0.212	0.159	0.192	0.132	0.17	0.12	0.112	0.081	0.08	0.096	0.148	0.165	0.212	0.2	0.232	0.189	0.209	0.173	0.141	0.114	0.103	0.076	0.098	0.043	0.062	0.082	0.108	0.157	0.176	0.062	0.092	0.074	0.005	0.13	0.13	0.142	0.0	0.099	0.0	0.099	0.103	0.099	0.097	0.074	0.168	0.214	0.198	0.226	0.231	0.182	0.195	0.228	0.105	0.125	0.117	0.004	0.092	0.084	0.045	0.087	0.121	0.047	0.005	
Chromosome	417971	T	A	0.145	0.121	0.092	0.159	0.06	0.152	0.169	0.145	0.198	0.142	0.104	0.123	0.162	0.12	0.098	0.213	0.196	0.121	0.137	0.16	0.157	0.167	0.199	0.174	0.206	0.114	0.118	0.109	0.092	0.158	0.133	0.167	0.19	0.23	0.166	0.132	0.109	0.111	0.0	0.117	0.173	0.133	0.0	0.091	0.0	0.135	0.104	0.194	0.155	0.15	0.074	0.152	0.193	0.162	0.211	0.107	0.134	0.203	0.324	0.234	0.167	0.0	0.158	0.146	0.142	0.15	0.142	0.134	0.0	
Chromosome	490879	A	C	0.046	0.14	0.057	0.054	0.048	0.055	0.061	0.035	0.064	0.056	0.034	0.052	0.1	0.048	0.08	0.075	0.081	0.072	0.091	0.081	0.056	0.019	0.055	0.085	0.065	0.063	0.079	0.084	0.079	0.045	0.053	0.045	0.074	0.097	0.061	0.048	0.079	0.074	0.0	0.047	0.053	0.075	0.0	0.08	0.005	0.091	0.081	0.045	0.031	0.043	0.061	0.045	0.035	0.034	0.05	0.08	0.05	0.067	0.059	0.058	0.065	0.004	0.056	0.049	0.054	0.037	0.054	0.036	0.005	
Chromosome	690749	A	G	0.0	0.1	0.0	0.0	0.0	0.0	0.0	0.0	0.0	0.0	0.0	0.0	0.0	0.0	0.0	0.0	0.0	0.0	0.0	0.0	0.0	0.0	0.0	0.0	0.0	0.0	0.0	0.0	0.0	0.0	0.0	0.0	0.0	0.0	0.004	0.0	0.0	0.0	0.0	0.0	0.0	0.0	0.0	0.0	0.0	0.0	0.0	0.0	0.0	0.0	0.0	0.0	0.0	0.006	0.0	0.0	0.0	0.0	0.0	0.0	0.0	0.0	0.0	0.003	0.0	0.0	0.0	0.0	0.0	
Chromosome	708677	A	C	0.24	0.233	0.25	0.206	0.152	0.293	0.262	0.33	0.28	0.295	0.306	0.324	0.221	0.237	0.264	0.288	0.254	0.267	0.351	0.324	0.357	0.303	0.27	0.223	0.333	0.181	0.226	0.205	0.189	0.189	0.168	0.228	0.295	0.335	0.222	0.205	0.216	0.184	0.0	0.265	0.255	0.305	0.008	0.295	0.0	0.26	0.239	0.193	0.235	0.22	0.3	0.28	0.312	0.305	0.31	0.292	0.217	0.292	0.386	0.356	0.267	0.0	0.175	0.24	0.18	0.201	0.187	0.215	0.0	
Chromosome	781261	A	C	0.151	0.118	0.103	0.176	0.034	0.294	0.265	0.252	0.09	0.164	0.228	0.181	0.147	0.089	0.116	0.066	0.074	0.273	0.24	0.229	0.288	0.25	0.352	0.25	0.093	0.113	0.117	0.082	0.146	0.122	0.161	0.089	0.109	0.072	0.171	0.15	0.186	0.12	0.0	0.198	0.188	0.237	0.013	0.212	0.0	0.099	0.174	0.147	0.147	0.145	0.324	0.273	0.209	0.303	0.31	0.207	0.313	0.25	0.176	0.096	0.059	0.0	0.194	0.227	0.123	0.14	0.163	0.145	0.0	
Chromosome	788001	A	C	0.258	0.142	0.157	0.268	0.136	0.252	0.202	0.325	0.092	0.229	0.282	0.281	0.195	0.235	0.206	0.113	0.154	0.267	0.263	0.231	0.264	0.222	0.145	0.264	0.057	0.196	0.176	0.258	0.222	0.25	0.234	0.195	0.131	0.113	0.288	0.253	0.249	0.193	0.005	0.275	0.309	0.269	0.008	0.266	0.0	0.16	0.243	0.263	0.269	0.268	0.238	0.21	0.25	0.28	0.206	0.255	0.148	0.183	0.024	0.072	0.098	0.005	0.244	0.241	0.231	0.263	0.257	0.277	0.007	
Chromosome	788005	CGAGAA	C	0.01	0.053	0.072	0.019	0.101	0.009	0.034	0.016	0.013	0.024	0.029	0.012	0.091	0.07	0.129	0.024	0.032	0.027	0.0	0.007	0.009	0.016	0.016	0.0	0.025	0.095	0.085	0.08	0.088	0.017	0.004	0.063	0.053	0.061	0.014	0.028	0.014	0.007	0.019	0.009	0.031	0.005	0.015	0.01	0.016	0.078	0.017	0.018	0.007	0.01	0.01	0.017	0.01	0.016	0.007	0.018	0.006	0.015	0.073	0.027	0.041	0.005	0.01	0.018	0.023	0.01	0.007	0.007	0.007	
Chromosome	1262715	G	C	0.109	0.167	0.13	0.132	0.069	0.099	0.141	0.155	0.181	0.085	0.145	0.14	0.134	0.132	0.156	0.301	0.294	0.141	0.167	0.131	0.111	0.18	0.195	0.156	0.146	0.154	0.074	0.156	0.171	0.074	0.08	0.133	0.224	0.236	0.172	0.09	0.094	0.096	0.006	0.127	0.16	0.115	0.0	0.147	0.0	0.202	0.149	0.059	0.12	0.102	0.111	0.155	0.15	0.153	0.116	0.111	0.113	0.216	0.383	0.164	0.239	0.006	0.091	0.082	0.097	0.078	0.104	0.109	0.008	
Chromosome	1285644	T	G	0.256	0.112	0.185	0.256	0.1	0.225	0.195	0.2	0.073	0.23	0.295	0.271	0.187	0.132	0.109	0.05	0.077	0.286	0.165	0.22	0.272	0.216	0.172	0.244	0.1	0.175	0.173	0.124	0.139	0.243	0.233	0.122	0.055	0.065	0.277	0.237	0.292	0.313	0.0	0.222	0.298	0.201	0.0	0.278	0.0	0.075	0.305	0.234	0.233	0.272	0.238	0.24	0.284	0.218	0.254	0.268	0.225	0.148	0.073	0.074	0.033	0.0	0.226	0.259	0.23	0.249	0.262	0.269	0.0	
Chromosome	1341535	T	TGGCTCTTCGCACTTGACGGTGTAGAGA	0.0	0.0	0.0	0.0	0.0	0.0	0.0	0.0	0.0	0.0	0.0	0.0	0.0	0.0	0.0	0.0	0.0	0.0	0.0	0.0	0.0	0.0	0.0	0.0	0.0	0.0	0.0	0.0	0.0	0.0	0.0	0.0	0.0	0.0	0.0	0.0	0.0	0.0	0.0	0.0	0.0	0.0	0.0	0.0	0.0	0.0	0.0	0.0	0.0	0.0	0.0	0.0	0.0	0.0	0.0	0.0	0.0	0.0	0.0	0.0	0.0	0.0	0.0	0.0	0.0	0.0	0.0	0.0	0.0	
Chromosome	1341539	C	T	0.265	0.227	0.297	0.226	0.286	0.222	0.132	0.114	0.164	0.241	0.046	0.096	0.198	0.197	0.256	0.426	0.413	0.229	0.239	0.231	0.269	0.231	0.273	0.23	0.162	0.33	0.274	0.301	0.25	0.329	0.26	0.25	0.281	0.143	0.238	0.241	0.237	0.194	0.245	0.239	0.286	0.333	0.091	0.235	0.17	0.364	0.18	0.309	0.226	0.261	0.286	0.314	0.278	0.129	0.179	0.393	0.132	0.323	0.308	0.5	0.196	0.205	0.324	0.21	0.25	0.301	0.277	0.344	0.109	
Chromosome	1385245	A	C	0.089	0.197	0.17	0.174	0.083	0.153	0.126	0.137	0.108	0.179	0.161	0.137	0.184	0.178	0.179	0.172	0.167	0.203	0.158	0.089	0.115	0.1	0.134	0.105	0.096	0.155	0.121	0.189	0.165	0.103	0.121	0.082	0.158	0.167	0.164	0.091	0.126	0.105	0.006	0.14	0.172	0.144	0.012	0.157	0.0	0.124	0.121	0.125	0.124	0.099	0.154	0.137	0.14	0.131	0.114	0.135	0.198	0.075	0.186	0.132	0.158	0.0	0.117	0.139	0.103	0.1	0.09	0.115	0.007	
Chromosome	1395251	G	C	0.058	0.123	0.098	0.076	0.0	0.218	0.115	0.159	0.137	0.05	0.065	0.103	0.107	0.13	0.124	0.114	0.216	0.157	0.135	0.149	0.135	0.198	0.183	0.088	0.184	0.088	0.096	0.098	0.089	0.038	0.08	0.06	0.205	0.231	0.09	0.056	0.034	0.022	0.0	0.073	0.086	0.098	0.007	0.072	0.0	0.157	0.128	0.045	0.037	0.054	0.095	0.172	0.192	0.17	0.19	0.217	0.256	0.169	0.154	0.069	0.126	0.0	0.05	0.038	0.056	0.049	0.08	0.056	0.0	
Chromosome	1437874	T	G	0.067	0.166	0.203	0.132	0.065	0.063	0.103	0.071	0.121	0.098	0.116	0.065	0.185	0.142	0.175	0.115	0.138	0.088	0.065	0.086	0.058	0.092	0.125	0.101	0.123	0.141	0.161	0.165	0.117	0.121	0.108	0.091	0.09	0.109	0.108	0.099	0.072	0.096	0.004	0.098	0.101	0.109	0.005	0.127	0.0	0.092	0.115	0.114	0.096	0.137	0.079	0.113	0.107	0.138	0.118	0.102	0.049	0.115	0.148	0.068	0.131	0.004	0.082	0.084	0.092	0.07	0.13	0.083	0.011	
Chromosome	1498111	C	T	0.0	0.231	0.131	0.19	0.0	0.0	0.0	0.0	0.0	0.0	0.0	0.0	0.0	0.0	0.0	0.0	0.0	0.0	0.006	0.0	0.0	0.0	0.0	0.0	0.0	0.0	0.0	0.0	0.0	0.0	0.0	0.0	0.0	0.0	0.005	0.0	0.0	0.0	0.0	0.0	0.0	0.0	0.0	0.0	0.0	0.0	0.0	0.0	0.004	0.0	0.0	0.0	0.0	0.0	0.0	0.0	0.0	0.0	0.0	0.0	0.004	0.0	0.0	0.0	0.0	0.0	0.0	0.0	0.0	
Chromosome	1574114	T	G	0.158	0.171	0.201	0.155	0.177	0.245	0.262	0.197	0.219	0.177	0.218	0.18	0.146	0.167	0.224	0.26	0.312	0.263	0.298	0.318	0.274	0.299	0.268	0.211	0.16	0.177	0.204	0.179	0.144	0.135	0.095	0.16	0.214	0.232	0.183	0.194	0.142	0.113	0.005	0.135	0.168	0.213	0.012	0.128	0.006	0.156	0.213	0.154	0.128	0.178	0.29	0.281	0.365	0.298	0.309	0.315	0.302	0.293	0.125	0.192	0.237	0.011	0.142	0.13	0.149	0.132	0.118	0.134	0.007	
Chromosome	1582358	A	ACGG	0.0	0.096	0.0	0.0	0.0	0.0	0.0	0.0	0.0	0.0	0.0	0.005	0.0	0.0	0.0	0.0	0.0	0.0	0.0	0.0	0.0	0.0	0.0	0.0	0.0	0.0	0.0	0.0	0.0	0.0	0.0	0.0	0.0	0.0	0.0	0.0	0.0	0.0	0.0	0.0	0.0	0.0	0.0	0.0	0.0	0.0	0.0	0.0	0.0	0.0	0.0	0.0	0.0	0.0	0.0	0.0	0.0	0.0	0.0	0.0	0.0	0.0	0.0	0.0	0.0	0.0	0.0	0.0	0.0	
Chromosome	1653614	A	C	0.089	0.159	0.139	0.124	0.065	0.183	0.177	0.299	0.221	0.171	0.171	0.103	0.149	0.113	0.143	0.274	0.23	0.156	0.213	0.237	0.258	0.285	0.215	0.17	0.265	0.12	0.116	0.15	0.098	0.104	0.083	0.088	0.163	0.2	0.206	0.1	0.124	0.084	0.0	0.157	0.147	0.142	0.0	0.129	0.0	0.147	0.101	0.096	0.107	0.117	0.276	0.233	0.304	0.232	0.306	0.234	0.3	0.215	0.2	0.223	0.222	0.0	0.127	0.113	0.072	0.102	0.085	0.101	0.0	
Chromosome	1670702	T	.	0.0	0.0	0.0	0.0	0.0	0.0	0.0	0.0	0.0	0.0	0.0	0.0	0.0	0.0	0.0	0.0	0.0	0.0	0.0	0.0	0.0	0.0	0.0	0.0	0.0	0.0	0.0	0.0	0.0	0.0	0.0	0.0	0.0	0.0	0.0	0.0	0.0	0.0	0.0	0.0	0.0	0.0	0.0	0.0	0.0	0.0	0.0	0.0	0.0	0.0	0.0	0.0	0.0	0.0	0.0	0.0	0.0	0.0	0.0	0.0	0.0	0.0	0.0	0.0	0.0	0.0	0.0	0.0	0.0	
Chromosome	1670706	T	.	0.0	0.0	0.0	0.0	0.0	0.0	0.0	0.0	0.0	0.0	0.0	0.0	0.0	0.0	0.0	0.0	0.0	0.0	0.0	0.0	0.0	0.0	0.0	0.0	0.0	0.0	0.0	0.0	0.0	0.0	0.0	0.0	0.0	0.0	0.0	0.0	0.0	0.0	0.0	0.0	0.0	0.0	0.0	0.0	0.0	0.0	0.0	0.0	0.0	0.0	0.0	0.0	0.0	0.0	0.0	0.0	0.0	0.0	0.0	0.0	0.0	0.0	0.0	0.0	0.0	0.0	0.0	0.0	0.0	
Chromosome	1763100	A	C	0.235	0.353	0.392	0.288	0.209	0.298	0.283	0.255	0.462	0.202	0.27	0.208	0.448	0.458	0.496	0.405	0.38	0.302	0.25	0.259	0.246	0.298	0.328	0.198	0.45	0.354	0.43	0.308	0.395	0.197	0.297	0.435	0.438	0.434	0.238	0.233	0.207	0.179	0.005	0.26	0.273	0.287	0.0	0.22	0.0	0.42	0.179	0.247	0.249	0.202	0.196	0.299	0.164	0.267	0.25	0.158	0.323	0.26	0.476	0.449	0.437	0.0	0.215	0.232	0.186	0.164	0.216	0.218	0.007	
Chromosome	1763101	G	C	0.244	0.435	0.427	0.329	0.163	0.441	0.489	0.354	0.531	0.305	0.284	0.292	0.427	0.486	0.461	0.436	0.442	0.302	0.36	0.339	0.356	0.31	0.426	0.26	0.462	0.399	0.384	0.331	0.408	0.271	0.295	0.496	0.511	0.464	0.313	0.294	0.255	0.291	0.0	0.337	0.318	0.321	0.0	0.307	0.0	0.551	0.233	0.291	0.307	0.263	0.255	0.397	0.29	0.431	0.323	0.237	0.446	0.327	0.5	0.481	0.468	0.0	0.267	0.291	0.257	0.19	0.25	0.297	0.0	
Chromosome	1777808	T	G	0.136	0.166	0.14	0.204	0.099	0.308	0.231	0.302	0.225	0.17	0.172	0.188	0.197	0.152	0.117	0.255	0.298	0.209	0.274	0.294	0.347	0.333	0.294	0.256	0.269	0.151	0.161	0.188	0.14	0.151	0.125	0.154	0.254	0.219	0.216	0.156	0.201	0.117	0.0	0.273	0.225	0.242	0.0	0.231	0.0	0.195	0.275	0.143	0.2	0.164	0.257	0.379	0.277	0.347	0.309	0.355	0.407	0.326	0.425	0.321	0.291	0.014	0.162	0.16	0.126	0.128	0.145	0.141	0.0	
Chromosome	1777813	T	G	0.226	0.237	0.182	0.32	0.168	0.269	0.253	0.331	0.182	0.259	0.266	0.28	0.226	0.243	0.179	0.185	0.263	0.25	0.276	0.271	0.349	0.337	0.257	0.249	0.19	0.225	0.237	0.221	0.19	0.269	0.273	0.161	0.161	0.168	0.281	0.23	0.259	0.193	0.004	0.286	0.299	0.278	0.0	0.328	0.005	0.206	0.35	0.223	0.335	0.237	0.299	0.314	0.305	0.335	0.327	0.391	0.387	0.38	0.273	0.235	0.207	0.0	0.232	0.204	0.2	0.224	0.23	0.221	0.006	
Chromosome	1777822	T	G	0.193	0.172	0.126	0.303	0.109	0.29	0.243	0.307	0.104	0.21	0.266	0.222	0.133	0.151	0.091	0.098	0.202	0.193	0.238	0.321	0.37	0.333	0.308	0.275	0.113	0.181	0.168	0.156	0.134	0.26	0.219	0.099	0.133	0.114	0.274	0.216	0.218	0.191	0.004	0.282	0.293	0.304	0.0	0.29	0.0	0.133	0.323	0.242	0.278	0.227	0.261	0.348	0.291	0.341	0.337	0.382	0.418	0.321	0.111	0.186	0.154	0.0	0.188	0.196	0.202	0.212	0.2	0.202	0.0	
Chromosome	1787487	T	G	0.139	0.179	0.128	0.239	0.062	0.315	0.247	0.187	0.22	0.223	0.221	0.225	0.131	0.193	0.117	0.223	0.176	0.24	0.181	0.238	0.304	0.275	0.243	0.234	0.261	0.157	0.106	0.13	0.146	0.14	0.115	0.136	0.212	0.187	0.249	0.162	0.14	0.196	0.0	0.194	0.233	0.197	0.006	0.223	0.006	0.18	0.216	0.156	0.156	0.167	0.191	0.237	0.241	0.227	0.211	0.196	0.221	0.255	0.212	0.259	0.203	0.006	0.154	0.16	0.174	0.144	0.158	0.127	0.007	
Chromosome	1979870	T	G	0.143	0.131	0.142	0.188	0.072	0.285	0.246	0.26	0.197	0.258	0.212	0.302	0.121	0.169	0.157	0.207	0.135	0.276	0.297	0.294	0.187	0.25	0.197	0.299	0.167	0.102	0.126	0.168	0.2	0.139	0.142	0.088	0.19	0.188	0.18	0.173	0.143	0.118	0.005	0.249	0.198	0.159	0.0	0.201	0.0	0.121	0.218	0.143	0.177	0.15	0.285	0.248	0.372	0.386	0.282	0.264	0.338	0.255	0.167	0.24	0.283	0.0	0.127	0.144	0.093	0.125	0.134	0.141	0.011	
Chromosome	1996774	T	G	0.074	0.118	0.102	0.163	0.101	0.077	0.08	0.13	0.094	0.152	0.121	0.109	0.089	0.105	0.111	0.094	0.041	0.126	0.117	0.118	0.079	0.111	0.108	0.135	0.066	0.089	0.117	0.106	0.107	0.115	0.101	0.065	0.099	0.063	0.138	0.123	0.103	0.074	0.01	0.128	0.165	0.136	0.011	0.164	0.006	0.046	0.157	0.114	0.084	0.073	0.087	0.096	0.085	0.144	0.081	0.128	0.065	0.108	0.0	0.068	0.101	0.0	0.095	0.107	0.098	0.101	0.08	0.097	0.025	
Chromosome	2117924	A	C	0.205	0.192	0.138	0.247	0.18	0.273	0.344	0.321	0.286	0.224	0.288	0.303	0.168	0.246	0.244	0.289	0.32	0.318	0.223	0.281	0.287	0.295	0.349	0.273	0.26	0.238	0.19	0.291	0.266	0.239	0.219	0.177	0.258	0.278	0.322	0.206	0.207	0.231	0.006	0.242	0.219	0.219	0.0	0.212	0.0	0.195	0.215	0.215	0.211	0.225	0.3	0.19	0.266	0.309	0.267	0.296	0.25	0.351	0.37	0.352	0.259	0.0	0.222	0.231	0.19	0.157	0.152	0.228	0.0	
Chromosome	2140126	T	G	0.198	0.156	0.114	0.159	0.058	0.17	0.165	0.229	0.083	0.206	0.218	0.208	0.185	0.144	0.108	0.072	0.088	0.185	0.142	0.184	0.191	0.229	0.201	0.211	0.11	0.124	0.144	0.149	0.103	0.125	0.196	0.099	0.063	0.076	0.16	0.19	0.158	0.142	0.005	0.205	0.177	0.179	0.006	0.164	0.0	0.076	0.227	0.145	0.139	0.196	0.216	0.227	0.176	0.227	0.176	0.224	0.137	0.205	0.118	0.107	0.061	0.011	0.165	0.16	0.136	0.177	0.142	0.139	0.013	
Chromosome	2154684	A	C	0.121	0.13	0.135	0.153	0.091	0.229	0.244	0.25	0.191	0.211	0.185	0.166	0.17	0.116	0.126	0.193	0.22	0.242	0.335	0.162	0.229	0.196	0.227	0.176	0.184	0.141	0.155	0.101	0.142	0.084	0.077	0.086	0.211	0.224	0.244	0.088	0.105	0.099	0.0	0.181	0.217	0.134	0.013	0.182	0.0	0.093	0.173	0.111	0.089	0.112	0.217	0.227	0.209	0.192	0.223	0.219	0.286	0.241	0.346	0.211	0.153	0.0	0.116	0.13	0.093	0.123	0.096	0.109	0.0	
Chromosome	2163413	A	C	0.171	0.136	0.106	0.165	0.067	0.209	0.198	0.198	0.067	0.182	0.112	0.19	0.123	0.094	0.085	0.069	0.016	0.152	0.183	0.173	0.197	0.185	0.197	0.231	0.064	0.089	0.092	0.08	0.108	0.155	0.186	0.053	0.059	0.084	0.247	0.179	0.141	0.135	0.005	0.144	0.204	0.178	0.0	0.17	0.0	0.022	0.142	0.162	0.157	0.136	0.133	0.196	0.179	0.176	0.165	0.197	0.188	0.188	0.0	0.085	0.065	0.0	0.165	0.175	0.155	0.152	0.144	0.146	0.0	
Chromosome	2163416	A	C	0.124	0.15	0.135	0.148	0.053	0.175	0.189	0.158	0.141	0.153	0.13	0.207	0.119	0.111	0.129	0.079	0.053	0.173	0.113	0.127	0.112	0.118	0.106	0.18	0.157	0.167	0.124	0.109	0.13	0.127	0.117	0.063	0.114	0.128	0.169	0.152	0.115	0.142	0.0	0.157	0.108	0.182	0.0	0.153	0.0	0.078	0.156	0.118	0.096	0.117	0.168	0.156	0.158	0.091	0.17	0.2	0.166	0.142	0.087	0.082	0.135	0.0	0.122	0.14	0.128	0.115	0.105	0.137	0.0	
Chromosome	2195100	T	G	0.089	0.158	0.131	0.204	0.085	0.124	0.186	0.12	0.178	0.192	0.205	0.162	0.186	0.129	0.143	0.174	0.151	0.198	0.141	0.22	0.198	0.168	0.155	0.199	0.129	0.151	0.145	0.137	0.179	0.112	0.094	0.09	0.15	0.143	0.184	0.114	0.142	0.121	0.0	0.156	0.119	0.225	0.0	0.156	0.005	0.149	0.074	0.142	0.103	0.093	0.132	0.184	0.188	0.225	0.17	0.144	0.201	0.16	0.14	0.164	0.128	0.0	0.119	0.12	0.141	0.109	0.116	0.088	0.007	
Chromosome	2195144	T	G	0.142	0.15	0.156	0.186	0.092	0.217	0.177	0.189	0.099	0.226	0.268	0.225	0.162	0.072	0.084	0.129	0.1	0.244	0.254	0.201	0.19	0.203	0.194	0.234	0.093	0.124	0.058	0.129	0.163	0.164	0.174	0.063	0.107	0.083	0.205	0.161	0.17	0.181	0.0	0.202	0.254	0.218	0.006	0.251	0.006	0.068	0.187	0.164	0.145	0.177	0.233	0.247	0.229	0.25	0.221	0.208	0.22	0.191	0.147	0.07	0.083	0.0	0.171	0.199	0.159	0.196	0.16	0.124	0.0	
Chromosome	2208735	C	G	0.054	0.037	0.042	0.071	0.0	0.076	0.126	0.145	0.123	0.057	0.076	0.088	0.05	0.06	0.049	0.107	0.12	0.064	0.119	0.143	0.125	0.127	0.091	0.09	0.089	0.066	0.034	0.025	0.0	0.033	0.047	0.059	0.116	0.096	0.136	0.052	0.039	0.042	0.0	0.069	0.068	0.055	0.0	0.053	0.006	0.057	0.092	0.026	0.02	0.052	0.165	0.113	0.149	0.124	0.108	0.082	0.178	0.123	0.176	0.119	0.121	0.0	0.051	0.053	0.028	0.046	0.054	0.049	0.0	
Chromosome	2208736	T	G	0.168	0.15	0.161	0.153	0.088	0.2	0.295	0.28	0.211	0.2	0.245	0.197	0.212	0.177	0.201	0.183	0.21	0.192	0.308	0.33	0.33	0.242	0.222	0.229	0.183	0.195	0.168	0.173	0.147	0.137	0.172	0.123	0.208	0.214	0.233	0.169	0.18	0.156	0.0	0.214	0.228	0.165	0.007	0.219	0.0	0.101	0.225	0.186	0.146	0.192	0.259	0.217	0.2	0.246	0.212	0.224	0.235	0.298	0.294	0.276	0.278	0.0	0.216	0.188	0.149	0.141	0.179	0.146	0.009	
Chromosome	2208742	G	C	0.123	0.061	0.007	0.123	0.023	0.15	0.228	0.16	0.034	0.116	0.128	0.112	0.043	0.04	0.047	0.024	0.033	0.103	0.192	0.276	0.213	0.143	0.115	0.126	0.058	0.019	0.023	0.045	0.03	0.09	0.133	0.044	0.034	0.024	0.129	0.086	0.106	0.095	0.0	0.113	0.135	0.105	0.0	0.097	0.0	0.049	0.131	0.153	0.111	0.123	0.198	0.158	0.138	0.181	0.117	0.115	0.143	0.184	0.074	0.032	0.056	0.006	0.113	0.151	0.08	0.112	0.118	0.103	0.0	
Chromosome	2208743	T	G	0.15	0.095	0.083	0.169	0.054	0.174	0.245	0.202	0.034	0.212	0.218	0.153	0.076	0.067	0.095	0.078	0.111	0.115	0.255	0.295	0.259	0.25	0.177	0.237	0.051	0.082	0.08	0.119	0.075	0.148	0.186	0.05	0.035	0.065	0.193	0.133	0.158	0.177	0.0	0.205	0.251	0.193	0.0	0.194	0.0	0.039	0.198	0.141	0.143	0.15	0.256	0.152	0.213	0.19	0.164	0.163	0.235	0.272	0.107	0.053	0.084	0.0	0.168	0.192	0.104	0.124	0.164	0.121	0.0	
Chromosome	2223876	T	C	0.957	0.906	0.947	0.954	0.929	0.953	0.978	0.944	0.929	0.946	0.914	0.978	0.942	0.949	0.952	0.986	0.939	0.929	0.978	0.94	0.967	0.941	0.963	0.966	0.937	0.981	0.974	0.965	0.949	0.981	0.969	0.958	0.931	0.97	0.914	0.963	0.961	0.967	0.911	0.949	0.951	0.943	0.908	0.92	0.927	0.968	0.952	0.956	0.925	0.981	0.966	0.921	0.98	0.943	0.951	0.913	0.993	0.981	1.0	0.952	0.969	0.893	0.932	0.959	0.959	0.959	0.957	0.965	0.959	
Chromosome	2223886	A	C	0.839	0.781	0.847	0.841	0.795	0.883	0.862	0.883	0.861	0.863	0.822	0.913	0.802	0.856	0.858	0.865	0.81	0.873	0.869	0.855	0.894	0.851	0.871	0.834	0.851	0.892	0.882	0.874	0.847	0.875	0.901	0.885	0.813	0.884	0.795	0.865	0.87	0.903	0.423	0.863	0.883	0.853	0.511	0.83	0.497	0.851	0.85	0.857	0.825	0.885	0.872	0.84	0.885	0.828	0.88	0.833	0.899	0.893	0.773	0.825	0.876	0.43	0.861	0.886	0.874	0.868	0.866	0.875	0.46	
Chromosome	2355770	A	G	0.115	0.136	0.0	0.0	0.0	0.0	0.0	0.404	0.0	0.0	0.0	0.0	0.0	0.0	0.0	0.0	0.0	0.19	0.0	0.0	0.0	0.091	0.308	0.0	0.0	0.0	0.0	0.0	0.0	0.003	0.0	0.0	0.0	0.0	0.0	0.0	0.0	0.0	0.0	0.0	0.0	0.0	0.013	0.0	0.0	0.0	0.0	0.0	0.0	0.0	0.134	0.413	0.191	0.0	0.0	0.0	0.158	0.0	0.0	0.0	0.0	0.0	0.0	0.0	0.0	0.0	0.0	0.0	0.0	
Chromosome	2429865	C	CG,CGG	0.043	0.436	0.525	0.327	0.012	0.007	0.0	0.212	0.018	0.004	0.011	0.011	0.004	0.005	0.0	0.011	0.006	0.0	0.0	0.006	0.0	0.013	0.0	0.255	0.546	0.648	0.004	0.004	0.02	0.01	0.01	0.007	0.01	0.299	0.0	0.013	0.299	0.008	0.0	0.009	0.0	0.005	0.006	0.0	0.006	0.02	0.017	0.01	0.018	0.013	0.024	0.019	0.014	0.159	0.02	0.008	0.005	0.088	0.0	0.015	0.186	0.005	0.009	0.002	0.007	0.212	0.009	0.012	0.0	
Chromosome	2567182	T	G	0.125	0.158	0.129	0.143	0.049	0.2	0.186	0.246	0.165	0.223	0.146	0.173	0.123	0.143	0.145	0.168	0.204	0.195	0.212	0.225	0.295	0.16	0.176	0.183	0.2	0.188	0.116	0.115	0.117	0.126	0.103	0.135	0.186	0.197	0.16	0.101	0.133	0.137	0.0	0.217	0.19	0.206	0.0	0.205	0.0	0.107	0.187	0.134	0.081	0.112	0.234	0.225	0.238	0.242	0.2	0.216	0.177	0.221	0.074	0.152	0.159	0.012	0.14	0.162	0.148	0.114	0.109	0.11	0.007	
Chromosome	2579189	A	C	0.173	0.154	0.254	0.234	0.134	0.268	0.276	0.242	0.322	0.271	0.222	0.31	0.219	0.219	0.213	0.261	0.246	0.282	0.237	0.297	0.183	0.206	0.319	0.253	0.25	0.187	0.23	0.232	0.224	0.248	0.226	0.202	0.275	0.243	0.239	0.21	0.225	0.223	0.006	0.273	0.263	0.274	0.0	0.395	0.0	0.226	0.303	0.277	0.259	0.226	0.283	0.34	0.287	0.219	0.263	0.281	0.333	0.308	0.238	0.256	0.256	0.0	0.225	0.219	0.226	0.26	0.238	0.244	0.013	
Chromosome	2612734	A	C	0.156	0.123	0.114	0.16	0.112	0.208	0.225	0.197	0.156	0.228	0.172	0.2	0.147	0.19	0.121	0.094	0.119	0.163	0.2	0.211	0.245	0.184	0.183	0.196	0.109	0.128	0.151	0.155	0.147	0.235	0.161	0.191	0.149	0.128	0.252	0.214	0.169	0.202	0.0	0.256	0.241	0.306	0.0	0.312	0.005	0.126	0.271	0.184	0.268	0.188	0.226	0.257	0.28	0.236	0.2	0.228	0.248	0.25	0.097	0.081	0.152	0.011	0.199	0.217	0.215	0.26	0.166	0.19	0.007	
Chromosome	2946508	A	C	0.246	0.159	0.182	0.219	0.101	0.217	0.231	0.185	0.093	0.214	0.243	0.283	0.125	0.082	0.143	0.089	0.048	0.182	0.213	0.25	0.216	0.198	0.211	0.218	0.103	0.136	0.094	0.074	0.169	0.226	0.268	0.122	0.069	0.05	0.24	0.201	0.204	0.213	0.007	0.327	0.318	0.269	0.007	0.321	0.013	0.123	0.293	0.197	0.281	0.231	0.284	0.258	0.273	0.293	0.171	0.168	0.185	0.333	0.056	0.071	0.058	0.0	0.227	0.227	0.227	0.23	0.269	0.168	0.01	
Chromosome	2952399	C	G	0.109	0.154	0.112	0.124	0.076	0.143	0.17	0.109	0.173	0.156	0.187	0.18	0.154	0.112	0.123	0.204	0.265	0.096	0.152	0.135	0.158	0.161	0.168	0.154	0.136	0.142	0.12	0.139	0.121	0.11	0.121	0.09	0.127	0.126	0.177	0.104	0.101	0.119	0.005	0.204	0.196	0.165	0.0	0.252	0.0	0.197	0.223	0.089	0.152	0.119	0.129	0.119	0.134	0.144	0.129	0.081	0.173	0.175	0.189	0.189	0.182	0.0	0.093	0.128	0.119	0.102	0.109	0.089	0.0	
Chromosome	2952405	A	C	0.131	0.162	0.134	0.136	0.131	0.123	0.214	0.107	0.176	0.216	0.223	0.224	0.164	0.113	0.144	0.153	0.171	0.125	0.173	0.182	0.163	0.151	0.158	0.193	0.106	0.169	0.104	0.134	0.19	0.142	0.104	0.125	0.141	0.196	0.197	0.102	0.156	0.129	0.0	0.204	0.229	0.174	0.006	0.254	0.0	0.152	0.238	0.144	0.165	0.143	0.186	0.178	0.194	0.171	0.148	0.163	0.183	0.15	0.118	0.164	0.119	0.012	0.155	0.128	0.158	0.135	0.126	0.122	0.0	
Chromosome	2979249	C	CG	0.0	0.114	0.0	0.0	0.0	0.0	0.0	0.0	0.004	0.0	0.007	0.005	0.0	0.0	0.0	0.0	0.0	0.0	0.0	0.0	0.0	0.0	0.0	0.0	0.0	0.0	0.0	0.0	0.004	0.0	0.0	0.004	0.0	0.0	0.0	0.0	0.0	0.0	0.0	0.0	0.0	0.0	0.0	0.0	0.0	0.015	0.0	0.007	0.0	0.0	0.0	0.0	0.0	0.007	0.007	0.0	0.0	0.0	0.048	0.0	0.0	0.0	0.0	0.0	0.0	0.0	0.0	0.003	0.0	
Chromosome	3015747	G	C	0.202	0.27	0.341	0.284	0.291	0.207	0.209	0.295	0.376	0.209	0.252	0.231	0.297	0.287	0.326	0.481	0.5	0.239	0.306	0.279	0.203	0.217	0.243	0.305	0.399	0.29	0.343	0.347	0.344	0.222	0.194	0.303	0.452	0.427	0.204	0.238	0.223	0.219	0.0	0.246	0.204	0.25	0.0	0.231	0.0	0.339	0.227	0.271	0.211	0.225	0.273	0.258	0.247	0.212	0.194	0.169	0.212	0.258	0.545	0.515	0.5	0.0	0.235	0.239	0.215	0.174	0.224	0.231	0.0	
Chromosome	3092808	A	C	0.368	0.564	0.487	0.391	0.328	0.373	0.267	0.241	0.511	0.403	0.289	0.443	0.589	0.505	0.541	0.488	0.561	0.273	0.316	0.456	0.316	0.373	0.26	0.395	0.627	0.536	0.53	0.615	0.574	0.327	0.315	0.396	0.568	0.593	0.446	0.413	0.347	0.392	0.0	0.384	0.333	0.27	0.0	0.385	0.0	0.353	0.39	0.368	0.364	0.318	0.4	0.264	0.396	0.283	0.364	0.318	0.418	0.349	0.4	0.46	0.547	0.0	0.405	0.34	0.308	0.3	0.333	0.251	0.01	
Chromosome	3092809	G	C	0.408	0.547	0.414	0.366	0.241	0.346	0.319	0.291	0.566	0.449	0.263	0.361	0.518	0.466	0.504	0.529	0.595	0.267	0.346	0.5	0.359	0.418	0.396	0.355	0.649	0.483	0.505	0.58	0.56	0.335	0.331	0.368	0.576	0.596	0.523	0.421	0.393	0.322	0.0	0.372	0.325	0.351	0.0	0.371	0.0	0.385	0.364	0.31	0.385	0.323	0.618	0.283	0.453	0.37	0.448	0.409	0.491	0.395	0.421	0.48	0.573	0.0	0.35	0.352	0.328	0.287	0.33	0.238	0.0	
Chromosome	3109158	T	A	0.207	0.153	0.066	0.28	0.053	0.205	0.241	0.245	0.157	0.223	0.173	0.188	0.106	0.145	0.067	0.091	0.088	0.326	0.319	0.299	0.25	0.188	0.311	0.209	0.102	0.054	0.068	0.106	0.092	0.197	0.212	0.092	0.104	0.192	0.224	0.227	0.205	0.227	0.0	0.178	0.317	0.25	0.0	0.297	0.0	0.109	0.198	0.182	0.261	0.25	0.222	0.267	0.265	0.268	0.293	0.245	0.364	0.311	0.167	0.032	0.121	0.0	0.253	0.21	0.173	0.238	0.218	0.246	0.0	
Chromosome	3123426	T	G	0.146	0.226	0.19	0.214	0.126	0.244	0.243	0.258	0.263	0.228	0.21	0.237	0.243	0.218	0.161	0.27	0.245	0.343	0.197	0.273	0.209	0.254	0.204	0.286	0.241	0.283	0.173	0.237	0.205	0.135	0.095	0.131	0.256	0.257	0.206	0.154	0.163	0.142	0.006	0.287	0.24	0.205	0.0	0.195	0.007	0.176	0.237	0.155	0.113	0.163	0.248	0.169	0.377	0.25	0.245	0.33	0.227	0.246	0.348	0.246	0.188	0.0	0.189	0.178	0.115	0.123	0.119	0.135	0.0	
Chromosome	3215656	T	G	0.133	0.122	0.107	0.144	0.032	0.262	0.286	0.252	0.125	0.185	0.156	0.212	0.093	0.087	0.085	0.088	0.102	0.203	0.314	0.322	0.269	0.29	0.1	0.241	0.168	0.103	0.123	0.089	0.096	0.144	0.135	0.069	0.167	0.102	0.176	0.161	0.149	0.11	0.063	0.248	0.221	0.236	0.055	0.261	0.056	0.117	0.184	0.146	0.161	0.145	0.223	0.183	0.288	0.283	0.298	0.3	0.331	0.148	0.148	0.179	0.095	0.06	0.139	0.18	0.139	0.157	0.156	0.148	0.06	
Chromosome	3230529	A	C	0.136	0.21	0.131	0.177	0.128	0.236	0.188	0.238	0.13	0.194	0.241	0.251	0.129	0.158	0.188	0.238	0.155	0.239	0.259	0.267	0.23	0.215	0.205	0.188	0.168	0.138	0.143	0.134	0.127	0.124	0.128	0.083	0.173	0.143	0.203	0.132	0.128	0.117	0.011	0.221	0.172	0.23	0.0	0.182	0.0	0.144	0.193	0.125	0.133	0.155	0.192	0.284	0.202	0.279	0.261	0.21	0.28	0.265	0.22	0.266	0.197	0.0	0.137	0.129	0.13	0.121	0.124	0.133	0.007	
Chromosome	3270858	A	C	0.054	0.107	0.129	0.1	0.037	0.105	0.101	0.108	0.072	0.099	0.114	0.059	0.038	0.089	0.082	0.117	0.134	0.078	0.125	0.127	0.121	0.175	0.136	0.116	0.075	0.042	0.129	0.076	0.032	0.087	0.058	0.065	0.098	0.051	0.11	0.038	0.052	0.052	0.0	0.087	0.06	0.066	0.007	0.111	0.006	0.046	0.123	0.073	0.026	0.052	0.159	0.169	0.148	0.161	0.2	0.153	0.159	0.144	0.0	0.044	0.068	0.0	0.064	0.05	0.035	0.03	0.073	0.089	0.0	
Chromosome	3270865	T	G	0.08	0.138	0.045	0.104	0.022	0.155	0.143	0.11	0.091	0.13	0.14	0.067	0.054	0.06	0.071	0.104	0.11	0.089	0.14	0.102	0.173	0.162	0.191	0.101	0.12	0.075	0.072	0.094	0.052	0.071	0.078	0.061	0.105	0.092	0.119	0.06	0.072	0.062	0.006	0.057	0.103	0.102	0.0	0.072	0.0	0.082	0.113	0.094	0.061	0.063	0.171	0.167	0.151	0.088	0.142	0.143	0.16	0.131	0.0	0.061	0.108	0.007	0.081	0.067	0.068	0.063	0.07	0.122	0.009	
Chromosome	3278729	T	G	0.073	0.185	0.174	0.165	0.063	0.194	0.157	0.227	0.179	0.147	0.164	0.143	0.121	0.165	0.145	0.118	0.156	0.141	0.153	0.157	0.139	0.18	0.203	0.146	0.086	0.122	0.128	0.126	0.121	0.103	0.104	0.105	0.113	0.235	0.154	0.147	0.122	0.103	0.0	0.189	0.163	0.155	0.008	0.192	0.0	0.101	0.189	0.097	0.162	0.153	0.175	0.195	0.148	0.218	0.136	0.122	0.074	0.165	0.13	0.123	0.076	0.006	0.153	0.123	0.115	0.137	0.129	0.144	0.0	
Chromosome	3278750	A	C	0.195	0.085	0.094	0.2	0.123	0.16	0.238	0.298	0.071	0.182	0.231	0.234	0.11	0.096	0.111	0.043	0.092	0.169	0.267	0.224	0.148	0.254	0.182	0.245	0.033	0.102	0.081	0.114	0.138	0.171	0.196	0.058	0.038	0.04	0.221	0.191	0.18	0.181	0.0	0.207	0.215	0.223	0.0	0.23	0.0	0.045	0.203	0.227	0.205	0.179	0.19	0.245	0.22	0.242	0.127	0.171	0.101	0.214	0.152	0.088	0.044	0.0	0.209	0.224	0.188	0.193	0.235	0.218	0.0	
Chromosome	3438752	A	AC	0.0	0.12	0.0	0.0	0.0	0.0	0.0	0.0	0.0	0.0	0.0	0.0	0.0	0.0	0.0	0.0	0.0	0.0	0.0	0.0	0.0	0.0	0.0	0.0	0.0	0.0	0.0	0.0	0.0	0.0	0.0	0.0	0.0	0.0	0.0	0.0	0.0	0.0	0.0	0.0	0.0	0.0	0.0	0.0	0.0	0.0	0.0	0.0	0.0	0.0	0.0	0.0	0.0	0.0	0.0	0.0	0.0	0.0	0.0	0.0	0.0	0.0	0.0	0.0	0.0	0.0	0.0	0.0	0.0	
Chromosome	3690294	T	G	0.128	0.127	0.095	0.174	0.057	0.211	0.194	0.214	0.207	0.191	0.177	0.195	0.057	0.135	0.101	0.129	0.154	0.216	0.245	0.205	0.2	0.182	0.197	0.196	0.18	0.119	0.158	0.123	0.112	0.116	0.139	0.083	0.113	0.156	0.195	0.105	0.16	0.099	0.0	0.147	0.17	0.189	0.0	0.107	0.0	0.073	0.156	0.11	0.109	0.117	0.256	0.206	0.211	0.261	0.198	0.21	0.304	0.232	0.111	0.141	0.106	0.0	0.126	0.088	0.072	0.115	0.114	0.096	0.0	
Chromosome	3777631	T	G	0.114	0.094	0.126	0.157	0.057	0.206	0.275	0.236	0.14	0.274	0.182	0.245	0.114	0.118	0.095	0.175	0.079	0.156	0.248	0.246	0.25	0.263	0.22	0.193	0.156	0.088	0.152	0.116	0.124	0.106	0.105	0.065	0.151	0.107	0.165	0.094	0.14	0.103	0.0	0.168	0.185	0.239	0.013	0.199	0.0	0.117	0.194	0.104	0.105	0.112	0.239	0.248	0.259	0.192	0.316	0.253	0.237	0.16	0.214	0.12	0.162	0.0	0.102	0.117	0.101	0.097	0.123	0.08	0.006	
Chromosome	3777637	A	C	0.147	0.242	0.248	0.215	0.108	0.253	0.286	0.32	0.217	0.283	0.261	0.265	0.153	0.228	0.209	0.331	0.224	0.237	0.292	0.281	0.223	0.308	0.21	0.256	0.254	0.293	0.188	0.189	0.138	0.196	0.201	0.169	0.219	0.211	0.23	0.161	0.185	0.179	0.0	0.31	0.262	0.275	0.0	0.264	0.007	0.218	0.222	0.146	0.205	0.184	0.233	0.378	0.218	0.275	0.316	0.418	0.315	0.24	0.51	0.287	0.219	0.0	0.188	0.154	0.143	0.151	0.174	0.155	0.006	
Chromosome	3847896	T	A	0.133	0.113	0.136	0.15	0.093	0.109	0.172	0.145	0.167	0.104	0.119	0.12	0.057	0.127	0.103	0.152	0.142	0.141	0.164	0.133	0.092	0.138	0.162	0.171	0.173	0.118	0.119	0.077	0.122	0.072	0.146	0.109	0.106	0.134	0.153	0.158	0.128	0.133	0.0	0.118	0.125	0.155	0.0	0.164	0.0	0.133	0.137	0.146	0.183	0.162	0.152	0.142	0.125	0.148	0.145	0.092	0.175	0.118	0.105	0.147	0.166	0.0	0.203	0.169	0.147	0.17	0.175	0.152	0.0	
Chromosome	3973377	T	G	0.097	0.15	0.135	0.133	0.083	0.11	0.071	0.084	0.129	0.116	0.13	0.105	0.134	0.154	0.101	0.064	0.089	0.096	0.135	0.107	0.105	0.087	0.087	0.138	0.119	0.165	0.145	0.113	0.143	0.083	0.096	0.096	0.141	0.109	0.071	0.081	0.058	0.09	0.0	0.109	0.085	0.119	0.0	0.135	0.0	0.073	0.164	0.083	0.102	0.105	0.113	0.115	0.106	0.108	0.108	0.061	0.106	0.15	0.259	0.104	0.082	0.0	0.103	0.104	0.04	0.104	0.05	0.084	0.0	
Chromosome	4082243	T	G	0.003	0.217	0.0	0.0	0.0	0.0	0.0	0.0	0.0	0.0	0.0	0.0	0.0	0.0	0.0	0.0	0.0	0.0	0.007	0.0	0.0	0.0	0.0	0.005	0.0	0.0	0.0	0.0	0.0	0.0	0.0	0.0	0.0	0.0	0.0	0.0	0.003	0.0	0.016	0.0	0.008	0.0	0.0	0.0	0.0	0.0	0.0	0.0	0.0	0.0	0.0	0.0	0.0	0.0	0.0	0.0	0.0	0.0	0.0	0.0	0.0	0.005	0.0	0.0	0.0	0.0	0.0	0.0	0.0	
Chromosome	4214560	C	A	0.452	0.49	0.489	0.515	0.533	0.441	0.444	0.525	0.503	0.477	0.478	0.474	0.465	0.518	0.466	0.465	0.544	0.5	0.53	0.506	0.48	0.485	0.401	0.533	0.478	0.449	0.475	0.494	0.517	0.494	0.476	0.515	0.485	0.48	0.481	0.502	0.45	0.481	0.463	0.458	0.491	0.505	0.538	0.511	0.524	0.498	0.496	0.478	0.497	0.486	0.431	0.453	0.479	0.42	0.509	0.468	0.49	0.472	0.509	0.462	0.494	0.408	0.494	0.506	0.43	0.442	0.432	0.326	0.498	
Chromosome	4214739	G	GT	0.34	0.36	0.327	0.316	0.395	0.304	0.332	0.352	0.324	0.364	0.304	0.32	0.338	0.351	0.336	0.368	0.472	0.392	0.342	0.38	0.312	0.339	0.353	0.34	0.358	0.313	0.303	0.316	0.331	0.332	0.321	0.353	0.327	0.388	0.339	0.358	0.305	0.333	0.327	0.332	0.362	0.287	0.317	0.332	0.357	0.306	0.309	0.32	0.334	0.355	0.331	0.371	0.301	0.321	0.371	0.324	0.352	0.367	0.535	0.391	0.331	0.26	0.338	0.314	0.329	0.303	0.304	0.266	0.329	
Chromosome	4214852	A	AG	0.06	0.058	0.067	0.049	0.074	0.043	0.078	0.072	0.05	0.058	0.023	0.048	0.056	0.076	0.083	0.069	0.07	0.099	0.049	0.107	0.048	0.074	0.046	0.047	0.057	0.059	0.07	0.045	0.05	0.069	0.061	0.07	0.066	0.067	0.066	0.062	0.073	0.066	0.022	0.065	0.047	0.037	0.051	0.087	0.097	0.015	0.066	0.044	0.084	0.064	0.024	0.074	0.088	0.054	0.039	0.026	0.069	0.048	0.065	0.06	0.058	0.082	0.057	0.058	0.053	0.073	0.054	0.058	0.045	
Chromosome	4214853	C	CAAT	0.0	0.008	0.009	0.0	0.0	0.0	0.0	0.008	0.0	0.004	0.0	0.0	0.0	0.013	0.003	0.0	0.0	0.0	0.006	0.0	0.0	0.006	0.0	0.0	0.004	0.0	0.008	0.003	0.0	0.0	0.003	0.004	0.0	0.004	0.0	0.0	0.0	0.003	0.011	0.0	0.006	0.0	0.034	0.0	0.067	0.0	0.004	0.0	0.0	0.004	0.0	0.0	0.0	0.0	0.007	0.0	0.006	0.008	0.0	0.004	0.006	0.06	0.0	0.0	0.0	0.0	0.0	0.0	0.019	
Chromosome	4214855	A	ATCAAT	0.045	0.058	0.058	0.057	0.048	0.05	0.07	0.072	0.049	0.05	0.009	0.039	0.042	0.082	0.072	0.07	0.066	0.096	0.044	0.102	0.049	0.067	0.041	0.045	0.046	0.048	0.066	0.041	0.039	0.058	0.066	0.071	0.065	0.071	0.058	0.069	0.069	0.071	0.022	0.059	0.048	0.036	0.045	0.078	0.078	0.015	0.062	0.044	0.067	0.06	0.04	0.07	0.081	0.048	0.052	0.027	0.07	0.056	0.107	0.055	0.061	0.05	0.052	0.072	0.057	0.062	0.05	0.051	0.032	
Chromosome	4214859	C	T	0.036	0.051	0.052	0.051	0.045	0.042	0.073	0.065	0.044	0.036	0.009	0.041	0.049	0.07	0.058	0.061	0.05	0.085	0.033	0.101	0.052	0.059	0.036	0.042	0.04	0.046	0.059	0.039	0.032	0.057	0.062	0.066	0.051	0.056	0.051	0.066	0.069	0.059	0.023	0.056	0.049	0.025	0.046	0.073	0.077	0.015	0.061	0.039	0.061	0.052	0.043	0.065	0.051	0.049	0.041	0.028	0.071	0.058	0.088	0.05	0.058	0.052	0.05	0.059	0.048	0.05	0.047	0.05	0.028	
Chromosome	4214862	C	G	0.033	0.047	0.044	0.044	0.041	0.043	0.067	0.058	0.034	0.032	0.005	0.036	0.04	0.059	0.05	0.062	0.051	0.076	0.02	0.088	0.042	0.06	0.03	0.035	0.04	0.037	0.056	0.036	0.029	0.051	0.06	0.066	0.047	0.052	0.037	0.06	0.057	0.046	0.023	0.04	0.031	0.025	0.029	0.061	0.066	0.01	0.049	0.034	0.057	0.041	0.034	0.048	0.044	0.029	0.021	0.022	0.056	0.057	0.09	0.046	0.052	0.041	0.038	0.047	0.038	0.04	0.029	0.04	0.014	
Chromosome	4214864	C	A	0.031	0.035	0.04	0.044	0.03	0.034	0.057	0.057	0.03	0.032	0.01	0.045	0.04	0.042	0.044	0.055	0.051	0.066	0.021	0.084	0.034	0.048	0.045	0.031	0.032	0.03	0.049	0.036	0.022	0.051	0.043	0.055	0.033	0.045	0.024	0.052	0.049	0.04	0.018	0.034	0.019	0.024	0.024	0.037	0.066	0.01	0.041	0.03	0.051	0.035	0.034	0.034	0.038	0.028	0.021	0.022	0.042	0.048	0.078	0.034	0.041	0.03	0.033	0.038	0.038	0.04	0.035	0.037	0.014	
Chromosome	4214865	C	T	0.025	0.022	0.035	0.037	0.024	0.026	0.047	0.056	0.027	0.016	0.005	0.032	0.035	0.024	0.037	0.044	0.052	0.041	0.021	0.066	0.034	0.048	0.038	0.023	0.027	0.03	0.041	0.035	0.015	0.047	0.039	0.047	0.029	0.046	0.021	0.042	0.049	0.043	0.012	0.028	0.019	0.024	0.018	0.037	0.066	0.01	0.037	0.027	0.047	0.032	0.034	0.034	0.03	0.028	0.014	0.015	0.042	0.048	0.078	0.022	0.028	0.03	0.029	0.038	0.035	0.036	0.026	0.033	0.014	
Chromosome	4266103	A	C	0.119	0.133	0.133	0.107	0.088	0.114	0.208	0.099	0.086	0.183	0.159	0.116	0.111	0.107	0.118	0.116	0.033	0.113	0.14	0.172	0.127	0.126	0.121	0.118	0.082	0.117	0.165	0.15	0.083	0.103	0.149	0.088	0.103	0.104	0.156	0.13	0.125	0.09	0.0	0.108	0.149	0.184	0.0	0.156	0.0	0.081	0.17	0.125	0.084	0.084	0.15	0.095	0.105	0.167	0.174	0.189	0.132	0.113	0.106	0.107	0.081	0.0	0.108	0.091	0.114	0.094	0.097	0.085	0.006	
Chromosome	4338880	T	G	0.155	0.139	0.078	0.173	0.092	0.219	0.198	0.316	0.24	0.161	0.255	0.158	0.108	0.178	0.139	0.192	0.148	0.202	0.283	0.275	0.331	0.211	0.25	0.183	0.187	0.173	0.149	0.14	0.119	0.1	0.125	0.11	0.183	0.183	0.183	0.138	0.156	0.13	0.0	0.164	0.198	0.207	0.0	0.197	0.006	0.083	0.141	0.147	0.123	0.142	0.142	0.238	0.252	0.341	0.199	0.234	0.284	0.268	0.229	0.197	0.213	0.0	0.142	0.097	0.124	0.109	0.144	0.085	0.0	
Chromosome	4338895	T	G	0.158	0.1	0.092	0.19	0.05	0.169	0.178	0.23	0.081	0.144	0.255	0.162	0.084	0.093	0.06	0.092	0.076	0.187	0.253	0.226	0.24	0.133	0.206	0.148	0.07	0.081	0.094	0.066	0.088	0.074	0.118	0.056	0.076	0.065	0.168	0.141	0.152	0.113	0.005	0.124	0.196	0.151	0.006	0.188	0.0	0.042	0.146	0.126	0.113	0.151	0.123	0.155	0.138	0.261	0.16	0.206	0.175	0.206	0.077	0.057	0.042	0.0	0.143	0.102	0.115	0.112	0.166	0.1	0.01	
Chromosome	4449585	A	C	0.09	0.146	0.114	0.118	0.083	0.189	0.209	0.286	0.174	0.106	0.16	0.162	0.081	0.115	0.118	0.223	0.18	0.175	0.234	0.186	0.238	0.183	0.143	0.221	0.168	0.102	0.133	0.137	0.105	0.109	0.093	0.068	0.153	0.168	0.207	0.122	0.102	0.106	0.011	0.17	0.213	0.157	0.0	0.176	0.0	0.058	0.177	0.17	0.097	0.103	0.146	0.238	0.248	0.23	0.192	0.15	0.226	0.25	0.179	0.165	0.173	0.01	0.111	0.115	0.1	0.128	0.147	0.072	0.0	
Chromosome	4449597	A	C	0.114	0.121	0.098	0.235	0.033	0.203	0.227	0.218	0.103	0.154	0.189	0.195	0.11	0.104	0.106	0.121	0.145	0.123	0.24	0.218	0.256	0.19	0.206	0.252	0.126	0.103	0.115	0.123	0.093	0.201	0.168	0.066	0.124	0.154	0.241	0.158	0.154	0.15	0.0	0.197	0.182	0.208	0.0	0.241	0.0	0.062	0.188	0.188	0.131	0.162	0.226	0.274	0.262	0.278	0.237	0.2	0.308	0.27	0.1	0.108	0.149	0.005	0.182	0.165	0.116	0.179	0.162	0.129	0.007	
Chromosome	4460835	T	G	0.003	0.037	0.03	0.0	0.035	0.0	0.0	0.0	0.0	0.0	0.0	0.011	0.028	0.038	0.003	0.015	0.127	0.0	0.0	0.0	0.0	0.0	0.0	0.017	0.01	0.01	0.012	0.028	0.008	0.0	0.003	0.012	0.0	0.015	0.0	0.01	0.002	0.0	0.0	0.0	0.0	0.0	0.005	0.0	0.01	0.0	0.0	0.007	0.0	0.0	0.0	0.0	0.012	0.006	0.0	0.0	0.0	0.0	0.0	0.011	0.008	0.006	0.008	0.0	0.0	0.003	0.0	0.0	0.006	
Chromosome	4460836	C	A	0.008	0.037	0.034	0.0	0.035	0.0	0.0	0.007	0.0	0.003	0.005	0.011	0.028	0.037	0.0	0.015	0.127	0.011	0.0	0.0	0.0	0.006	0.0	0.021	0.01	0.01	0.012	0.028	0.008	0.0	0.003	0.012	0.0	0.015	0.0	0.016	0.002	0.0	0.0	0.0	0.0	0.0	0.0	0.0	0.0	0.0	0.0	0.007	0.0	0.002	0.0	0.0	0.0	0.0	0.006	0.0	0.006	0.0	0.0	0.011	0.008	0.0	0.008	0.0	0.0	0.003	0.0	0.0	0.0	
Chromosome	4537116	A	.	0.0	0.0	0.0	0.0	0.0	0.0	0.0	0.0	0.0	0.0	0.0	0.0	0.0	0.0	0.0	0.0	0.0	0.0	0.0	0.0	0.0	0.0	0.0	0.0	0.0	0.0	0.0	0.0	0.0	0.0	0.0	0.0	0.0	0.0	0.0	0.0	0.0	0.0	0.0	0.0	0.0	0.0	0.0	0.0	0.0	0.0	0.0	0.0	0.0	0.0	0.0	0.0	0.0	0.0	0.0	0.0	0.0	0.0	0.0	0.0	0.0	0.0	0.0	0.0	0.0	0.0	0.0	0.0	0.0	
Chromosome	4541914	T	G	0.06	0.143	0.147	0.081	0.061	0.12	0.113	0.096	0.13	0.149	0.101	0.103	0.153	0.108	0.159	0.076	0.043	0.067	0.145	0.15	0.108	0.072	0.124	0.121	0.121	0.141	0.123	0.145	0.12	0.082	0.086	0.074	0.147	0.089	0.07	0.089	0.102	0.087	0.005	0.127	0.169	0.2	0.0	0.114	0.0	0.104	0.142	0.118	0.082	0.089	0.124	0.156	0.212	0.149	0.125	0.156	0.156	0.165	0.138	0.107	0.126	0.0	0.098	0.143	0.108	0.069	0.073	0.084	0.007	
Chromosome	4582881	T	G	0.086	0.108	0.106	0.122	0.046	0.122	0.212	0.074	0.119	0.091	0.126	0.127	0.07	0.11	0.102	0.236	0.138	0.175	0.09	0.073	0.204	0.119	0.151	0.084	0.116	0.107	0.099	0.06	0.096	0.071	0.075	0.078	0.11	0.099	0.124	0.091	0.088	0.054	0.0	0.132	0.086	0.086	0.006	0.097	0.006	0.123	0.069	0.084	0.071	0.072	0.071	0.117	0.07	0.176	0.157	0.118	0.147	0.137	0.211	0.182	0.089	0.006	0.073	0.09	0.084	0.065	0.067	0.071	0.015	
Chromosome	4619545	A	C	0.183	0.167	0.214	0.249	0.145	0.265	0.229	0.267	0.221	0.242	0.322	0.252	0.224	0.197	0.173	0.206	0.242	0.21	0.272	0.28	0.225	0.293	0.238	0.256	0.28	0.168	0.253	0.15	0.219	0.167	0.197	0.202	0.234	0.295	0.253	0.186	0.201	0.168	0.0	0.177	0.286	0.215	0.0	0.219	0.0	0.206	0.212	0.219	0.206	0.191	0.2	0.223	0.221	0.295	0.32	0.177	0.263	0.282	0.318	0.283	0.241	0.0	0.239	0.172	0.163	0.205	0.162	0.191	0.0	
Chromosome	4619554	A	C	0.164	0.111	0.139	0.206	0.08	0.206	0.213	0.211	0.084	0.273	0.258	0.234	0.137	0.146	0.118	0.132	0.079	0.186	0.203	0.232	0.207	0.25	0.24	0.227	0.15	0.114	0.109	0.085	0.128	0.166	0.198	0.114	0.122	0.116	0.24	0.197	0.188	0.191	0.006	0.172	0.247	0.194	0.0	0.229	0.0	0.086	0.193	0.212	0.195	0.146	0.178	0.214	0.215	0.224	0.177	0.156	0.191	0.196	0.176	0.098	0.083	0.0	0.186	0.146	0.16	0.218	0.171	0.163	0.0	
Chromosome	4676705	T	G	0.075	0.162	0.132	0.14	0.039	0.244	0.272	0.285	0.092	0.163	0.137	0.157	0.109	0.151	0.138	0.163	0.119	0.176	0.208	0.197	0.215	0.242	0.197	0.156	0.123	0.141	0.112	0.112	0.138	0.069	0.097	0.064	0.118	0.188	0.203	0.087	0.094	0.093	0.0	0.205	0.124	0.159	0.0	0.189	0.0	0.15	0.115	0.112	0.085	0.097	0.21	0.171	0.255	0.26	0.242	0.277	0.227	0.189	0.238	0.173	0.136	0.0	0.078	0.095	0.071	0.058	0.061	0.055	0.0	
Chromosome	4693154	G	GGGGGGGGGGGGGGCCC,GGGGGGGGGGGGGGCGCCCCC	0.149	0.036	0.056	0.171	0.037	0.211	0.246	0.176	0.031	0.264	0.134	0.178	0.028	0.048	0.045	0.056	0.008	0.111	0.172	0.205	0.292	0.246	0.237	0.144	0.051	0.072	0.027	0.047	0.055	0.181	0.222	0.026	0.045	0.033	0.254	0.212	0.188	0.182	0.0	0.178	0.118	0.145	0.0	0.129	0.0	0.02	0.178	0.21	0.205	0.167	0.12	0.229	0.133	0.239	0.216	0.186	0.18	0.167	0.022	0.04	0.032	0.0	0.198	0.161	0.181	0.199	0.176	0.16	0.0	
Chromosome	4724246	A	C	0.306	0.281	0.251	0.312	0.171	0.299	0.304	0.243	0.243	0.289	0.344	0.258	0.223	0.244	0.235	0.284	0.262	0.278	0.311	0.315	0.245	0.342	0.275	0.318	0.268	0.261	0.269	0.232	0.23	0.31	0.277	0.203	0.22	0.297	0.348	0.235	0.269	0.275	0.0	0.272	0.29	0.267	0.0	0.327	0.006	0.157	0.354	0.294	0.358	0.288	0.386	0.398	0.367	0.33	0.206	0.277	0.389	0.23	0.233	0.248	0.219	0.0	0.281	0.263	0.26	0.275	0.296	0.192	0.0	
Chromosome	4724247	T	G	0.085	0.106	0.126	0.145	0.038	0.138	0.057	0.098	0.033	0.106	0.143	0.141	0.072	0.097	0.05	0.048	0.078	0.097	0.088	0.055	0.045	0.073	0.104	0.095	0.07	0.098	0.081	0.087	0.079	0.087	0.102	0.03	0.033	0.047	0.118	0.056	0.093	0.081	0.0	0.116	0.178	0.09	0.0	0.076	0.006	0.057	0.135	0.074	0.112	0.065	0.04	0.082	0.092	0.095	0.062	0.04	0.114	0.079	0.077	0.071	0.04	0.0	0.064	0.074	0.066	0.095	0.09	0.02	0.0	
Chromosome	4724261	T	G	0.246	0.102	0.068	0.29	0.075	0.273	0.247	0.16	0.023	0.294	0.258	0.274	0.024	0.079	0.063	0.031	0.017	0.215	0.254	0.239	0.179	0.255	0.229	0.231	0.008	0.104	0.095	0.047	0.075	0.284	0.233	0.07	0.033	0.035	0.256	0.189	0.223	0.195	0.0	0.243	0.199	0.208	0.005	0.322	0.006	0.017	0.256	0.255	0.262	0.23	0.258	0.276	0.253	0.211	0.18	0.186	0.24	0.178	0.025	0.009	0.055	0.0	0.252	0.219	0.201	0.228	0.282	0.189	0.014	
Chromosome	4738601	T	G	0.179	0.163	0.142	0.234	0.07	0.196	0.211	0.261	0.184	0.199	0.215	0.208	0.181	0.141	0.131	0.231	0.247	0.348	0.21	0.277	0.194	0.268	0.255	0.246	0.207	0.138	0.145	0.158	0.209	0.157	0.132	0.082	0.258	0.21	0.297	0.152	0.193	0.133	0.0	0.202	0.177	0.219	0.011	0.212	0.0	0.188	0.241	0.133	0.138	0.187	0.25	0.208	0.254	0.261	0.229	0.239	0.279	0.229	0.2	0.233	0.288	0.0	0.134	0.163	0.163	0.193	0.164	0.15	0.006	
Chromosome	4795816	T	G	0.176	0.18	0.145	0.236	0.104	0.226	0.265	0.184	0.159	0.223	0.239	0.23	0.187	0.138	0.152	0.184	0.179	0.191	0.232	0.262	0.226	0.233	0.22	0.223	0.12	0.107	0.144	0.145	0.146	0.17	0.161	0.131	0.156	0.123	0.223	0.188	0.157	0.158	0.0	0.203	0.203	0.249	0.0	0.231	0.014	0.096	0.267	0.111	0.207	0.164	0.237	0.199	0.344	0.315	0.248	0.242	0.24	0.294	0.147	0.184	0.167	0.0	0.178	0.191	0.202	0.2	0.154	0.196	0.019	
Chromosome	4910340	A	C	0.158	0.123	0.117	0.133	0.098	0.189	0.195	0.207	0.127	0.177	0.157	0.167	0.15	0.091	0.099	0.109	0.147	0.182	0.169	0.174	0.241	0.2	0.199	0.206	0.176	0.122	0.111	0.103	0.117	0.09	0.111	0.126	0.155	0.127	0.175	0.125	0.132	0.126	0.011	0.193	0.183	0.197	0.017	0.203	0.011	0.113	0.155	0.145	0.138	0.113	0.118	0.176	0.219	0.191	0.167	0.23	0.168	0.2	0.175	0.153	0.132	0.006	0.156	0.12	0.1	0.141	0.124	0.123	0.009	
Chromosome	4916965	T	G	0.083	0.127	0.109	0.078	0.08	0.073	0.075	0.076	0.065	0.119	0.055	0.088	0.091	0.115	0.128	0.121	0.088	0.11	0.051	0.068	0.083	0.092	0.059	0.082	0.063	0.074	0.078	0.096	0.092	0.074	0.069	0.114	0.071	0.136	0.127	0.061	0.087	0.057	0.0	0.116	0.115	0.117	0.01	0.082	0.005	0.06	0.122	0.062	0.05	0.096	0.083	0.079	0.068	0.086	0.098	0.134	0.107	0.057	0.106	0.06	0.122	0.0	0.06	0.06	0.085	0.027	0.044	0.049	0.013	
Chromosome	4948868	T	G	0.188	0.12	0.186	0.174	0.117	0.217	0.29	0.282	0.193	0.254	0.245	0.267	0.157	0.175	0.134	0.16	0.123	0.244	0.353	0.357	0.28	0.333	0.274	0.236	0.203	0.187	0.165	0.176	0.198	0.181	0.21	0.129	0.194	0.16	0.263	0.154	0.203	0.19	0.0	0.259	0.212	0.23	0.006	0.221	0.0	0.109	0.271	0.223	0.159	0.172	0.242	0.248	0.311	0.252	0.239	0.192	0.26	0.333	0.231	0.221	0.169	0.0	0.211	0.226	0.247	0.221	0.226	0.217	0.0	
Chromosome	4979346	A	AC	0.0	0.108	0.0	0.0	0.0	0.0	0.0	0.0	0.0	0.0	0.0	0.0	0.0	0.218	0.0	0.0	0.0	0.0	0.0	0.0	0.0	0.0	0.0	0.0	0.0	0.0	0.0	0.0	0.0	0.0	0.0	0.004	0.0	0.0	0.0	0.0	0.0	0.0	0.0	0.0	0.0	0.0	0.0	0.0	0.0	0.0	0.0	0.0	0.0	0.0	0.0	0.0	0.0	0.0	0.0	0.0	0.0	0.0	0.0	0.0	0.0	0.0	0.0	0.0	0.0	0.0	0.002	0.0	0.0	
Chromosome	5035919	AG	A	0.012	0.062	0.012	0.005	0.009	0.007	0.005	0.014	0.016	0.013	0.019	0.022	0.013	0.019	0.008	0.015	0.02	0.015	0.011	0.015	0.004	0.0	0.012	0.015	0.007	0.016	0.017	0.008	0.013	0.007	0.005	0.007	0.004	0.02	0.014	0.01	0.011	0.006	0.01	0.006	0.011	0.016	0.007	0.019	0.01	0.007	0.009	0.007	0.005	0.011	0.003	0.008	0.008	0.01	0.014	0.009	0.012	0.016	0.016	0.019	0.018	0.008	0.008	0.016	0.006	0.02	0.013	0.006	0.002	
Chromosome	5130927	C	G	0.107	0.119	0.155	0.183	0.082	0.221	0.125	0.215	0.137	0.161	0.1	0.138	0.136	0.082	0.134	0.151	0.255	0.237	0.136	0.189	0.16	0.226	0.173	0.119	0.157	0.111	0.099	0.108	0.113	0.132	0.112	0.152	0.14	0.142	0.121	0.153	0.137	0.101	0.0	0.169	0.183	0.172	0.0	0.179	0.0	0.118	0.161	0.129	0.127	0.133	0.148	0.186	0.135	0.118	0.126	0.163	0.218	0.123	0.271	0.2	0.143	0.0	0.093	0.089	0.139	0.13	0.115	0.113	0.0	
Chromosome	5130928	A	C	0.149	0.161	0.192	0.158	0.137	0.272	0.19	0.239	0.157	0.162	0.141	0.127	0.169	0.114	0.179	0.107	0.17	0.188	0.238	0.191	0.207	0.168	0.165	0.159	0.168	0.162	0.108	0.144	0.153	0.172	0.137	0.148	0.207	0.134	0.146	0.141	0.146	0.138	0.0	0.18	0.141	0.166	0.0	0.143	0.019	0.124	0.135	0.139	0.174	0.132	0.185	0.188	0.135	0.222	0.174	0.245	0.218	0.176	0.208	0.192	0.191	0.012	0.161	0.18	0.147	0.165	0.122	0.13	0.01	
Chromosome	5130937	T	G	0.169	0.119	0.182	0.248	0.115	0.267	0.211	0.31	0.163	0.263	0.168	0.215	0.185	0.127	0.164	0.132	0.172	0.32	0.226	0.245	0.306	0.336	0.298	0.204	0.097	0.136	0.137	0.136	0.153	0.199	0.189	0.094	0.151	0.153	0.219	0.207	0.208	0.158	0.0	0.279	0.272	0.248	0.0	0.271	0.013	0.094	0.224	0.187	0.196	0.17	0.238	0.264	0.19	0.258	0.224	0.281	0.371	0.215	0.194	0.142	0.171	0.0	0.18	0.19	0.194	0.174	0.18	0.172	0.0	
Chromosome	5359295	T	G	0.094	0.103	0.103	0.143	0.028	0.196	0.232	0.237	0.097	0.107	0.175	0.121	0.101	0.091	0.098	0.132	0.15	0.22	0.211	0.246	0.184	0.199	0.279	0.23	0.119	0.086	0.107	0.086	0.086	0.09	0.1	0.05	0.116	0.164	0.217	0.115	0.091	0.075	0.005	0.164	0.195	0.187	0.0	0.133	0.0	0.08	0.158	0.091	0.095	0.109	0.177	0.263	0.243	0.235	0.209	0.205	0.22	0.226	0.096	0.117	0.137	0.0	0.107	0.099	0.05	0.123	0.114	0.078	0.0	
Chromosome	5359307	A	C	0.12	0.115	0.132	0.16	0.051	0.295	0.265	0.266	0.089	0.15	0.182	0.175	0.149	0.141	0.12	0.105	0.148	0.242	0.268	0.265	0.267	0.25	0.301	0.241	0.127	0.13	0.121	0.099	0.113	0.131	0.147	0.071	0.127	0.142	0.215	0.163	0.119	0.131	0.005	0.205	0.227	0.258	0.0	0.231	0.005	0.142	0.197	0.145	0.132	0.149	0.25	0.301	0.293	0.333	0.247	0.211	0.302	0.34	0.093	0.115	0.121	0.0	0.134	0.144	0.091	0.144	0.123	0.108	0.0	
Chromosome	5512267	A	C	0.136	0.192	0.169	0.136	0.136	0.148	0.275	0.185	0.193	0.247	0.181	0.204	0.122	0.205	0.17	0.194	0.214	0.205	0.27	0.237	0.228	0.226	0.227	0.195	0.233	0.173	0.184	0.201	0.177	0.138	0.15	0.116	0.181	0.239	0.144	0.131	0.143	0.133	0.0	0.181	0.201	0.176	0.006	0.208	0.005	0.164	0.26	0.116	0.126	0.154	0.179	0.237	0.242	0.247	0.222	0.264	0.202	0.262	0.289	0.301	0.2	0.005	0.129	0.12	0.087	0.123	0.111	0.126	0.0	
Chromosome	5521106	A	C	0.049	0.109	0.093	0.082	0.036	0.13	0.189	0.122	0.146	0.126	0.139	0.124	0.078	0.068	0.053	0.158	0.144	0.132	0.13	0.162	0.131	0.142	0.173	0.123	0.136	0.086	0.057	0.058	0.071	0.068	0.08	0.056	0.139	0.127	0.163	0.058	0.081	0.051	0.0	0.078	0.071	0.133	0.0	0.138	0.006	0.121	0.11	0.059	0.059	0.072	0.176	0.195	0.212	0.2	0.144	0.163	0.19	0.204	0.057	0.145	0.105	0.004	0.053	0.072	0.077	0.077	0.051	0.078	0.0	
Chromosome	5651224	C	G	0.199	0.215	0.161	0.19	0.07	0.269	0.232	0.259	0.252	0.208	0.185	0.183	0.162	0.186	0.158	0.275	0.257	0.316	0.199	0.2	0.234	0.255	0.228	0.216	0.258	0.171	0.15	0.147	0.222	0.167	0.146	0.165	0.287	0.28	0.189	0.158	0.131	0.138	0.006	0.162	0.254	0.18	0.006	0.141	0.0	0.125	0.183	0.063	0.165	0.122	0.191	0.193	0.171	0.248	0.208	0.228	0.228	0.33	0.053	0.3	0.276	0.0	0.139	0.13	0.156	0.215	0.135	0.157	0.0	
Chromosome	5651226	A	G	0.228	0.171	0.139	0.22	0.06	0.278	0.245	0.261	0.212	0.256	0.243	0.196	0.136	0.168	0.18	0.23	0.183	0.32	0.153	0.194	0.222	0.178	0.219	0.222	0.232	0.167	0.169	0.171	0.112	0.181	0.18	0.093	0.177	0.235	0.229	0.199	0.162	0.141	0.006	0.204	0.284	0.228	0.0	0.198	0.0	0.106	0.174	0.147	0.233	0.131	0.114	0.149	0.187	0.235	0.206	0.218	0.195	0.261	0.056	0.22	0.216	0.0	0.209	0.186	0.209	0.244	0.18	0.222	0.0	
Chromosome	5651232	T	G	0.249	0.077	0.061	0.252	0.047	0.259	0.292	0.259	0.056	0.303	0.293	0.254	0.065	0.094	0.115	0.053	0.038	0.312	0.178	0.214	0.238	0.237	0.221	0.223	0.066	0.059	0.102	0.075	0.101	0.232	0.187	0.047	0.067	0.056	0.167	0.248	0.253	0.221	0.006	0.211	0.259	0.215	0.0	0.222	0.005	0.02	0.194	0.207	0.214	0.181	0.207	0.17	0.172	0.232	0.21	0.212	0.198	0.266	0.0	0.076	0.05	0.0	0.207	0.234	0.249	0.231	0.218	0.21	0.02	
Chromosome	5693171	TCGGCGC	T	0.0	0.185	0.008	0.167	0.0	0.015	0.009	0.013	0.009	0.0	0.0	0.0	0.004	0.004	0.004	0.0	0.01	0.0	0.0	0.0	0.008	0.0	0.007	0.004	0.004	0.003	0.014	0.0	0.004	0.007	0.0	0.004	0.005	0.004	0.009	0.017	0.009	0.017	0.005	0.005	0.0	0.004	0.009	0.011	0.005	0.014	0.004	0.009	0.0	0.004	0.009	0.02	0.015	0.0	0.0	0.0	0.006	0.014	0.0	0.005	0.004	0.02	0.007	0.008	0.014	0.006	0.003	0.0	0.011	
Chromosome	5693414	A	G	0.142	0.176	0.14	0.201	0.094	0.138	0.258	0.178	0.34	0.228	0.125	0.218	0.143	0.106	0.176	0.383	0.353	0.227	0.145	0.264	0.162	0.222	0.186	0.221	0.237	0.118	0.132	0.18	0.213	0.198	0.16	0.2	0.271	0.333	0.277	0.146	0.183	0.135	0.0	0.127	0.118	0.173	0.006	0.15	0.0	0.17	0.142	0.137	0.188	0.182	0.182	0.19	0.31	0.3	0.175	0.167	0.221	0.185	0.609	0.343	0.278	0.0	0.153	0.102	0.134	0.153	0.163	0.108	0.013	
Chromosome	5730207	T	G	0.077	0.1	0.091	0.095	0.044	0.22	0.264	0.221	0.105	0.076	0.117	0.076	0.071	0.083	0.109	0.134	0.136	0.14	0.145	0.16	0.168	0.183	0.109	0.129	0.081	0.067	0.066	0.111	0.095	0.067	0.083	0.032	0.071	0.116	0.147	0.053	0.09	0.08	0.0	0.129	0.137	0.127	0.0	0.099	0.011	0.049	0.102	0.053	0.068	0.068	0.142	0.161	0.161	0.16	0.197	0.139	0.186	0.27	0.068	0.089	0.095	0.0	0.069	0.08	0.05	0.054	0.068	0.076	0.0	
Chromosome	5757785	T	G	0.091	0.151	0.114	0.089	0.063	0.086	0.145	0.075	0.098	0.066	0.103	0.077	0.103	0.11	0.125	0.109	0.101	0.148	0.083	0.089	0.102	0.099	0.053	0.163	0.103	0.113	0.124	0.152	0.116	0.084	0.114	0.091	0.123	0.127	0.071	0.092	0.095	0.09	0.0	0.104	0.121	0.155	0.0	0.074	0.0	0.16	0.085	0.115	0.072	0.114	0.073	0.106	0.126	0.117	0.058	0.105	0.101	0.069	0.148	0.145	0.114	0.0	0.1	0.088	0.08	0.105	0.074	0.074	0.0	
Chromosome	5773058	C	T	0.0	0.08	0.0	0.0	0.0	0.0	0.0	0.0	0.0	0.0	0.0	0.0	0.0	0.0	0.0	0.0	0.0	0.0	0.0	0.0	0.0	0.0	0.0	0.0	0.0	0.0	0.0	0.0	0.0	0.0	0.0	0.0	0.0	0.0	0.0	0.0	0.0	0.0	0.0	0.0	0.0	0.0	0.0	0.0	0.0	0.0	0.0	0.0	0.0	0.0	0.0	0.0	0.0	0.0	0.0	0.0	0.0	0.0	0.0	0.0	0.0	0.0	0.0	0.0	0.0	0.0	0.0	0.0	0.0	
Chromosome	5787045	T	G	0.055	0.087	0.133	0.113	0.031	0.195	0.117	0.168	0.116	0.122	0.105	0.076	0.108	0.109	0.06	0.052	0.076	0.167	0.151	0.177	0.17	0.135	0.125	0.189	0.09	0.079	0.066	0.125	0.077	0.069	0.053	0.044	0.073	0.131	0.118	0.052	0.056	0.05	0.0	0.089	0.102	0.116	0.0	0.084	0.0	0.081	0.118	0.047	0.048	0.073	0.135	0.165	0.202	0.204	0.195	0.163	0.128	0.221	0.171	0.135	0.07	0.006	0.077	0.07	0.037	0.06	0.064	0.025	0.0	
Chromosome	5812482	A	C	0.256	0.308	0.432	0.394	0.248	0.364	0.286	0.176	0.433	0.274	0.256	0.256	0.232	0.276	0.298	0.516	0.469	0.357	0.236	0.3	0.447	0.264	0.375	0.394	0.43	0.339	0.29	0.267	0.379	0.224	0.271	0.217	0.482	0.423	0.312	0.243	0.243	0.247	0.006	0.34	0.26	0.306	0.036	0.263	0.006	0.41	0.374	0.302	0.23	0.234	0.362	0.365	0.422	0.321	0.273	0.357	0.362	0.512	0.263	0.417	0.381	0.0	0.25	0.252	0.225	0.266	0.202	0.209	0.007	
Chromosome	5845723	A	C	0.045	0.077	0.041	0.075	0.03	0.052	0.051	0.053	0.042	0.075	0.047	0.05	0.053	0.07	0.087	0.053	0.029	0.076	0.086	0.059	0.075	0.087	0.014	0.056	0.062	0.071	0.082	0.085	0.092	0.042	0.044	0.039	0.061	0.106	0.086	0.065	0.033	0.058	0.0	0.056	0.028	0.053	0.0	0.032	0.005	0.059	0.042	0.044	0.041	0.042	0.127	0.058	0.1	0.04	0.048	0.058	0.026	0.092	0.0	0.031	0.051	0.0	0.041	0.048	0.049	0.069	0.042	0.029	0.006	
Chromosome	5939331	T	G	0.153	0.132	0.121	0.19	0.062	0.29	0.182	0.317	0.126	0.208	0.176	0.195	0.166	0.168	0.132	0.123	0.042	0.214	0.3	0.291	0.227	0.261	0.259	0.22	0.148	0.133	0.12	0.116	0.168	0.155	0.195	0.073	0.089	0.139	0.177	0.148	0.178	0.174	0.0	0.197	0.209	0.195	0.007	0.239	0.0	0.083	0.215	0.158	0.17	0.189	0.233	0.267	0.262	0.258	0.286	0.255	0.273	0.257	0.125	0.138	0.11	0.013	0.146	0.164	0.131	0.136	0.176	0.134	0.0	
Chromosome	5941285	T	C	0.0	0.113	0.0	0.0	0.0	0.0	0.0	0.0	0.0	0.0	0.0	0.0	0.0	0.0	0.0	0.0	0.0	0.0	0.0	0.0	0.0	0.0	0.0	0.0	0.0	0.0	0.0	0.0	0.0	0.0	0.0	0.0	0.0	0.0	0.0	0.0	0.0	0.0	0.005	0.0	0.0	0.005	0.005	0.0	0.0	0.0	0.0	0.0	0.0	0.0	0.0	0.0	0.0	0.0	0.0	0.0	0.0	0.0	0.0	0.0	0.0	0.0	0.0	0.0	0.0	0.0	0.005	0.0	0.0	
Chromosome	6075172	A	C	0.13	0.206	0.226	0.167	0.133	0.18	0.25	0.229	0.3	0.239	0.237	0.211	0.198	0.181	0.189	0.258	0.344	0.211	0.317	0.211	0.241	0.17	0.197	0.258	0.253	0.241	0.213	0.235	0.195	0.18	0.16	0.2	0.299	0.322	0.286	0.152	0.187	0.184	0.006	0.285	0.252	0.289	0.0	0.254	0.007	0.296	0.24	0.184	0.16	0.143	0.314	0.188	0.24	0.219	0.222	0.26	0.152	0.232	0.341	0.333	0.328	0.006	0.155	0.168	0.176	0.176	0.148	0.163	0.0	
Chromosome	6135889	T	G	0.068	0.136	0.144	0.178	0.045	0.228	0.201	0.267	0.148	0.14	0.163	0.132	0.118	0.12	0.104	0.127	0.141	0.179	0.236	0.245	0.292	0.219	0.175	0.139	0.158	0.108	0.13	0.168	0.131	0.068	0.057	0.079	0.151	0.15	0.174	0.062	0.082	0.079	0.0	0.162	0.145	0.147	0.016	0.134	0.0	0.105	0.157	0.098	0.069	0.092	0.274	0.24	0.203	0.239	0.27	0.183	0.2	0.227	0.194	0.173	0.166	0.006	0.066	0.11	0.081	0.095	0.071	0.067	0.007	
Chromosome	6191146	T	G	0.083	0.127	0.111	0.139	0.028	0.191	0.166	0.166	0.073	0.154	0.156	0.152	0.088	0.073	0.054	0.086	0.083	0.226	0.187	0.16	0.13	0.181	0.159	0.179	0.095	0.056	0.101	0.078	0.079	0.053	0.083	0.056	0.105	0.109	0.169	0.101	0.07	0.065	0.004	0.119	0.179	0.141	0.0	0.175	0.0	0.068	0.093	0.085	0.069	0.06	0.188	0.182	0.232	0.13	0.2	0.185	0.184	0.178	0.125	0.117	0.091	0.0	0.069	0.095	0.072	0.066	0.086	0.069	0.0	
Chromosome	6255217	A	G	0.094	0.11	0.102	0.215	0.036	0.14	0.134	0.135	0.147	0.118	0.149	0.154	0.106	0.067	0.087	0.179	0.247	0.168	0.232	0.221	0.16	0.2	0.13	0.239	0.163	0.079	0.123	0.121	0.095	0.064	0.087	0.052	0.176	0.203	0.205	0.116	0.101	0.114	0.0	0.186	0.148	0.119	0.0	0.172	0.0	0.136	0.14	0.097	0.084	0.115	0.244	0.227	0.176	0.212	0.194	0.278	0.255	0.194	0.163	0.179	0.137	0.0	0.082	0.084	0.106	0.128	0.108	0.113	0.0	
Chromosome	6255220	T	G	0.142	0.102	0.118	0.222	0.103	0.232	0.268	0.283	0.103	0.22	0.176	0.2	0.15	0.105	0.096	0.14	0.192	0.245	0.282	0.277	0.226	0.242	0.167	0.265	0.144	0.108	0.107	0.109	0.103	0.121	0.151	0.09	0.15	0.131	0.28	0.19	0.135	0.165	0.0	0.287	0.191	0.222	0.0	0.239	0.006	0.091	0.223	0.141	0.165	0.145	0.256	0.326	0.183	0.301	0.25	0.307	0.328	0.259	0.128	0.115	0.097	0.0	0.145	0.146	0.14	0.133	0.139	0.18	0.0	
Chromosome	6336520	T	G	0.244	0.343	0.368	0.331	0.276	0.378	0.288	0.297	0.35	0.317	0.281	0.321	0.312	0.4	0.35	0.315	0.571	0.4	0.316	0.278	0.293	0.39	0.352	0.407	0.392	0.328	0.381	0.292	0.258	0.246	0.307	0.324	0.34	0.286	0.416	0.335	0.325	0.268	0.005	0.323	0.296	0.347	0.013	0.339	0.017	0.256	0.409	0.246	0.397	0.282	0.415	0.356	0.308	0.3	0.413	0.348	0.358	0.269	0.643	0.367	0.391	0.005	0.317	0.296	0.269	0.288	0.281	0.346	0.0	
Chromosome	6336521	T	G	0.181	0.218	0.159	0.28	0.079	0.4	0.324	0.333	0.11	0.215	0.358	0.268	0.239	0.138	0.165	0.422	0.406	0.382	0.258	0.444	0.333	0.41	0.516	0.454	0.298	0.185	0.213	0.183	0.18	0.163	0.172	0.098	0.188	0.174	0.376	0.21	0.201	0.226	0.01	0.25	0.362	0.273	0.0	0.301	0.0	0.139	0.28	0.222	0.211	0.17	0.47	0.444	0.484	0.412	0.41	0.379	0.463	0.275	0.273	0.267	0.209	0.015	0.185	0.2	0.176	0.243	0.172	0.186	0.0	
Chromosome	6336530	A	C	0.311	0.331	0.267	0.395	0.194	0.423	0.479	0.549	0.364	0.373	0.504	0.319	0.339	0.379	0.409	0.457	0.65	0.426	0.444	0.552	0.448	0.57	0.522	0.415	0.514	0.338	0.433	0.349	0.387	0.218	0.247	0.255	0.371	0.433	0.492	0.307	0.271	0.27	0.0	0.387	0.421	0.424	0.006	0.408	0.0	0.385	0.372	0.288	0.293	0.241	0.548	0.438	0.586	0.506	0.373	0.5	0.523	0.534	0.667	0.585	0.403	0.0	0.255	0.285	0.199	0.258	0.247	0.301	0.0	
Chromosome	6353085	T	TCCCGGGGTGGGG	0.0	0.0	0.0	0.0	0.0	0.0	0.0	0.0	0.0	0.0	0.0	0.0	0.0	0.0	0.0	0.0	0.0	0.0	0.0	0.0	0.0	0.0	0.0	0.0	0.0	0.0	0.0	0.0	0.0	0.0	0.0	0.0	0.0	0.0	0.0	0.0	0.0	0.0	0.0	0.0	0.0	0.0	0.0	0.0	0.0	0.0	0.0	0.0	0.0	0.0	0.0	0.0	0.0	0.0	0.0	0.0	0.0	0.0	0.0	0.0	0.0	0.0	0.0	0.0	0.0	0.0	0.0	0.0	0.0	
Chromosome	6458276	T	G	0.134	0.127	0.101	0.114	0.135	0.17	0.152	0.155	0.139	0.152	0.154	0.131	0.119	0.164	0.163	0.152	0.081	0.123	0.133	0.088	0.157	0.154	0.132	0.136	0.123	0.148	0.145	0.118	0.147	0.113	0.143	0.093	0.174	0.168	0.144	0.155	0.125	0.07	0.0	0.131	0.146	0.176	0.005	0.155	0.0	0.107	0.149	0.11	0.117	0.096	0.135	0.134	0.165	0.195	0.145	0.179	0.197	0.138	0.026	0.106	0.125	0.0	0.105	0.119	0.112	0.103	0.122	0.066	0.0	
Chromosome	6478685	A	C	0.196	0.144	0.107	0.239	0.075	0.308	0.234	0.303	0.186	0.19	0.206	0.228	0.095	0.197	0.159	0.216	0.183	0.222	0.247	0.26	0.229	0.223	0.165	0.246	0.237	0.179	0.126	0.126	0.163	0.175	0.199	0.13	0.181	0.195	0.29	0.185	0.137	0.164	0.0	0.264	0.231	0.275	0.006	0.311	0.006	0.112	0.224	0.193	0.151	0.169	0.381	0.328	0.321	0.281	0.305	0.347	0.242	0.275	0.207	0.182	0.156	0.006	0.205	0.121	0.153	0.156	0.177	0.144	0.0	
Chromosome	6687520	G	C	0.231	0.209	0.26	0.269	0.181	0.286	0.258	0.238	0.504	0.228	0.278	0.223	0.262	0.184	0.259	0.375	0.453	0.136	0.263	0.313	0.274	0.2	0.336	0.32	0.56	0.257	0.238	0.232	0.234	0.146	0.214	0.237	0.311	0.413	0.242	0.215	0.192	0.161	0.0	0.261	0.207	0.242	0.0	0.238	0.0	0.381	0.302	0.226	0.212	0.181	0.346	0.383	0.324	0.371	0.393	0.171	0.36	0.302	0.441	0.5	0.411	0.005	0.221	0.206	0.159	0.216	0.177	0.223	0.005	
Chromosome	6687528	A	C	0.244	0.207	0.15	0.229	0.107	0.313	0.357	0.407	0.284	0.231	0.246	0.307	0.224	0.173	0.167	0.265	0.238	0.328	0.408	0.36	0.439	0.354	0.333	0.258	0.284	0.185	0.181	0.192	0.207	0.172	0.197	0.104	0.195	0.262	0.354	0.192	0.214	0.197	0.0	0.326	0.269	0.293	0.0	0.336	0.0	0.173	0.223	0.215	0.216	0.228	0.308	0.34	0.513	0.419	0.408	0.322	0.281	0.349	0.174	0.209	0.259	0.005	0.255	0.226	0.241	0.171	0.215	0.24	0.0	
Chromosome	6687534	G	C	0.133	0.168	0.211	0.19	0.108	0.237	0.316	0.244	0.351	0.147	0.223	0.186	0.228	0.228	0.236	0.429	0.451	0.233	0.337	0.211	0.293	0.276	0.233	0.215	0.436	0.18	0.23	0.177	0.179	0.13	0.172	0.205	0.362	0.419	0.246	0.142	0.13	0.161	0.0	0.233	0.21	0.214	0.0	0.238	0.0	0.291	0.185	0.125	0.16	0.165	0.221	0.204	0.312	0.252	0.179	0.247	0.269	0.253	0.392	0.435	0.324	0.004	0.161	0.182	0.155	0.12	0.163	0.191	0.0	
Chromosome	6689709	A	C	0.17	0.243	0.261	0.218	0.117	0.236	0.26	0.272	0.328	0.265	0.239	0.282	0.303	0.246	0.215	0.327	0.351	0.283	0.286	0.292	0.307	0.307	0.265	0.297	0.298	0.251	0.257	0.265	0.2	0.216	0.153	0.217	0.341	0.382	0.294	0.234	0.219	0.222	0.009	0.214	0.252	0.259	0.005	0.341	0.01	0.217	0.247	0.216	0.186	0.185	0.248	0.32	0.288	0.248	0.261	0.234	0.252	0.263	0.431	0.373	0.317	0.008	0.193	0.261	0.21	0.214	0.187	0.197	0.0	
Chromosome	6791591	A	C	0.283	0.137	0.145	0.332	0.14	0.281	0.284	0.311	0.058	0.298	0.305	0.308	0.172	0.155	0.087	0.042	0.07	0.24	0.325	0.339	0.358	0.304	0.265	0.318	0.046	0.131	0.13	0.133	0.128	0.321	0.244	0.076	0.062	0.062	0.323	0.266	0.282	0.299	0.0	0.315	0.349	0.34	0.0	0.28	0.0	0.098	0.296	0.235	0.263	0.285	0.29	0.371	0.241	0.256	0.212	0.228	0.245	0.324	0.049	0.068	0.09	0.004	0.317	0.26	0.282	0.316	0.264	0.288	0.0	
Chromosome	6869289	T	G	0.16	0.114	0.111	0.207	0.08	0.201	0.159	0.192	0.123	0.185	0.232	0.236	0.115	0.135	0.133	0.136	0.137	0.143	0.227	0.258	0.224	0.19	0.246	0.192	0.199	0.118	0.08	0.133	0.132	0.196	0.178	0.126	0.144	0.107	0.201	0.168	0.158	0.208	0.0	0.235	0.195	0.21	0.0	0.265	0.009	0.096	0.223	0.141	0.135	0.18	0.194	0.211	0.192	0.223	0.245	0.165	0.226	0.279	0.25	0.191	0.14	0.0	0.183	0.155	0.206	0.147	0.142	0.172	0.0	
Chromosome	6913446	T	G	0.158	0.145	0.158	0.154	0.117	0.162	0.122	0.196	0.15	0.167	0.142	0.164	0.122	0.108	0.139	0.112	0.121	0.151	0.16	0.159	0.201	0.175	0.225	0.139	0.122	0.154	0.139	0.151	0.138	0.186	0.143	0.159	0.161	0.16	0.191	0.175	0.162	0.237	0.005	0.154	0.189	0.178	0.005	0.209	0.0	0.089	0.201	0.128	0.146	0.146	0.113	0.233	0.25	0.175	0.205	0.175	0.207	0.275	0.016	0.125	0.145	0.0	0.175	0.186	0.198	0.235	0.183	0.19	0.005	
Chromosome	6923327	C	G	0.162	0.201	0.174	0.156	0.116	0.199	0.214	0.226	0.251	0.196	0.201	0.191	0.177	0.18	0.17	0.371	0.38	0.324	0.279	0.236	0.231	0.26	0.288	0.229	0.275	0.194	0.246	0.221	0.182	0.121	0.129	0.163	0.339	0.264	0.249	0.17	0.16	0.158	0.005	0.228	0.242	0.192	0.005	0.227	0.0	0.17	0.183	0.152	0.2	0.162	0.157	0.297	0.245	0.296	0.331	0.271	0.301	0.344	0.397	0.322	0.262	0.0	0.133	0.133	0.146	0.132	0.151	0.108	0.007	
Chromosome	6923330	T	G	0.29	0.36	0.294	0.352	0.253	0.352	0.347	0.411	0.365	0.397	0.421	0.319	0.333	0.374	0.324	0.472	0.587	0.472	0.467	0.396	0.397	0.383	0.427	0.39	0.423	0.307	0.372	0.351	0.382	0.258	0.264	0.271	0.46	0.412	0.466	0.31	0.292	0.261	0.0	0.392	0.372	0.322	0.0	0.42	0.006	0.265	0.283	0.261	0.294	0.261	0.339	0.411	0.474	0.417	0.493	0.376	0.471	0.507	0.588	0.413	0.437	0.0	0.261	0.3	0.279	0.236	0.273	0.232	0.014	
Chromosome	6923335	A	C	0.23	0.252	0.207	0.223	0.167	0.234	0.256	0.336	0.232	0.278	0.272	0.238	0.218	0.259	0.206	0.286	0.424	0.346	0.358	0.269	0.266	0.289	0.295	0.29	0.264	0.244	0.278	0.245	0.262	0.218	0.217	0.208	0.327	0.244	0.268	0.226	0.219	0.207	0.0	0.328	0.267	0.236	0.01	0.306	0.0	0.144	0.213	0.23	0.25	0.221	0.193	0.284	0.285	0.279	0.267	0.26	0.254	0.292	0.273	0.329	0.279	0.01	0.233	0.221	0.207	0.18	0.201	0.24	0.007	
Chromosome	6938271	A	G	0.0	0.04	0.0	0.0	0.0	0.0	0.0	0.0	0.0	0.0	0.0	0.0	0.0	0.0	0.0	0.0	0.0	0.0	0.0	0.0	0.0	0.0	0.0	0.0	0.0	0.0	0.0	0.0	0.0	0.0	0.0	0.0	0.0	0.0	0.0	0.0	0.0	0.0	0.004	0.0	0.0	0.0	0.0	0.0	0.0	0.0	0.0	0.0	0.0	0.0	0.0	0.0	0.0	0.0	0.0	0.0	0.0	0.0	0.0	0.006	0.0	0.0	0.0	0.0	0.0	0.0	0.0	0.0	0.0	
Chromosome	6966410	A	C	0.172	0.406	0.393	0.351	0.219	0.337	0.389	0.365	0.436	0.36	0.241	0.359	0.336	0.325	0.389	0.48	0.479	0.284	0.419	0.375	0.337	0.34	0.495	0.331	0.413	0.365	0.331	0.378	0.375	0.263	0.27	0.323	0.444	0.432	0.343	0.307	0.257	0.241	0.0	0.362	0.313	0.301	0.0	0.333	0.0	0.261	0.333	0.294	0.248	0.229	0.333	0.528	0.369	0.359	0.455	0.477	0.427	0.417	0.476	0.316	0.481	0.006	0.227	0.275	0.201	0.195	0.199	0.255	0.0	
Chromosome	6966411	G	C	0.226	0.266	0.256	0.3	0.093	0.455	0.324	0.42	0.345	0.297	0.298	0.303	0.289	0.165	0.26	0.397	0.44	0.375	0.434	0.404	0.356	0.355	0.466	0.365	0.355	0.268	0.212	0.231	0.321	0.278	0.259	0.185	0.427	0.435	0.319	0.317	0.265	0.198	0.0	0.309	0.349	0.286	0.0	0.306	0.0	0.301	0.286	0.268	0.264	0.215	0.277	0.591	0.476	0.415	0.41	0.481	0.416	0.452	0.19	0.218	0.422	0.006	0.261	0.257	0.206	0.225	0.223	0.246	0.0	
