chromosome	pos	ref	mut	APAW	RIFB	RIFA	RIFC	Ana1	BedA	BedB	BedC	BedD	CipA	CipB	CipC	CLFA	CLFB	CLFC	CombA2	CombA3	CombA	CombAu1	CombAu3	CombAu5	CombB	CombC	CycloA	CycloB	CycloC	EMBA	EMBB	EMBC	INH1	INH2	INHA	LzdA	LzdB	LzdC	M91	M92	M9B	MA_F1	MA_F2	MA_F3	MA_H1	MA_H2	MA_H3	MA_S1	MA_S2	MA_S3	MMCA	MMCB	MMCC	MockA	MockB	MockC	MockD	MockE	MockF	MockG	MockH	MockI	MockJ	MockK	MockL	NANOA	NANOB	NANOC	UV1	UV2	UV3	WT_Msm
Chromosome	57124	A	C	0.278	0.207	0.173	0.311	0.188	0.272	0.292	0.272	0.13	0.286	0.326	0.326	0.207	0.178	0.188	0.142	0.111	0.284	0.296	0.372	0.336	0.313	0.306	0.364	0.086	0.15	0.198	0.19	0.168	0.254	0.263	0.127	0.104	0.11	0.361	0.246	0.231	0.224	0.005	0.284	0.254	0.308	0.0	0.302	0.012	0.159	0.257	0.269	0.273	0.262	0.344	0.284	0.302	0.256	0.25	0.289	0.295	0.325	0.111	0.07	0.107	0.004	0.224	0.254	0.235	0.307	0.275	0.272	0.012	
Chromosome	64977	A	.	0.0	0.0	0.0	0.0	0.0	0.0	0.0	0.0	0.0	0.0	0.0	0.0	0.0	0.0	0.0	0.0	0.0	0.0	0.0	0.0	0.0	0.0	0.0	0.0	0.0	0.0	0.0	0.0	0.0	0.0	0.0	0.0	0.0	0.0	0.0	0.0	0.0	0.0	0.0	0.0	0.0	0.0	0.0	0.0	0.0	0.0	0.0	0.0	0.0	0.0	0.0	0.0	0.0	0.0	0.0	0.0	0.0	0.0	0.0	0.0	0.0	0.0	0.0	0.0	0.0	0.0	0.0	0.0	0.0	
Chromosome	64986	A	.	0.0	0.0	0.0	0.0	0.0	0.0	0.0	0.0	0.0	0.0	0.0	0.0	0.0	0.0	0.0	0.0	0.0	0.0	0.0	0.0	0.0	0.0	0.0	0.0	0.0	0.0	0.0	0.0	0.0	0.0	0.0	0.0	0.0	0.0	0.0	0.0	0.0	0.0	0.0	0.0	0.0	0.0	0.0	0.0	0.0	0.0	0.0	0.0	0.0	0.0	0.0	0.0	0.0	0.0	0.0	0.0	0.0	0.0	0.0	0.0	0.0	0.0	0.0	0.0	0.0	0.0	0.0	0.0	0.0	
Chromosome	64992	T	.	0.0	0.0	0.0	0.0	0.0	0.0	0.0	0.0	0.0	0.0	0.0	0.0	0.0	0.0	0.0	0.0	0.0	0.0	0.0	0.0	0.0	0.0	0.0	0.0	0.0	0.0	0.0	0.0	0.0	0.0	0.0	0.0	0.0	0.0	0.0	0.0	0.0	0.0	0.0	0.0	0.0	0.0	0.0	0.0	0.0	0.0	0.0	0.0	0.0	0.0	0.0	0.0	0.0	0.0	0.0	0.0	0.0	0.0	0.0	0.0	0.0	0.0	0.0	0.0	0.0	0.0	0.0	0.0	0.0	
Chromosome	65001	A	C	0.148	0.174	0.242	0.21	0.099	0.358	0.298	0.298	0.303	0.251	0.247	0.336	0.211	0.201	0.171	0.294	0.235	0.371	0.396	0.439	0.471	0.317	0.361	0.23	0.254	0.219	0.232	0.221	0.235	0.163	0.164	0.131	0.226	0.254	0.251	0.248	0.182	0.174	0.0	0.255	0.25	0.265	0.007	0.304	0.0	0.172	0.219	0.208	0.158	0.185	0.345	0.429	0.337	0.325	0.398	0.336	0.387	0.371	0.324	0.272	0.256	0.0	0.119	0.196	0.172	0.17	0.17	0.152	0.0	
Chromosome	202859	T	G	0.083	0.143	0.103	0.131	0.051	0.274	0.259	0.214	0.199	0.119	0.11	0.157	0.151	0.094	0.058	0.216	0.256	0.359	0.195	0.268	0.15	0.217	0.226	0.162	0.214	0.104	0.1	0.095	0.139	0.104	0.087	0.097	0.212	0.208	0.194	0.071	0.081	0.095	0.0	0.177	0.09	0.147	0.006	0.184	0.0	0.16	0.145	0.11	0.102	0.108	0.26	0.241	0.241	0.266	0.281	0.199	0.275	0.281	0.2	0.196	0.23	0.005	0.089	0.13	0.089	0.089	0.077	0.063	0.013	
Chromosome	204071	T	C	0.271	0.332	0.274	0.337	0.225	0.34	0.267	0.364	0.36	0.395	0.312	0.375	0.34	0.357	0.372	0.414	0.485	0.304	0.313	0.303	0.28	0.291	0.309	0.344	0.392	0.354	0.399	0.346	0.326	0.292	0.278	0.271	0.447	0.405	0.348	0.305	0.307	0.293	0.0	0.29	0.299	0.361	0.0	0.327	0.0	0.346	0.318	0.284	0.289	0.294	0.222	0.221	0.281	0.227	0.295	0.282	0.273	0.268	0.446	0.381	0.385	0.0	0.288	0.271	0.281	0.257	0.347	0.312	0.0	
Chromosome	215758	A	C	0.075	0.125	0.121	0.107	0.071	0.126	0.066	0.077	0.079	0.091	0.048	0.09	0.074	0.087	0.044	0.11	0.062	0.058	0.045	0.053	0.074	0.084	0.044	0.091	0.096	0.09	0.127	0.132	0.066	0.034	0.051	0.08	0.059	0.073	0.065	0.027	0.081	0.07	0.005	0.072	0.098	0.052	0.0	0.073	0.0	0.033	0.09	0.067	0.054	0.075	0.066	0.062	0.068	0.067	0.06	0.058	0.136	0.065	0.053	0.093	0.068	0.004	0.076	0.099	0.062	0.061	0.033	0.056	0.005	
Chromosome	249685	T	G	0.142	0.157	0.219	0.229	0.141	0.373	0.327	0.294	0.225	0.256	0.203	0.226	0.188	0.19	0.165	0.264	0.302	0.259	0.252	0.416	0.333	0.319	0.35	0.219	0.204	0.211	0.199	0.234	0.165	0.121	0.144	0.089	0.276	0.245	0.207	0.155	0.146	0.125	0.0	0.23	0.227	0.235	0.0	0.19	0.029	0.196	0.23	0.139	0.123	0.12	0.357	0.331	0.375	0.236	0.362	0.324	0.324	0.435	0.344	0.255	0.217	0.0	0.137	0.141	0.121	0.175	0.132	0.127	0.0	
Chromosome	308623	A	C	0.241	0.319	0.237	0.34	0.173	0.295	0.303	0.326	0.198	0.25	0.265	0.358	0.229	0.199	0.237	0.197	0.207	0.282	0.276	0.331	0.366	0.25	0.254	0.28	0.219	0.241	0.245	0.191	0.253	0.23	0.228	0.206	0.291	0.215	0.38	0.257	0.267	0.287	0.005	0.312	0.331	0.267	0.0	0.265	0.006	0.2	0.296	0.236	0.269	0.291	0.362	0.295	0.273	0.361	0.391	0.3	0.333	0.25	0.091	0.231	0.286	0.0	0.268	0.315	0.213	0.267	0.259	0.251	0.0	
Chromosome	420592	T	G	0.003	0.038	0.0	0.003	0.025	0.0	0.0	0.0	0.0	0.004	0.0	0.0	0.009	0.004	0.004	0.012	0.033	0.0	0.0	0.006	0.007	0.0	0.0	0.008	0.004	0.01	0.005	0.009	0.019	0.0	0.0	0.01	0.005	0.004	0.01	0.0	0.006	0.0	0.0	0.0	0.0	0.0	0.0	0.0	0.0	0.0	0.0	0.003	0.0	0.002	0.0	0.0	0.0	0.0	0.0	0.0	0.0	0.0	0.0	0.0	0.011	0.0	0.0	0.0	0.0	0.0	0.0	0.0	0.0	
Chromosome	420593	C	A	0.003	0.039	0.0	0.0	0.031	0.0	0.0	0.006	0.0	0.0	0.0	0.0	0.009	0.004	0.004	0.012	0.032	0.0	0.0	0.0	0.0	0.0	0.006	0.008	0.0	0.01	0.005	0.009	0.019	0.0	0.0	0.014	0.005	0.004	0.01	0.0	0.004	0.0	0.0	0.0	0.0	0.0	0.0	0.0	0.0	0.0	0.004	0.0	0.003	0.004	0.0	0.0	0.0	0.0	0.0	0.006	0.0	0.0	0.0	0.0	0.011	0.0	0.0	0.0	0.0	0.0	0.0	0.0	0.0	
Chromosome	490627	T	G	0.084	0.099	0.083	0.111	0.035	0.065	0.118	0.097	0.092	0.088	0.103	0.122	0.088	0.115	0.11	0.074	0.057	0.085	0.062	0.071	0.094	0.092	0.088	0.123	0.052	0.119	0.063	0.077	0.145	0.073	0.08	0.095	0.071	0.091	0.073	0.066	0.072	0.102	0.0	0.149	0.132	0.092	0.006	0.046	0.0	0.098	0.126	0.123	0.101	0.081	0.182	0.102	0.064	0.092	0.154	0.153	0.068	0.102	0.132	0.041	0.057	0.0	0.071	0.097	0.057	0.089	0.064	0.043	0.0	
Chromosome	645437	T	G	0.109	0.163	0.159	0.187	0.066	0.165	0.305	0.194	0.208	0.161	0.203	0.182	0.177	0.134	0.134	0.218	0.161	0.237	0.212	0.221	0.242	0.244	0.246	0.241	0.199	0.148	0.136	0.115	0.142	0.138	0.13	0.084	0.199	0.172	0.196	0.111	0.123	0.085	0.006	0.149	0.192	0.255	0.0	0.167	0.0	0.118	0.163	0.163	0.13	0.12	0.224	0.234	0.235	0.234	0.219	0.267	0.181	0.235	0.184	0.186	0.192	0.0	0.128	0.138	0.112	0.15	0.154	0.135	0.0	
Chromosome	706123	T	G	0.145	0.167	0.11	0.186	0.094	0.195	0.196	0.2	0.155	0.187	0.222	0.226	0.158	0.104	0.112	0.173	0.132	0.2	0.212	0.221	0.237	0.163	0.243	0.209	0.172	0.167	0.155	0.149	0.15	0.167	0.092	0.128	0.159	0.108	0.251	0.16	0.141	0.143	0.0	0.209	0.181	0.209	0.006	0.205	0.005	0.114	0.151	0.106	0.158	0.138	0.219	0.212	0.236	0.263	0.204	0.225	0.25	0.253	0.205	0.168	0.171	0.005	0.139	0.15	0.164	0.162	0.134	0.171	0.007	
Chromosome	708677	A	C	0.24	0.25	0.233	0.206	0.152	0.293	0.262	0.33	0.28	0.295	0.306	0.324	0.221	0.237	0.264	0.288	0.254	0.267	0.351	0.324	0.357	0.303	0.27	0.223	0.333	0.181	0.226	0.205	0.189	0.189	0.168	0.228	0.295	0.335	0.222	0.205	0.216	0.184	0.0	0.265	0.255	0.305	0.008	0.295	0.0	0.26	0.239	0.193	0.235	0.22	0.3	0.28	0.312	0.305	0.31	0.292	0.217	0.292	0.386	0.356	0.267	0.0	0.175	0.24	0.18	0.201	0.187	0.215	0.0	
Chromosome	788001	A	C	0.258	0.157	0.142	0.268	0.136	0.252	0.202	0.325	0.092	0.229	0.282	0.281	0.195	0.235	0.206	0.113	0.154	0.267	0.263	0.231	0.264	0.222	0.145	0.264	0.057	0.196	0.176	0.258	0.222	0.25	0.234	0.195	0.131	0.113	0.288	0.253	0.249	0.193	0.005	0.275	0.309	0.269	0.008	0.266	0.0	0.16	0.243	0.263	0.269	0.268	0.238	0.21	0.25	0.28	0.206	0.255	0.148	0.183	0.024	0.072	0.098	0.005	0.244	0.241	0.231	0.263	0.257	0.277	0.007	
Chromosome	788006	G	C	0.255	0.133	0.102	0.227	0.131	0.239	0.193	0.283	0.084	0.219	0.282	0.279	0.144	0.214	0.125	0.103	0.152	0.224	0.245	0.219	0.22	0.217	0.148	0.218	0.057	0.155	0.157	0.209	0.175	0.274	0.255	0.166	0.096	0.089	0.29	0.285	0.25	0.238	0.0	0.291	0.295	0.259	0.008	0.247	0.0	0.146	0.234	0.261	0.292	0.317	0.24	0.203	0.218	0.27	0.207	0.239	0.135	0.177	0.0	0.035	0.068	0.005	0.25	0.262	0.258	0.277	0.263	0.306	0.0	
Chromosome	788007	A	C	0.178	0.073	0.073	0.199	0.058	0.162	0.164	0.248	0.047	0.163	0.17	0.256	0.085	0.102	0.075	0.063	0.071	0.162	0.227	0.193	0.182	0.178	0.141	0.185	0.032	0.076	0.089	0.104	0.099	0.174	0.183	0.047	0.058	0.025	0.245	0.19	0.187	0.125	0.0	0.235	0.232	0.204	0.016	0.2	0.0	0.033	0.137	0.165	0.193	0.168	0.216	0.174	0.192	0.23	0.165	0.232	0.127	0.162	0.0	0.021	0.033	0.0	0.182	0.182	0.146	0.187	0.169	0.207	0.0	
Chromosome	1285643	G	C	0.285	0.151	0.09	0.219	0.114	0.264	0.177	0.183	0.09	0.192	0.231	0.236	0.109	0.109	0.114	0.075	0.065	0.244	0.228	0.22	0.266	0.241	0.228	0.266	0.093	0.13	0.135	0.094	0.082	0.253	0.232	0.092	0.041	0.052	0.253	0.244	0.226	0.259	0.0	0.179	0.282	0.151	0.0	0.232	0.0	0.067	0.269	0.256	0.255	0.257	0.305	0.242	0.282	0.236	0.236	0.253	0.192	0.189	0.071	0.081	0.043	0.0	0.238	0.236	0.202	0.175	0.246	0.261	0.0	
Chromosome	1285644	T	G	0.256	0.185	0.112	0.256	0.1	0.225	0.195	0.2	0.073	0.23	0.295	0.271	0.187	0.132	0.109	0.05	0.077	0.286	0.165	0.22	0.272	0.216	0.172	0.244	0.1	0.175	0.173	0.124	0.139	0.243	0.233	0.122	0.055	0.065	0.277	0.237	0.292	0.313	0.0	0.222	0.298	0.201	0.0	0.278	0.0	0.075	0.305	0.234	0.233	0.272	0.238	0.24	0.284	0.218	0.254	0.268	0.225	0.148	0.073	0.074	0.033	0.0	0.226	0.259	0.23	0.249	0.262	0.269	0.0	
Chromosome	1385245	A	C	0.089	0.17	0.197	0.174	0.083	0.153	0.126	0.137	0.108	0.179	0.161	0.137	0.184	0.178	0.179	0.172	0.167	0.203	0.158	0.089	0.115	0.1	0.134	0.105	0.096	0.155	0.121	0.189	0.165	0.103	0.121	0.082	0.158	0.167	0.164	0.091	0.126	0.105	0.006	0.14	0.172	0.144	0.012	0.157	0.0	0.124	0.121	0.125	0.124	0.099	0.154	0.137	0.14	0.131	0.114	0.135	0.198	0.075	0.186	0.132	0.158	0.0	0.117	0.139	0.103	0.1	0.09	0.115	0.007	
Chromosome	1437874	T	G	0.067	0.203	0.166	0.132	0.065	0.063	0.103	0.071	0.121	0.098	0.116	0.065	0.185	0.142	0.175	0.115	0.138	0.088	0.065	0.086	0.058	0.092	0.125	0.101	0.123	0.141	0.161	0.165	0.117	0.121	0.108	0.091	0.09	0.109	0.108	0.099	0.072	0.096	0.004	0.098	0.101	0.109	0.005	0.127	0.0	0.092	0.115	0.114	0.096	0.137	0.079	0.113	0.107	0.138	0.118	0.102	0.049	0.115	0.148	0.068	0.131	0.004	0.082	0.084	0.092	0.07	0.13	0.083	0.011	
Chromosome	1480926	C	G	0.271	0.374	0.381	0.236	0.396	0.261	0.215	0.243	0.32	0.23	0.262	0.262	0.391	0.299	0.303	0.291	0.378	0.288	0.229	0.234	0.27	0.213	0.254	0.299	0.361	0.347	0.368	0.306	0.347	0.327	0.265	0.413	0.272	0.348	0.29	0.282	0.31	0.285	0.242	0.331	0.266	0.281	0.259	0.315	0.175	0.423	0.312	0.236	0.271	0.27	0.337	0.252	0.284	0.273	0.318	0.267	0.301	0.233	0.286	0.236	0.302	0.182	0.262	0.292	0.265	0.275	0.218	0.229	0.224	
Chromosome	1498111	C	T	0.0	0.131	0.231	0.19	0.0	0.0	0.0	0.0	0.0	0.0	0.0	0.0	0.0	0.0	0.0	0.0	0.0	0.0	0.006	0.0	0.0	0.0	0.0	0.0	0.0	0.0	0.0	0.0	0.0	0.0	0.0	0.0	0.0	0.0	0.005	0.0	0.0	0.0	0.0	0.0	0.0	0.0	0.0	0.0	0.0	0.0	0.0	0.0	0.004	0.0	0.0	0.0	0.0	0.0	0.0	0.0	0.0	0.0	0.0	0.0	0.004	0.0	0.0	0.0	0.0	0.0	0.0	0.0	0.0	
Chromosome	1574114	T	G	0.158	0.201	0.171	0.155	0.177	0.245	0.262	0.197	0.219	0.177	0.218	0.18	0.146	0.167	0.224	0.26	0.312	0.263	0.298	0.318	0.274	0.299	0.268	0.211	0.16	0.177	0.204	0.179	0.144	0.135	0.095	0.16	0.214	0.232	0.183	0.194	0.142	0.113	0.005	0.135	0.168	0.213	0.012	0.128	0.006	0.156	0.213	0.154	0.128	0.178	0.29	0.281	0.365	0.298	0.309	0.315	0.302	0.293	0.125	0.192	0.237	0.011	0.142	0.13	0.149	0.132	0.118	0.134	0.007	
Chromosome	1630318	T	G	0.209	0.262	0.2	0.312	0.14	0.274	0.24	0.223	0.211	0.241	0.323	0.346	0.251	0.242	0.241	0.216	0.269	0.308	0.204	0.24	0.24	0.225	0.236	0.273	0.188	0.238	0.24	0.211	0.205	0.227	0.171	0.165	0.206	0.276	0.304	0.231	0.168	0.17	0.0	0.324	0.3	0.303	0.0	0.232	0.006	0.236	0.331	0.21	0.206	0.191	0.236	0.276	0.297	0.299	0.265	0.273	0.263	0.289	0.233	0.225	0.262	0.006	0.196	0.212	0.18	0.207	0.179	0.201	0.0	
Chromosome	1630336	G	C	0.252	0.194	0.154	0.354	0.114	0.327	0.324	0.311	0.12	0.287	0.35	0.367	0.188	0.144	0.173	0.098	0.089	0.314	0.248	0.317	0.317	0.265	0.279	0.304	0.104	0.164	0.178	0.201	0.174	0.337	0.365	0.131	0.094	0.134	0.364	0.29	0.277	0.252	0.0	0.341	0.304	0.315	0.0	0.239	0.0	0.121	0.367	0.322	0.332	0.283	0.256	0.275	0.402	0.342	0.361	0.326	0.357	0.304	0.083	0.152	0.148	0.0	0.301	0.301	0.294	0.302	0.275	0.317	0.0	
Chromosome	1653614	A	C	0.089	0.139	0.159	0.124	0.065	0.183	0.177	0.299	0.221	0.171	0.171	0.103	0.149	0.113	0.143	0.274	0.23	0.156	0.213	0.237	0.258	0.285	0.215	0.17	0.265	0.12	0.116	0.15	0.098	0.104	0.083	0.088	0.163	0.2	0.206	0.1	0.124	0.084	0.0	0.157	0.147	0.142	0.0	0.129	0.0	0.147	0.101	0.096	0.107	0.117	0.276	0.233	0.304	0.232	0.306	0.234	0.3	0.215	0.2	0.223	0.222	0.0	0.127	0.113	0.072	0.102	0.085	0.101	0.0	
Chromosome	1747181	A	C	0.204	0.197	0.16	0.231	0.076	0.266	0.2	0.246	0.254	0.23	0.309	0.291	0.167	0.192	0.154	0.206	0.258	0.296	0.224	0.262	0.277	0.248	0.254	0.276	0.237	0.211	0.13	0.184	0.13	0.219	0.168	0.162	0.226	0.286	0.262	0.198	0.172	0.223	0.005	0.203	0.212	0.29	0.006	0.317	0.006	0.2	0.25	0.224	0.267	0.184	0.301	0.268	0.342	0.298	0.302	0.312	0.215	0.269	0.256	0.182	0.26	0.0	0.209	0.226	0.179	0.16	0.188	0.158	0.007	
Chromosome	1763101	G	C	0.244	0.427	0.435	0.329	0.163	0.441	0.489	0.354	0.531	0.305	0.284	0.292	0.427	0.486	0.461	0.436	0.442	0.302	0.36	0.339	0.356	0.31	0.426	0.26	0.462	0.399	0.384	0.331	0.408	0.271	0.295	0.496	0.511	0.464	0.313	0.294	0.255	0.291	0.0	0.337	0.318	0.321	0.0	0.307	0.0	0.551	0.233	0.291	0.307	0.263	0.255	0.397	0.29	0.431	0.323	0.237	0.446	0.327	0.5	0.481	0.468	0.0	0.267	0.291	0.257	0.19	0.25	0.297	0.0	
Chromosome	1777813	T	G	0.226	0.182	0.237	0.32	0.168	0.269	0.253	0.331	0.182	0.259	0.266	0.28	0.226	0.243	0.179	0.185	0.263	0.25	0.276	0.271	0.349	0.337	0.257	0.249	0.19	0.225	0.237	0.221	0.19	0.269	0.273	0.161	0.161	0.168	0.281	0.23	0.259	0.193	0.004	0.286	0.299	0.278	0.0	0.328	0.005	0.206	0.35	0.223	0.335	0.237	0.299	0.314	0.305	0.335	0.327	0.391	0.387	0.38	0.273	0.235	0.207	0.0	0.232	0.204	0.2	0.224	0.23	0.221	0.006	
Chromosome	1787487	T	G	0.139	0.128	0.179	0.239	0.062	0.315	0.247	0.187	0.22	0.223	0.221	0.225	0.131	0.193	0.117	0.223	0.176	0.24	0.181	0.238	0.304	0.275	0.243	0.234	0.261	0.157	0.106	0.13	0.146	0.14	0.115	0.136	0.212	0.187	0.249	0.162	0.14	0.196	0.0	0.194	0.233	0.197	0.006	0.223	0.006	0.18	0.216	0.156	0.156	0.167	0.191	0.237	0.241	0.227	0.211	0.196	0.221	0.255	0.212	0.259	0.203	0.006	0.154	0.16	0.174	0.144	0.158	0.127	0.007	
Chromosome	1979870	T	G	0.143	0.142	0.131	0.188	0.072	0.285	0.246	0.26	0.197	0.258	0.212	0.302	0.121	0.169	0.157	0.207	0.135	0.276	0.297	0.294	0.187	0.25	0.197	0.299	0.167	0.102	0.126	0.168	0.2	0.139	0.142	0.088	0.19	0.188	0.18	0.173	0.143	0.118	0.005	0.249	0.198	0.159	0.0	0.201	0.0	0.121	0.218	0.143	0.177	0.15	0.285	0.248	0.372	0.386	0.282	0.264	0.338	0.255	0.167	0.24	0.283	0.0	0.127	0.144	0.093	0.125	0.134	0.141	0.011	
Chromosome	2094837	C	CG	0.0	0.369	0.0	0.0	0.0	0.0	0.0	0.0	0.0	0.0	0.0	0.0	0.0	0.0	0.0	0.0	0.0	0.0	0.0	0.0	0.0	0.0	0.0	0.0	0.0	0.0	0.0	0.0	0.005	0.0	0.0	0.0	0.0	0.0	0.0	0.0	0.0	0.0	0.0	0.0	0.0	0.0	0.0	0.0	0.0	0.0	0.0	0.0	0.0	0.0	0.0	0.0	0.0	0.0	0.0	0.0	0.0	0.0	0.0	0.0	0.0	0.0	0.0	0.0	0.0	0.0	0.0	0.0	0.0	
Chromosome	2154684	A	C	0.121	0.135	0.13	0.153	0.091	0.229	0.244	0.25	0.191	0.211	0.185	0.166	0.17	0.116	0.126	0.193	0.22	0.242	0.335	0.162	0.229	0.196	0.227	0.176	0.184	0.141	0.155	0.101	0.142	0.084	0.077	0.086	0.211	0.224	0.244	0.088	0.105	0.099	0.0	0.181	0.217	0.134	0.013	0.182	0.0	0.093	0.173	0.111	0.089	0.112	0.217	0.227	0.209	0.192	0.223	0.219	0.286	0.241	0.346	0.211	0.153	0.0	0.116	0.13	0.093	0.123	0.096	0.109	0.0	
Chromosome	2195100	T	G	0.089	0.131	0.158	0.204	0.085	0.124	0.186	0.12	0.178	0.192	0.205	0.162	0.186	0.129	0.143	0.174	0.151	0.198	0.141	0.22	0.198	0.168	0.155	0.199	0.129	0.151	0.145	0.137	0.179	0.112	0.094	0.09	0.15	0.143	0.184	0.114	0.142	0.121	0.0	0.156	0.119	0.225	0.0	0.156	0.005	0.149	0.074	0.142	0.103	0.093	0.132	0.184	0.188	0.225	0.17	0.144	0.201	0.16	0.14	0.164	0.128	0.0	0.119	0.12	0.141	0.109	0.116	0.088	0.007	
Chromosome	2195144	T	G	0.142	0.156	0.15	0.186	0.092	0.217	0.177	0.189	0.099	0.226	0.268	0.225	0.162	0.072	0.084	0.129	0.1	0.244	0.254	0.201	0.19	0.203	0.194	0.234	0.093	0.124	0.058	0.129	0.163	0.164	0.174	0.063	0.107	0.083	0.205	0.161	0.17	0.181	0.0	0.202	0.254	0.218	0.006	0.251	0.006	0.068	0.187	0.164	0.145	0.177	0.233	0.247	0.229	0.25	0.221	0.208	0.22	0.191	0.147	0.07	0.083	0.0	0.171	0.199	0.159	0.196	0.16	0.124	0.0	
Chromosome	2208736	T	G	0.168	0.161	0.15	0.153	0.088	0.2	0.295	0.28	0.211	0.2	0.245	0.197	0.212	0.177	0.201	0.183	0.21	0.192	0.308	0.33	0.33	0.242	0.222	0.229	0.183	0.195	0.168	0.173	0.147	0.137	0.172	0.123	0.208	0.214	0.233	0.169	0.18	0.156	0.0	0.214	0.228	0.165	0.007	0.219	0.0	0.101	0.225	0.186	0.146	0.192	0.259	0.217	0.2	0.246	0.212	0.224	0.235	0.298	0.294	0.276	0.278	0.0	0.216	0.188	0.149	0.141	0.179	0.146	0.009	
Chromosome	2355857	T	G	0.081	0.12	0.081	0.137	0.028	0.165	0.258	0.208	0.062	0.176	0.162	0.17	0.118	0.123	0.105	0.051	0.115	0.12	0.17	0.177	0.15	0.262	0.209	0.197	0.121	0.073	0.085	0.095	0.084	0.121	0.091	0.086	0.097	0.116	0.175	0.111	0.092	0.116	0.0	0.171	0.223	0.152	0.0	0.17	0.0	0.056	0.201	0.149	0.144	0.092	0.187	0.189	0.238	0.216	0.153	0.175	0.161	0.23	0.192	0.077	0.13	0.0	0.124	0.126	0.099	0.131	0.1	0.123	0.0	
Chromosome	2429865	C	CG	0.043	0.525	0.436	0.327	0.012	0.007	0.0	0.212	0.018	0.004	0.011	0.011	0.004	0.005	0.0	0.011	0.006	0.0	0.0	0.006	0.0	0.013	0.0	0.255	0.546	0.648	0.004	0.004	0.02	0.01	0.01	0.007	0.01	0.299	0.0	0.013	0.299	0.008	0.0	0.009	0.0	0.005	0.006	0.0	0.006	0.02	0.017	0.01	0.018	0.013	0.024	0.019	0.014	0.159	0.02	0.008	0.005	0.088	0.0	0.015	0.186	0.005	0.009	0.002	0.007	0.212	0.009	0.012	0.0	
Chromosome	2499232	A	C	0.006	0.07	0.0	0.062	0.006	0.0	0.0	0.007	0.052	0.0	0.0	0.0	0.0	0.0	0.065	0.0	0.0	0.008	0.0	0.006	0.097	0.006	0.022	0.005	0.011	0.009	0.005	0.0	0.004	0.003	0.003	0.0	0.0	0.0	0.005	0.003	0.0	0.0	0.0	0.0	0.0	0.0	0.0	0.012	0.005	0.0	0.005	0.0	0.004	0.007	0.0	0.0	0.0	0.005	0.0	0.057	0.0	0.034	0.0	0.0	0.004	0.0	0.0	0.0	0.0	0.0	0.004	0.0	0.0	
Chromosome	2535873	G	C	0.072	0.065	0.062	0.094	0.064	0.139	0.156	0.16	0.059	0.036	0.091	0.103	0.06	0.052	0.062	0.058	0.068	0.112	0.075	0.067	0.092	0.078	0.108	0.144	0.108	0.067	0.038	0.029	0.045	0.099	0.075	0.034	0.07	0.071	0.101	0.071	0.057	0.078	0.0	0.104	0.065	0.137	0.007	0.075	0.006	0.044	0.087	0.062	0.07	0.077	0.088	0.102	0.145	0.102	0.101	0.11	0.145	0.127	0.038	0.106	0.096	0.0	0.078	0.071	0.065	0.057	0.074	0.076	0.0	
Chromosome	2579189	A	C	0.173	0.254	0.154	0.234	0.134	0.268	0.276	0.242	0.322	0.271	0.222	0.31	0.219	0.219	0.213	0.261	0.246	0.282	0.237	0.297	0.183	0.206	0.319	0.253	0.25	0.187	0.23	0.232	0.224	0.248	0.226	0.202	0.275	0.243	0.239	0.21	0.225	0.223	0.006	0.273	0.263	0.274	0.0	0.395	0.0	0.226	0.303	0.277	0.259	0.226	0.283	0.34	0.287	0.219	0.263	0.281	0.333	0.308	0.238	0.256	0.256	0.0	0.225	0.219	0.226	0.26	0.238	0.244	0.013	
Chromosome	2579192	T	G	0.107	0.164	0.096	0.174	0.06	0.159	0.18	0.16	0.157	0.187	0.17	0.28	0.126	0.119	0.105	0.096	0.071	0.119	0.179	0.172	0.108	0.134	0.197	0.16	0.117	0.09	0.132	0.11	0.222	0.141	0.143	0.079	0.125	0.112	0.129	0.099	0.097	0.119	0.006	0.187	0.159	0.172	0.006	0.26	0.005	0.093	0.161	0.135	0.165	0.156	0.158	0.17	0.15	0.136	0.15	0.163	0.194	0.164	0.087	0.135	0.125	0.006	0.134	0.111	0.089	0.111	0.142	0.084	0.0	
Chromosome	2813600	A	G	0.0	0.273	0.0	0.212	0.0	0.0	0.0	0.0	0.0	0.0	0.0	0.0	0.0	0.0	0.0	0.0	0.0	0.0	0.0	0.0	0.0	0.007	0.0	0.0	0.0	0.0	0.0	0.0	0.0	0.0	0.0	0.0	0.0	0.0	0.0	0.0	0.0	0.0	0.0	0.0	0.0	0.0	0.0	0.0	0.005	0.0	0.0	0.0	0.0	0.002	0.0	0.0	0.0	0.0	0.0	0.007	0.0	0.0	0.0	0.0	0.0	0.0	0.002	0.0	0.0	0.0	0.0	0.0	0.0	
Chromosome	2829829	A	C	0.21	0.185	0.156	0.213	0.146	0.311	0.26	0.289	0.171	0.236	0.25	0.255	0.191	0.15	0.155	0.169	0.113	0.255	0.297	0.315	0.216	0.336	0.289	0.263	0.122	0.134	0.217	0.16	0.115	0.207	0.15	0.111	0.169	0.133	0.214	0.185	0.164	0.196	0.0	0.209	0.261	0.25	0.0	0.172	0.005	0.156	0.207	0.181	0.239	0.218	0.25	0.25	0.28	0.292	0.209	0.286	0.276	0.236	0.214	0.167	0.142	0.013	0.207	0.194	0.176	0.192	0.196	0.16	0.0	
Chromosome	2945625	A	G	0.0	0.213	0.0	0.0	0.0	0.0	0.0	0.0	0.0	0.0	0.0	0.0	0.0	0.0	0.0	0.0	0.0	0.0	0.0	0.0	0.0	0.0	0.0	0.0	0.0	0.0	0.0	0.0	0.0	0.003	0.0	0.0	0.0	0.0	0.0	0.0	0.0	0.0	0.005	0.0	0.0	0.0	0.0	0.0	0.0	0.0	0.0	0.0	0.0	0.0	0.0	0.0	0.0	0.0	0.0	0.0	0.0	0.0	0.0	0.0	0.0	0.0	0.0	0.0	0.0	0.0	0.0	0.0	0.0	
Chromosome	2946508	A	C	0.246	0.182	0.159	0.219	0.101	0.217	0.231	0.185	0.093	0.214	0.243	0.283	0.125	0.082	0.143	0.089	0.048	0.182	0.213	0.25	0.216	0.198	0.211	0.218	0.103	0.136	0.094	0.074	0.169	0.226	0.268	0.122	0.069	0.05	0.24	0.201	0.204	0.213	0.007	0.327	0.318	0.269	0.007	0.321	0.013	0.123	0.293	0.197	0.281	0.231	0.284	0.258	0.273	0.293	0.171	0.168	0.185	0.333	0.056	0.071	0.058	0.0	0.227	0.227	0.227	0.23	0.269	0.168	0.01	
Chromosome	2952399	C	G	0.109	0.112	0.154	0.124	0.076	0.143	0.17	0.109	0.173	0.156	0.187	0.18	0.154	0.112	0.123	0.204	0.265	0.096	0.152	0.135	0.158	0.161	0.168	0.154	0.136	0.142	0.12	0.139	0.121	0.11	0.121	0.09	0.127	0.126	0.177	0.104	0.101	0.119	0.005	0.204	0.196	0.165	0.0	0.252	0.0	0.197	0.223	0.089	0.152	0.119	0.129	0.119	0.134	0.144	0.129	0.081	0.173	0.175	0.189	0.189	0.182	0.0	0.093	0.128	0.119	0.102	0.109	0.089	0.0	
Chromosome	2952405	A	C	0.131	0.134	0.162	0.136	0.131	0.123	0.214	0.107	0.176	0.216	0.223	0.224	0.164	0.113	0.144	0.153	0.171	0.125	0.173	0.182	0.163	0.151	0.158	0.193	0.106	0.169	0.104	0.134	0.19	0.142	0.104	0.125	0.141	0.196	0.197	0.102	0.156	0.129	0.0	0.204	0.229	0.174	0.006	0.254	0.0	0.152	0.238	0.144	0.165	0.143	0.186	0.178	0.194	0.171	0.148	0.163	0.183	0.15	0.118	0.164	0.119	0.012	0.155	0.128	0.158	0.135	0.126	0.122	0.0	
Chromosome	3015747	G	C	0.202	0.341	0.27	0.284	0.291	0.207	0.209	0.295	0.376	0.209	0.252	0.231	0.297	0.287	0.326	0.481	0.5	0.239	0.306	0.279	0.203	0.217	0.243	0.305	0.399	0.29	0.343	0.347	0.344	0.222	0.194	0.303	0.452	0.427	0.204	0.238	0.223	0.219	0.0	0.246	0.204	0.25	0.0	0.231	0.0	0.339	0.227	0.271	0.211	0.225	0.273	0.258	0.247	0.212	0.194	0.169	0.212	0.258	0.545	0.515	0.5	0.0	0.235	0.239	0.215	0.174	0.224	0.231	0.0	
Chromosome	3030967	A	C	0.347	0.389	0.407	0.368	0.255	0.5	0.368	0.451	0.587	0.396	0.345	0.489	0.437	0.421	0.388	0.566	0.676	0.512	0.409	0.514	0.563	0.43	0.37	0.488	0.567	0.506	0.368	0.451	0.35	0.307	0.314	0.456	0.586	0.61	0.54	0.34	0.377	0.383	0.0	0.375	0.446	0.483	0.007	0.438	0.0	0.456	0.394	0.337	0.331	0.378	0.623	0.525	0.565	0.522	0.614	0.5	0.455	0.6	0.634	0.724	0.594	0.0	0.359	0.361	0.402	0.286	0.403	0.299	0.0	
Chromosome	3092774	T	G	0.337	0.5	0.536	0.344	0.397	0.207	0.3	0.217	0.505	0.361	0.351	0.288	0.554	0.427	0.573	0.474	0.5	0.351	0.324	0.4	0.25	0.318	0.297	0.286	0.629	0.52	0.589	0.4	0.538	0.267	0.329	0.402	0.561	0.483	0.243	0.321	0.33	0.294	0.0	0.333	0.311	0.347	0.0	0.295	0.0	0.493	0.315	0.298	0.345	0.417	0.245	0.31	0.277	0.432	0.328	0.26	0.302	0.264	0.333	0.491	0.431	0.008	0.301	0.3	0.3	0.285	0.296	0.264	0.0	
Chromosome	3105791	A	G	0.162	0.226	0.208	0.203	0.182	0.213	0.2	0.328	0.359	0.17	0.204	0.141	0.193	0.28	0.198	0.416	0.516	0.269	0.29	0.253	0.236	0.315	0.219	0.191	0.391	0.173	0.25	0.22	0.271	0.186	0.157	0.141	0.432	0.279	0.179	0.192	0.192	0.167	0.005	0.192	0.2	0.162	0.0	0.148	0.0	0.279	0.27	0.16	0.2	0.154	0.386	0.267	0.25	0.359	0.226	0.259	0.258	0.25	0.526	0.455	0.371	0.0	0.169	0.188	0.194	0.13	0.117	0.172	0.0	
Chromosome	3123426	T	G	0.146	0.19	0.226	0.214	0.126	0.244	0.243	0.258	0.263	0.228	0.21	0.237	0.243	0.218	0.161	0.27	0.245	0.343	0.197	0.273	0.209	0.254	0.204	0.286	0.241	0.283	0.173	0.237	0.205	0.135	0.095	0.131	0.256	0.257	0.206	0.154	0.163	0.142	0.006	0.287	0.24	0.205	0.0	0.195	0.007	0.176	0.237	0.155	0.113	0.163	0.248	0.169	0.377	0.25	0.245	0.33	0.227	0.246	0.348	0.246	0.188	0.0	0.189	0.178	0.115	0.123	0.119	0.135	0.0	
Chromosome	3125326	A	C	0.081	0.113	0.081	0.142	0.007	0.111	0.158	0.161	0.096	0.1	0.129	0.126	0.066	0.079	0.074	0.071	0.112	0.157	0.151	0.128	0.121	0.15	0.153	0.126	0.124	0.093	0.087	0.104	0.068	0.071	0.067	0.064	0.099	0.113	0.089	0.088	0.079	0.057	0.0	0.12	0.088	0.119	0.0	0.151	0.006	0.079	0.12	0.085	0.05	0.077	0.105	0.161	0.155	0.131	0.19	0.138	0.15	0.204	0.1	0.118	0.128	0.006	0.08	0.093	0.039	0.072	0.065	0.099	0.0	
Chromosome	3269590	T	G	0.222	0.172	0.122	0.226	0.14	0.276	0.312	0.231	0.138	0.247	0.31	0.267	0.197	0.171	0.217	0.14	0.165	0.291	0.29	0.345	0.226	0.268	0.356	0.326	0.164	0.249	0.176	0.192	0.173	0.272	0.269	0.153	0.157	0.167	0.382	0.256	0.244	0.236	0.005	0.226	0.322	0.295	0.0	0.299	0.0	0.171	0.301	0.32	0.239	0.264	0.293	0.293	0.3	0.302	0.293	0.378	0.242	0.348	0.143	0.112	0.118	0.0	0.249	0.275	0.276	0.259	0.204	0.266	0.0	
Chromosome	3278729	T	G	0.073	0.174	0.185	0.165	0.063	0.194	0.157	0.227	0.179	0.147	0.164	0.143	0.121	0.165	0.145	0.118	0.156	0.141	0.153	0.157	0.139	0.18	0.203	0.146	0.086	0.122	0.128	0.126	0.121	0.103	0.104	0.105	0.113	0.235	0.154	0.147	0.122	0.103	0.0	0.189	0.163	0.155	0.008	0.192	0.0	0.101	0.189	0.097	0.162	0.153	0.175	0.195	0.148	0.218	0.136	0.122	0.074	0.165	0.13	0.123	0.076	0.006	0.153	0.123	0.115	0.137	0.129	0.144	0.0	
Chromosome	3430998	A	C	0.09	0.137	0.1	0.123	0.121	0.08	0.087	0.103	0.131	0.082	0.106	0.107	0.176	0.114	0.134	0.141	0.122	0.186	0.11	0.121	0.098	0.031	0.089	0.132	0.095	0.174	0.132	0.143	0.109	0.102	0.066	0.094	0.089	0.095	0.101	0.109	0.098	0.084	0.0	0.076	0.124	0.091	0.0	0.063	0.0	0.085	0.086	0.072	0.095	0.087	0.099	0.061	0.054	0.114	0.082	0.094	0.116	0.133	0.089	0.114	0.115	0.0	0.098	0.078	0.068	0.072	0.095	0.079	0.0	
Chromosome	3480602	A	G	0.0	0.036	0.0	0.0	0.0	0.0	0.0	0.0	0.005	0.0	0.0	0.0	0.0	0.0	0.0	0.0	0.0	0.0	0.0	0.0	0.0	0.0	0.0	0.0	0.0	0.0	0.0	0.0	0.0	0.0	0.0	0.0	0.0	0.0	0.0	0.0	0.0	0.0	0.0	0.0	0.0	0.0	0.0	0.0	0.0	0.0	0.0	0.0	0.0	0.0	0.0	0.0	0.0	0.0	0.0	0.0	0.0	0.0	0.0	0.0	0.0	0.005	0.0	0.0	0.0	0.0	0.0	0.0	0.0	
Chromosome	3558801	C	A	0.0	0.037	0.023	0.005	0.015	0.0	0.0	0.0	0.005	0.014	0.0	0.01	0.01	0.006	0.009	0.024	0.017	0.0	0.0	0.0	0.0	0.0	0.0	0.0	0.0	0.0	0.0	0.03	0.01	0.004	0.004	0.012	0.0	0.015	0.016	0.0	0.003	0.0	0.0	0.0	0.0	0.0	0.0	0.0	0.005	0.0	0.0	0.005	0.0	0.003	0.0	0.0	0.0	0.0	0.0	0.0	0.0	0.0	0.0	0.0	0.006	0.0	0.0	0.003	0.002	0.0	0.0	0.0	0.0	
Chromosome	3558802	T	G	0.0	0.037	0.023	0.005	0.022	0.0	0.0	0.0	0.005	0.014	0.0	0.0	0.01	0.006	0.008	0.024	0.017	0.0	0.012	0.0	0.0	0.009	0.0	0.0	0.006	0.0	0.0	0.029	0.014	0.007	0.004	0.008	0.0	0.015	0.01	0.0	0.0	0.004	0.005	0.0	0.0	0.0	0.0	0.0	0.011	0.0	0.0	0.005	0.0	0.003	0.0	0.0	0.0	0.009	0.0	0.0	0.007	0.0	0.0	0.006	0.0	0.0	0.002	0.0	0.0	0.003	0.0	0.0	0.007	
Chromosome	3558808	G	A	0.0	0.037	0.011	0.005	0.021	0.0	0.0	0.0	0.005	0.014	0.0	0.0	0.01	0.006	0.008	0.023	0.016	0.0	0.0	0.0	0.0	0.0	0.0	0.0	0.0	0.0	0.0	0.033	0.01	0.003	0.008	0.008	0.0	0.014	0.01	0.0	0.0	0.0	0.0	0.0	0.0	0.0	0.0	0.0	0.0	0.0	0.0	0.005	0.0	0.0	0.0	0.0	0.0	0.0	0.0	0.0	0.0	0.0	0.0	0.0	0.0	0.0	0.0	0.003	0.0	0.003	0.0	0.0	0.0	
Chromosome	3667015	G	A	0.0	0.04	0.0	0.0	0.0	0.0	0.0	0.007	0.0	0.0	0.0	0.0	0.0	0.0	0.0	0.0	0.0	0.0	0.0	0.0	0.0	0.0	0.0	0.0	0.0	0.0	0.0	0.0	0.0	0.0	0.0	0.0	0.0	0.0	0.0	0.0	0.0	0.0	0.0	0.0	0.0	0.0	0.0	0.0	0.0	0.0	0.0	0.0	0.0	0.0	0.0	0.0	0.0	0.0	0.0	0.0	0.0	0.0	0.0	0.0	0.0	0.0	0.0	0.0	0.0	0.0	0.0	0.0	0.0	
Chromosome	3731207	GCGGA	G	0.003	0.011	0.0	0.004	0.012	0.0	0.0	0.0	0.008	0.004	0.0	0.006	0.0	0.012	0.015	0.0	0.008	0.0	0.013	0.018	0.0	0.0	0.013	0.01	0.005	0.007	0.0	0.004	0.004	0.009	0.003	0.006	0.006	0.004	0.0	0.008	0.005	0.006	0.009	0.01	0.014	0.019	0.0	0.013	0.0	0.0	0.005	0.008	0.007	0.004	0.0	0.009	0.008	0.0	0.014	0.008	0.006	0.0	0.0	0.013	0.004	0.006	0.002	0.007	0.014	0.006	0.002	0.011	0.0	
Chromosome	3731215	T	TCGTC	0.0	0.0	0.0	0.0	0.0	0.0	0.0	0.0	0.0	0.0	0.0	0.0	0.0	0.0	0.0	0.0	0.0	0.0	0.0	0.0	0.0	0.0	0.0	0.0	0.0	0.0	0.0	0.0	0.0	0.0	0.0	0.0	0.0	0.0	0.0	0.0	0.0	0.0	0.0	0.0	0.0	0.0	0.0	0.0	0.0	0.0	0.0	0.0	0.0	0.0	0.0	0.0	0.0	0.0	0.0	0.0	0.0	0.0	0.0	0.0	0.0	0.0	0.0	0.0	0.0	0.0	0.0	0.0	0.0	
Chromosome	3777630	T	G	0.182	0.252	0.161	0.196	0.163	0.227	0.304	0.34	0.231	0.305	0.299	0.26	0.225	0.299	0.214	0.366	0.344	0.338	0.275	0.308	0.26	0.316	0.314	0.263	0.302	0.192	0.223	0.204	0.2	0.164	0.176	0.149	0.194	0.224	0.254	0.145	0.216	0.158	0.0	0.301	0.251	0.22	0.007	0.331	0.0	0.255	0.244	0.182	0.133	0.184	0.213	0.27	0.277	0.305	0.24	0.355	0.257	0.267	0.411	0.275	0.349	0.0	0.175	0.212	0.227	0.217	0.176	0.188	0.0	
Chromosome	3777637	A	C	0.147	0.248	0.242	0.215	0.108	0.253	0.286	0.32	0.217	0.283	0.261	0.265	0.153	0.228	0.209	0.331	0.224	0.237	0.292	0.281	0.223	0.308	0.21	0.256	0.254	0.293	0.188	0.189	0.138	0.196	0.201	0.169	0.219	0.211	0.23	0.161	0.185	0.179	0.0	0.31	0.262	0.275	0.0	0.264	0.007	0.218	0.222	0.146	0.205	0.184	0.233	0.378	0.218	0.275	0.316	0.418	0.315	0.24	0.51	0.287	0.219	0.0	0.188	0.154	0.143	0.151	0.174	0.155	0.006	
Chromosome	3833727	A	C	0.065	0.098	0.043	0.057	0.042	0.034	0.046	0.047	0.089	0.064	0.074	0.08	0.056	0.097	0.062	0.077	0.086	0.045	0.055	0.063	0.067	0.041	0.081	0.057	0.075	0.072	0.038	0.058	0.083	0.049	0.028	0.067	0.091	0.074	0.101	0.031	0.069	0.072	0.0	0.079	0.046	0.103	0.0	0.041	0.0	0.033	0.074	0.051	0.066	0.05	0.05	0.048	0.055	0.129	0.064	0.109	0.09	0.047	0.122	0.077	0.057	0.006	0.032	0.054	0.065	0.044	0.042	0.037	0.0	
Chromosome	3847886	T	A	0.206	0.238	0.169	0.27	0.167	0.214	0.246	0.165	0.36	0.279	0.2	0.241	0.186	0.171	0.147	0.297	0.26	0.225	0.3	0.203	0.205	0.235	0.234	0.259	0.333	0.253	0.227	0.134	0.206	0.159	0.258	0.204	0.267	0.251	0.258	0.24	0.2	0.207	0.0	0.243	0.263	0.259	0.0	0.274	0.0	0.238	0.245	0.229	0.269	0.219	0.236	0.183	0.256	0.22	0.195	0.187	0.223	0.237	0.408	0.286	0.291	0.0	0.274	0.253	0.219	0.242	0.245	0.224	0.0	
Chromosome	3852785	G	A	0.0	0.276	0.0	0.0	0.0	0.0	0.0	0.0	0.0	0.0	0.0	0.006	0.0	0.0	0.0	0.0	0.0	0.0	0.0	0.0	0.008	0.0	0.0	0.0	0.0	0.0	0.0	0.0	0.0	0.0	0.0	0.0	0.0	0.0	0.0	0.0	0.0	0.0	0.0	0.0	0.0	0.0	0.0	0.0	0.0	0.0	0.0	0.004	0.0	0.0	0.0	0.0	0.008	0.0	0.0	0.0	0.0	0.0	0.0	0.0	0.005	0.0	0.002	0.0	0.0	0.0	0.0	0.0	0.006	
Chromosome	3973377	T	G	0.097	0.135	0.15	0.133	0.083	0.11	0.071	0.084	0.129	0.116	0.13	0.105	0.134	0.154	0.101	0.064	0.089	0.096	0.135	0.107	0.105	0.087	0.087	0.138	0.119	0.165	0.145	0.113	0.143	0.083	0.096	0.096	0.141	0.109	0.071	0.081	0.058	0.09	0.0	0.109	0.085	0.119	0.0	0.135	0.0	0.073	0.164	0.083	0.102	0.105	0.113	0.115	0.106	0.108	0.108	0.061	0.106	0.15	0.259	0.104	0.082	0.0	0.103	0.104	0.04	0.104	0.05	0.084	0.0	
Chromosome	3999852	T	G	0.091	0.096	0.061	0.047	0.017	0.075	0.051	0.062	0.055	0.071	0.056	0.061	0.059	0.033	0.028	0.046	0.065	0.096	0.047	0.065	0.066	0.059	0.073	0.068	0.044	0.058	0.073	0.043	0.054	0.049	0.047	0.028	0.067	0.031	0.047	0.041	0.024	0.077	0.0	0.068	0.049	0.079	0.006	0.095	0.0	0.04	0.055	0.065	0.046	0.042	0.069	0.104	0.105	0.108	0.092	0.079	0.055	0.052	0.044	0.078	0.097	0.012	0.07	0.048	0.037	0.05	0.064	0.043	0.006	
Chromosome	4028636	G	C	0.279	0.317	0.279	0.314	0.3	0.337	0.26	0.358	0.423	0.302	0.41	0.268	0.354	0.34	0.379	0.403	0.396	0.186	0.377	0.333	0.231	0.31	0.363	0.345	0.397	0.33	0.393	0.339	0.353	0.376	0.345	0.346	0.427	0.389	0.371	0.347	0.374	0.317	0.005	0.328	0.386	0.311	0.0	0.41	0.0	0.431	0.335	0.384	0.371	0.322	0.412	0.315	0.304	0.327	0.374	0.347	0.333	0.364	0.426	0.414	0.393	0.0	0.328	0.339	0.366	0.374	0.341	0.41	0.0	
Chromosome	4088367	T	G	0.129	0.212	0.142	0.222	0.055	0.236	0.225	0.177	0.094	0.198	0.143	0.142	0.131	0.144	0.088	0.116	0.167	0.123	0.275	0.189	0.2	0.206	0.164	0.219	0.135	0.104	0.119	0.133	0.105	0.108	0.124	0.116	0.146	0.159	0.193	0.096	0.099	0.113	0.0	0.135	0.206	0.149	0.0	0.233	0.005	0.108	0.165	0.124	0.097	0.137	0.224	0.23	0.25	0.228	0.221	0.191	0.16	0.258	0.086	0.154	0.128	0.0	0.127	0.109	0.099	0.13	0.097	0.093	0.0	
Chromosome	4102893	A	C	0.087	0.123	0.119	0.19	0.034	0.119	0.207	0.29	0.154	0.157	0.116	0.171	0.134	0.141	0.122	0.125	0.156	0.103	0.142	0.133	0.127	0.118	0.192	0.164	0.114	0.106	0.121	0.14	0.158	0.124	0.12	0.118	0.158	0.076	0.222	0.119	0.122	0.071	0.007	0.129	0.097	0.108	0.008	0.13	0.006	0.081	0.109	0.124	0.133	0.112	0.131	0.267	0.189	0.087	0.148	0.214	0.265	0.215	0.193	0.141	0.149	0.0	0.125	0.134	0.1	0.122	0.1	0.104	0.007	
Chromosome	4214560	C	A	0.452	0.489	0.49	0.515	0.533	0.441	0.444	0.525	0.503	0.477	0.478	0.474	0.465	0.518	0.466	0.465	0.544	0.5	0.53	0.506	0.48	0.485	0.401	0.533	0.478	0.449	0.475	0.494	0.517	0.494	0.476	0.515	0.485	0.48	0.481	0.502	0.45	0.481	0.463	0.458	0.491	0.505	0.538	0.511	0.524	0.498	0.496	0.478	0.497	0.486	0.431	0.453	0.479	0.42	0.509	0.468	0.49	0.472	0.509	0.462	0.494	0.408	0.494	0.506	0.43	0.442	0.432	0.326	0.498	
Chromosome	4214739	G	GT	0.34	0.327	0.36	0.316	0.395	0.304	0.332	0.352	0.324	0.364	0.304	0.32	0.338	0.351	0.336	0.368	0.472	0.392	0.342	0.38	0.312	0.339	0.353	0.34	0.358	0.313	0.303	0.316	0.331	0.332	0.321	0.353	0.327	0.388	0.339	0.358	0.305	0.333	0.327	0.332	0.362	0.287	0.317	0.332	0.357	0.306	0.309	0.32	0.334	0.355	0.331	0.371	0.301	0.321	0.371	0.324	0.352	0.367	0.535	0.391	0.331	0.26	0.338	0.314	0.329	0.303	0.304	0.266	0.329	
Chromosome	4214852	A	AG	0.06	0.067	0.058	0.049	0.074	0.043	0.078	0.072	0.05	0.058	0.023	0.048	0.056	0.076	0.083	0.069	0.07	0.099	0.049	0.107	0.048	0.074	0.046	0.047	0.057	0.059	0.07	0.045	0.05	0.069	0.061	0.07	0.066	0.067	0.066	0.062	0.073	0.066	0.022	0.065	0.047	0.037	0.051	0.087	0.097	0.015	0.066	0.044	0.084	0.064	0.024	0.074	0.088	0.054	0.039	0.026	0.069	0.048	0.065	0.06	0.058	0.082	0.057	0.058	0.053	0.073	0.054	0.058	0.045	
Chromosome	4214853	C	CAAT	0.0	0.009	0.008	0.0	0.0	0.0	0.0	0.008	0.0	0.004	0.0	0.0	0.0	0.013	0.003	0.0	0.0	0.0	0.006	0.0	0.0	0.006	0.0	0.0	0.004	0.0	0.008	0.003	0.0	0.0	0.003	0.004	0.0	0.004	0.0	0.0	0.0	0.003	0.011	0.0	0.006	0.0	0.034	0.0	0.067	0.0	0.004	0.0	0.0	0.004	0.0	0.0	0.0	0.0	0.007	0.0	0.006	0.008	0.0	0.004	0.006	0.06	0.0	0.0	0.0	0.0	0.0	0.0	0.019	
Chromosome	4214855	A	ATCAAT	0.045	0.058	0.058	0.057	0.048	0.05	0.07	0.072	0.049	0.05	0.009	0.039	0.042	0.082	0.072	0.07	0.066	0.096	0.044	0.102	0.049	0.067	0.041	0.045	0.046	0.048	0.066	0.041	0.039	0.058	0.066	0.071	0.065	0.071	0.058	0.069	0.069	0.071	0.022	0.059	0.048	0.036	0.045	0.078	0.078	0.015	0.062	0.044	0.067	0.06	0.04	0.07	0.081	0.048	0.052	0.027	0.07	0.056	0.107	0.055	0.061	0.05	0.052	0.072	0.057	0.062	0.05	0.051	0.032	
Chromosome	4214859	C	T	0.036	0.052	0.051	0.051	0.045	0.042	0.073	0.065	0.044	0.036	0.009	0.041	0.049	0.07	0.058	0.061	0.05	0.085	0.033	0.101	0.052	0.059	0.036	0.042	0.04	0.046	0.059	0.039	0.032	0.057	0.062	0.066	0.051	0.056	0.051	0.066	0.069	0.059	0.023	0.056	0.049	0.025	0.046	0.073	0.077	0.015	0.061	0.039	0.061	0.052	0.043	0.065	0.051	0.049	0.041	0.028	0.071	0.058	0.088	0.05	0.058	0.052	0.05	0.059	0.048	0.05	0.047	0.05	0.028	
Chromosome	4214862	C	G	0.033	0.044	0.047	0.044	0.041	0.043	0.067	0.058	0.034	0.032	0.005	0.036	0.04	0.059	0.05	0.062	0.051	0.076	0.02	0.088	0.042	0.06	0.03	0.035	0.04	0.037	0.056	0.036	0.029	0.051	0.06	0.066	0.047	0.052	0.037	0.06	0.057	0.046	0.023	0.04	0.031	0.025	0.029	0.061	0.066	0.01	0.049	0.034	0.057	0.041	0.034	0.048	0.044	0.029	0.021	0.022	0.056	0.057	0.09	0.046	0.052	0.041	0.038	0.047	0.038	0.04	0.029	0.04	0.014	
Chromosome	4214864	C	A	0.031	0.04	0.035	0.044	0.03	0.034	0.057	0.057	0.03	0.032	0.01	0.045	0.04	0.042	0.044	0.055	0.051	0.066	0.021	0.084	0.034	0.048	0.045	0.031	0.032	0.03	0.049	0.036	0.022	0.051	0.043	0.055	0.033	0.045	0.024	0.052	0.049	0.04	0.018	0.034	0.019	0.024	0.024	0.037	0.066	0.01	0.041	0.03	0.051	0.035	0.034	0.034	0.038	0.028	0.021	0.022	0.042	0.048	0.078	0.034	0.041	0.03	0.033	0.038	0.038	0.04	0.035	0.037	0.014	
Chromosome	4214865	C	T	0.025	0.035	0.022	0.037	0.024	0.026	0.047	0.056	0.027	0.016	0.005	0.032	0.035	0.024	0.037	0.044	0.052	0.041	0.021	0.066	0.034	0.048	0.038	0.023	0.027	0.03	0.041	0.035	0.015	0.047	0.039	0.047	0.029	0.046	0.021	0.042	0.049	0.043	0.012	0.028	0.019	0.024	0.018	0.037	0.066	0.01	0.037	0.027	0.047	0.032	0.034	0.034	0.03	0.028	0.014	0.015	0.042	0.048	0.078	0.022	0.028	0.03	0.029	0.038	0.035	0.036	0.026	0.033	0.014	
Chromosome	4338880	T	G	0.155	0.078	0.139	0.173	0.092	0.219	0.198	0.316	0.24	0.161	0.255	0.158	0.108	0.178	0.139	0.192	0.148	0.202	0.283	0.275	0.331	0.211	0.25	0.183	0.187	0.173	0.149	0.14	0.119	0.1	0.125	0.11	0.183	0.183	0.183	0.138	0.156	0.13	0.0	0.164	0.198	0.207	0.0	0.197	0.006	0.083	0.141	0.147	0.123	0.142	0.142	0.238	0.252	0.341	0.199	0.234	0.284	0.268	0.229	0.197	0.213	0.0	0.142	0.097	0.124	0.109	0.144	0.085	0.0	
Chromosome	4460835	T	G	0.003	0.03	0.037	0.0	0.035	0.0	0.0	0.0	0.0	0.0	0.0	0.011	0.028	0.038	0.003	0.015	0.127	0.0	0.0	0.0	0.0	0.0	0.0	0.017	0.01	0.01	0.012	0.028	0.008	0.0	0.003	0.012	0.0	0.015	0.0	0.01	0.002	0.0	0.0	0.0	0.0	0.0	0.005	0.0	0.01	0.0	0.0	0.007	0.0	0.0	0.0	0.0	0.012	0.006	0.0	0.0	0.0	0.0	0.0	0.011	0.008	0.006	0.008	0.0	0.0	0.003	0.0	0.0	0.006	
Chromosome	4460836	C	A	0.008	0.034	0.037	0.0	0.035	0.0	0.0	0.007	0.0	0.003	0.005	0.011	0.028	0.037	0.0	0.015	0.127	0.011	0.0	0.0	0.0	0.006	0.0	0.021	0.01	0.01	0.012	0.028	0.008	0.0	0.003	0.012	0.0	0.015	0.0	0.016	0.002	0.0	0.0	0.0	0.0	0.0	0.0	0.0	0.0	0.0	0.0	0.007	0.0	0.002	0.0	0.0	0.0	0.0	0.006	0.0	0.006	0.0	0.0	0.011	0.008	0.0	0.008	0.0	0.0	0.003	0.0	0.0	0.0	
Chromosome	4541923	T	G	0.114	0.196	0.194	0.182	0.074	0.176	0.179	0.314	0.249	0.247	0.14	0.16	0.139	0.13	0.189	0.089	0.114	0.178	0.184	0.231	0.297	0.198	0.193	0.222	0.144	0.218	0.157	0.13	0.156	0.134	0.138	0.125	0.152	0.083	0.161	0.187	0.146	0.14	0.005	0.226	0.247	0.291	0.006	0.195	0.006	0.112	0.199	0.172	0.178	0.133	0.283	0.258	0.252	0.238	0.244	0.299	0.261	0.27	0.214	0.148	0.174	0.023	0.15	0.177	0.162	0.136	0.133	0.192	0.035	
Chromosome	4603866	G	C	0.168	0.12	0.082	0.239	0.2	0.266	0.163	0.283	0.178	0.25	0.175	0.228	0.107	0.13	0.182	0.155	0.091	0.207	0.197	0.201	0.211	0.17	0.235	0.206	0.139	0.144	0.155	0.132	0.126	0.182	0.199	0.164	0.17	0.114	0.182	0.209	0.211	0.195	0.264	0.279	0.181	0.208	0.282	0.212	0.221	0.216	0.226	0.208	0.192	0.195	0.241	0.275	0.203	0.161	0.17	0.216	0.201	0.258	0.211	0.222	0.107	0.291	0.22	0.184	0.202	0.201	0.23	0.204	0.229	
Chromosome	4619545	A	C	0.183	0.214	0.167	0.249	0.145	0.265	0.229	0.267	0.221	0.242	0.322	0.252	0.224	0.197	0.173	0.206	0.242	0.21	0.272	0.28	0.225	0.293	0.238	0.256	0.28	0.168	0.253	0.15	0.219	0.167	0.197	0.202	0.234	0.295	0.253	0.186	0.201	0.168	0.0	0.177	0.286	0.215	0.0	0.219	0.0	0.206	0.212	0.219	0.206	0.191	0.2	0.223	0.221	0.295	0.32	0.177	0.263	0.282	0.318	0.283	0.241	0.0	0.239	0.172	0.163	0.205	0.162	0.191	0.0	
Chromosome	4639740	A	C	0.103	0.175	0.169	0.171	0.077	0.239	0.208	0.314	0.24	0.254	0.246	0.234	0.164	0.141	0.153	0.286	0.268	0.217	0.248	0.173	0.263	0.284	0.177	0.169	0.267	0.132	0.132	0.111	0.145	0.113	0.12	0.108	0.23	0.218	0.254	0.157	0.125	0.111	0.014	0.189	0.18	0.19	0.005	0.218	0.0	0.219	0.233	0.132	0.125	0.115	0.232	0.265	0.212	0.268	0.262	0.243	0.363	0.214	0.16	0.251	0.202	0.005	0.134	0.124	0.127	0.149	0.122	0.122	0.006	
Chromosome	4676705	T	G	0.075	0.132	0.162	0.14	0.039	0.244	0.272	0.285	0.092	0.163	0.137	0.157	0.109	0.151	0.138	0.163	0.119	0.176	0.208	0.197	0.215	0.242	0.197	0.156	0.123	0.141	0.112	0.112	0.138	0.069	0.097	0.064	0.118	0.188	0.203	0.087	0.094	0.093	0.0	0.205	0.124	0.159	0.0	0.189	0.0	0.15	0.115	0.112	0.085	0.097	0.21	0.171	0.255	0.26	0.242	0.277	0.227	0.189	0.238	0.173	0.136	0.0	0.078	0.095	0.071	0.058	0.061	0.055	0.0	
Chromosome	4738601	T	G	0.179	0.142	0.163	0.234	0.07	0.196	0.211	0.261	0.184	0.199	0.215	0.208	0.181	0.141	0.131	0.231	0.247	0.348	0.21	0.277	0.194	0.268	0.255	0.246	0.207	0.138	0.145	0.158	0.209	0.157	0.132	0.082	0.258	0.21	0.297	0.152	0.193	0.133	0.0	0.202	0.177	0.219	0.011	0.212	0.0	0.188	0.241	0.133	0.138	0.187	0.25	0.208	0.254	0.261	0.229	0.239	0.279	0.229	0.2	0.233	0.288	0.0	0.134	0.163	0.163	0.193	0.164	0.15	0.006	
Chromosome	4738611	T	G	0.169	0.12	0.112	0.231	0.053	0.229	0.292	0.291	0.165	0.205	0.146	0.202	0.181	0.13	0.106	0.209	0.241	0.272	0.245	0.196	0.2	0.32	0.314	0.275	0.227	0.138	0.191	0.095	0.132	0.143	0.158	0.092	0.174	0.157	0.219	0.099	0.146	0.119	0.006	0.167	0.21	0.203	0.0	0.219	0.0	0.11	0.2	0.135	0.132	0.15	0.277	0.315	0.287	0.278	0.303	0.211	0.293	0.275	0.105	0.163	0.189	0.0	0.142	0.151	0.104	0.153	0.134	0.13	0.0	
Chromosome	4795816	T	.	0.0	0.0	0.0	0.0	0.0	0.0	0.0	0.0	0.0	0.0	0.0	0.0	0.0	0.0	0.0	0.0	0.0	0.0	0.0	0.0	0.0	0.0	0.0	0.0	0.0	0.0	0.0	0.0	0.0	0.0	0.0	0.0	0.0	0.0	0.0	0.0	0.0	0.0	0.0	0.0	0.0	0.0	0.0	0.0	0.0	0.0	0.0	0.0	0.0	0.0	0.0	0.0	0.0	0.0	0.0	0.0	0.0	0.0	0.0	0.0	0.0	0.0	0.0	0.0	0.0	0.0	0.0	0.0	0.0	
Chromosome	4821799	A	C	0.081	0.071	0.11	0.128	0.048	0.053	0.07	0.072	0.119	0.08	0.084	0.103	0.086	0.089	0.099	0.098	0.089	0.096	0.1	0.113	0.13	0.093	0.098	0.109	0.114	0.074	0.081	0.098	0.1	0.045	0.058	0.044	0.081	0.109	0.161	0.069	0.062	0.067	0.009	0.076	0.132	0.094	0.011	0.141	0.0	0.064	0.148	0.058	0.056	0.094	0.091	0.099	0.118	0.092	0.112	0.103	0.095	0.098	0.0	0.09	0.113	0.0	0.042	0.084	0.065	0.071	0.032	0.059	0.007	
Chromosome	4910340	A	C	0.158	0.117	0.123	0.133	0.098	0.189	0.195	0.207	0.127	0.177	0.157	0.167	0.15	0.091	0.099	0.109	0.147	0.182	0.169	0.174	0.241	0.2	0.199	0.206	0.176	0.122	0.111	0.103	0.117	0.09	0.111	0.126	0.155	0.127	0.175	0.125	0.132	0.126	0.011	0.193	0.183	0.197	0.017	0.203	0.011	0.113	0.155	0.145	0.138	0.113	0.118	0.176	0.219	0.191	0.167	0.23	0.168	0.2	0.175	0.153	0.132	0.006	0.156	0.12	0.1	0.141	0.124	0.123	0.009	
Chromosome	5046398	T	G	0.177	0.135	0.094	0.142	0.131	0.219	0.198	0.163	0.12	0.167	0.212	0.265	0.096	0.086	0.078	0.105	0.087	0.206	0.174	0.139	0.196	0.199	0.149	0.296	0.141	0.142	0.121	0.112	0.143	0.082	0.144	0.086	0.088	0.094	0.218	0.115	0.132	0.091	0.005	0.218	0.227	0.216	0.0	0.136	0.0	0.068	0.209	0.112	0.12	0.17	0.134	0.184	0.148	0.203	0.15	0.193	0.092	0.211	0.194	0.122	0.119	0.0	0.142	0.138	0.118	0.113	0.138	0.175	0.0	
Chromosome	5461789	T	G	0.108	0.278	0.179	0.232	0.107	0.359	0.451	0.46	0.412	0.349	0.333	0.346	0.225	0.197	0.174	0.5	0.404	0.315	0.39	0.494	0.459	0.457	0.602	0.455	0.442	0.239	0.237	0.217	0.231	0.174	0.22	0.145	0.316	0.327	0.353	0.17	0.168	0.167	0.0	0.33	0.357	0.409	0.008	0.326	0.006	0.263	0.33	0.181	0.164	0.215	0.327	0.487	0.46	0.532	0.438	0.352	0.44	0.413	0.6	0.472	0.342	0.011	0.163	0.144	0.082	0.118	0.137	0.175	0.01	
Chromosome	5461806	A	C	0.089	0.144	0.101	0.144	0.037	0.242	0.213	0.242	0.126	0.229	0.184	0.15	0.091	0.176	0.115	0.15	0.105	0.194	0.305	0.162	0.238	0.222	0.333	0.274	0.125	0.113	0.092	0.076	0.119	0.089	0.106	0.09	0.15	0.119	0.294	0.141	0.115	0.079	0.0	0.214	0.2	0.194	0.0	0.144	0.0	0.057	0.103	0.166	0.069	0.11	0.153	0.209	0.186	0.229	0.152	0.151	0.205	0.262	0.179	0.153	0.179	0.0	0.118	0.075	0.092	0.09	0.101	0.098	0.01	
Chromosome	5544857	G	A	0.0	0.096	0.0	0.0	0.0	0.0	0.0	0.0	0.0	0.0	0.015	0.0	0.0	0.0	0.0	0.0	0.0	0.0	0.0	0.0	0.0	0.0	0.0	0.0	0.0	0.0	0.0	0.0	0.0	0.0	0.0	0.0	0.0	0.0	0.0	0.0	0.0	0.0	0.004	0.0	0.0	0.005	0.0	0.0	0.005	0.0	0.0	0.0	0.0	0.0	0.0	0.0	0.0	0.0	0.0	0.0	0.006	0.0	0.0	0.0	0.0	0.0	0.0	0.0	0.0	0.0	0.0	0.0	0.0	
Chromosome	5580454	G	T	0.0	0.069	0.0	0.0	0.0	0.007	0.0	0.0	0.0	0.0	0.0	0.004	0.0	0.0	0.0	0.0	0.0	0.008	0.006	0.006	0.0	0.0	0.0	0.0	0.0	0.0	0.0	0.0	0.0	0.0	0.0	0.0	0.0	0.0	0.0	0.0	0.0	0.0	0.0	0.0	0.0	0.0	0.0	0.0	0.0	0.0	0.0	0.0	0.0	0.0	0.0	0.006	0.0	0.006	0.0	0.0	0.005	0.0	0.0	0.0	0.0	0.0	0.0	0.0	0.0	0.0	0.0	0.0	0.0	
Chromosome	5631185	T	G	0.232	0.368	0.349	0.238	0.21	0.281	0.261	0.269	0.421	0.264	0.265	0.239	0.316	0.266	0.286	0.274	0.297	0.224	0.264	0.229	0.232	0.288	0.267	0.249	0.347	0.261	0.309	0.285	0.313	0.215	0.234	0.33	0.243	0.316	0.168	0.213	0.261	0.19	0.094	0.239	0.335	0.306	0.049	0.268	0.045	0.289	0.244	0.238	0.272	0.239	0.342	0.339	0.239	0.336	0.285	0.278	0.244	0.301	0.338	0.306	0.337	0.064	0.287	0.289	0.225	0.271	0.222	0.239	0.086	
Chromosome	5693406	T	G	0.162	0.131	0.142	0.201	0.044	0.177	0.348	0.288	0.23	0.181	0.171	0.255	0.143	0.16	0.117	0.204	0.343	0.196	0.286	0.353	0.279	0.213	0.363	0.268	0.273	0.18	0.182	0.141	0.149	0.12	0.115	0.081	0.186	0.262	0.214	0.119	0.154	0.11	0.0	0.25	0.274	0.218	0.0	0.174	0.0	0.065	0.238	0.164	0.167	0.141	0.206	0.369	0.397	0.244	0.485	0.366	0.293	0.259	0.4	0.247	0.303	0.0	0.162	0.132	0.16	0.18	0.12	0.134	0.0	
Chromosome	5693409	C	G	0.205	0.239	0.248	0.322	0.115	0.458	0.42	0.361	0.413	0.286	0.275	0.295	0.238	0.159	0.164	0.525	0.508	0.348	0.316	0.427	0.388	0.347	0.42	0.432	0.374	0.217	0.246	0.267	0.244	0.248	0.23	0.26	0.37	0.408	0.339	0.245	0.208	0.2	0.0	0.291	0.274	0.224	0.0	0.196	0.0	0.21	0.281	0.193	0.258	0.211	0.348	0.524	0.549	0.461	0.455	0.434	0.378	0.37	0.629	0.437	0.394	0.0	0.242	0.238	0.229	0.243	0.225	0.17	0.0	
Chromosome	5693413	GATCTCC	G	0.026	0.232	0.223	0.0	0.138	0.034	0.0	0.0	0.258	0.0	0.007	0.01	0.268	0.218	0.2	0.233	0.215	0.0	0.0	0.011	0.0	0.014	0.011	0.014	0.225	0.277	0.223	0.28	0.234	0.017	0.01	0.241	0.289	0.227	0.009	0.01	0.011	0.02	0.005	0.0	0.0	0.017	0.006	0.0	0.006	0.231	0.029	0.005	0.019	0.003	0.015	0.0	0.027	0.011	0.016	0.0	0.037	0.019	0.333	0.198	0.267	0.012	0.006	0.024	0.004	0.026	0.018	0.014	0.0	
Chromosome	5729917	A	T	0.007	0.049	0.005	0.004	0.047	0.009	0.0	0.0	0.0	0.005	0.0	0.0	0.049	0.005	0.009	0.032	0.037	0.025	0.007	0.02	0.0	0.0	0.0	0.03	0.0	0.039	0.013	0.018	0.015	0.0	0.0	0.0	0.021	0.025	0.005	0.0	0.005	0.0	0.0	0.0	0.0	0.0	0.006	0.0	0.0	0.0	0.0	0.01	0.0	0.002	0.0	0.008	0.0	0.0	0.0	0.0	0.0	0.007	0.0	0.011	0.033	0.0	0.006	0.0	0.007	0.007	0.003	0.0	0.0	
Chromosome	5753565	A	C	0.003	0.051	0.026	0.023	0.023	0.092	0.054	0.05	0.026	0.029	0.044	0.047	0.016	0.006	0.018	0.081	0.071	0.029	0.038	0.036	0.04	0.041	0.015	0.021	0.043	0.014	0.026	0.042	0.036	0.012	0.0	0.012	0.032	0.027	0.033	0.023	0.014	0.013	0.0	0.021	0.025	0.016	0.0	0.051	0.0	0.014	0.022	0.013	0.014	0.019	0.068	0.021	0.068	0.054	0.069	0.066	0.077	0.06	0.071	0.0	0.01	0.006	0.01	0.019	0.006	0.007	0.013	0.016	0.0	
Chromosome	5812482	A	C	0.256	0.432	0.308	0.394	0.248	0.364	0.286	0.176	0.433	0.274	0.256	0.256	0.232	0.276	0.298	0.516	0.469	0.357	0.236	0.3	0.447	0.264	0.375	0.394	0.43	0.339	0.29	0.267	0.379	0.224	0.271	0.217	0.482	0.423	0.312	0.243	0.243	0.247	0.006	0.34	0.26	0.306	0.036	0.263	0.006	0.41	0.374	0.302	0.23	0.234	0.362	0.365	0.422	0.321	0.273	0.357	0.362	0.512	0.263	0.417	0.381	0.0	0.25	0.252	0.225	0.266	0.202	0.209	0.007	
Chromosome	6067107	A	C	0.003	0.047	0.0	0.0	0.0	0.0	0.0	0.0	0.0	0.0	0.009	0.0	0.0	0.0	0.0	0.0	0.0	0.0	0.006	0.0	0.0	0.0	0.0	0.0	0.0	0.0	0.0	0.0	0.0	0.003	0.0	0.0	0.0	0.0	0.0	0.003	0.0	0.0	0.0	0.0	0.0	0.0	0.006	0.005	0.006	0.0	0.0	0.0	0.0	0.0	0.0	0.0	0.006	0.0	0.0	0.0	0.0	0.0	0.0	0.006	0.0	0.0	0.0	0.003	0.0	0.0	0.0	0.0	0.0	
Chromosome	6116227	A	C	0.029	0.094	0.041	0.037	0.045	0.021	0.039	0.013	0.051	0.053	0.043	0.036	0.074	0.053	0.022	0.079	0.059	0.021	0.031	0.028	0.03	0.061	0.006	0.066	0.048	0.079	0.067	0.046	0.048	0.026	0.025	0.054	0.053	0.048	0.042	0.025	0.027	0.031	0.0	0.039	0.032	0.062	0.0	0.035	0.0	0.068	0.037	0.037	0.048	0.029	0.031	0.013	0.057	0.03	0.038	0.038	0.019	0.024	0.0	0.041	0.042	0.0	0.024	0.039	0.015	0.015	0.022	0.023	0.011	
Chromosome	6336520	T	G	0.244	0.368	0.343	0.331	0.276	0.378	0.288	0.297	0.35	0.317	0.281	0.321	0.312	0.4	0.35	0.315	0.571	0.4	0.316	0.278	0.293	0.39	0.352	0.407	0.392	0.328	0.381	0.292	0.258	0.246	0.307	0.324	0.34	0.286	0.416	0.335	0.325	0.268	0.005	0.323	0.296	0.347	0.013	0.339	0.017	0.256	0.409	0.246	0.397	0.282	0.415	0.356	0.308	0.3	0.413	0.348	0.358	0.269	0.643	0.367	0.391	0.005	0.317	0.296	0.269	0.288	0.281	0.346	0.0	
Chromosome	6336521	T	G	0.181	0.159	0.218	0.28	0.079	0.4	0.324	0.333	0.11	0.215	0.358	0.268	0.239	0.138	0.165	0.422	0.406	0.382	0.258	0.444	0.333	0.41	0.516	0.454	0.298	0.185	0.213	0.183	0.18	0.163	0.172	0.098	0.188	0.174	0.376	0.21	0.201	0.226	0.01	0.25	0.362	0.273	0.0	0.301	0.0	0.139	0.28	0.222	0.211	0.17	0.47	0.444	0.484	0.412	0.41	0.379	0.463	0.275	0.273	0.267	0.209	0.015	0.185	0.2	0.176	0.243	0.172	0.186	0.0	
Chromosome	6336525	T	G	0.174	0.194	0.179	0.174	0.168	0.2	0.203	0.231	0.182	0.28	0.198	0.217	0.129	0.182	0.165	0.125	0.19	0.263	0.296	0.276	0.293	0.256	0.293	0.248	0.106	0.113	0.113	0.085	0.106	0.168	0.202	0.067	0.132	0.154	0.233	0.206	0.212	0.163	0.005	0.228	0.264	0.297	0.0	0.254	0.0	0.074	0.292	0.139	0.21	0.222	0.348	0.145	0.299	0.225	0.312	0.273	0.214	0.227	0.125	0.167	0.103	0.0	0.251	0.186	0.166	0.148	0.194	0.139	0.0	
Chromosome	6336530	A	C	0.311	0.267	0.331	0.395	0.194	0.423	0.479	0.549	0.364	0.373	0.504	0.319	0.339	0.379	0.409	0.457	0.65	0.426	0.444	0.552	0.448	0.57	0.522	0.415	0.514	0.338	0.433	0.349	0.387	0.218	0.247	0.255	0.371	0.433	0.492	0.307	0.271	0.27	0.0	0.387	0.421	0.424	0.006	0.408	0.0	0.385	0.372	0.288	0.293	0.241	0.548	0.438	0.586	0.506	0.373	0.5	0.523	0.534	0.667	0.585	0.403	0.0	0.255	0.285	0.199	0.258	0.247	0.301	0.0	
Chromosome	6497017	G	GGCGTGGC	0.365	0.196	0.144	0.222	0.309	0.129	0.183	0.186	0.023	0.287	0.343	0.244	0.111	0.1	0.197	0.07	0.062	0.149	0.118	0.188	0.18	0.222	0.136	0.178	0.018	0.137	0.114	0.11	0.091	0.386	0.305	0.073	0.037	0.057	0.193	0.386	0.338	0.359	0.218	0.333	0.256	0.313	0.186	0.299	0.226	0.062	0.309	0.358	0.382	0.356	0.231	0.061	0.216	0.128	0.197	0.107	0.062	0.182	0.057	0.045	0.097	0.2	0.343	0.312	0.372	0.422	0.4	0.33	0.199	
Chromosome	6497034	G	GCGC	0.077	0.054	0.045	0.103	0.017	0.113	0.121	0.197	0.095	0.149	0.155	0.042	0.029	0.092	0.063	0.071	0.079	0.156	0.079	0.083	0.103	0.164	0.163	0.124	0.089	0.052	0.046	0.091	0.046	0.039	0.12	0.022	0.097	0.035	0.148	0.104	0.043	0.05	0.023	0.104	0.073	0.059	0.025	0.083	0.031	0.03	0.044	0.118	0.077	0.083	0.125	0.145	0.062	0.102	0.187	0.123	0.154	0.115	0.028	0.147	0.052	0.036	0.076	0.078	0.082	0.066	0.07	0.06	0.041	
Chromosome	6687516	C	G	0.122	0.224	0.189	0.174	0.094	0.203	0.172	0.16	0.435	0.179	0.184	0.199	0.247	0.231	0.15	0.415	0.488	0.211	0.25	0.325	0.234	0.275	0.271	0.211	0.392	0.191	0.206	0.23	0.189	0.061	0.075	0.163	0.385	0.349	0.193	0.144	0.091	0.084	0.0	0.184	0.171	0.158	0.0	0.121	0.0	0.253	0.158	0.102	0.113	0.102	0.269	0.315	0.235	0.258	0.314	0.139	0.281	0.229	0.558	0.367	0.383	0.0	0.093	0.099	0.071	0.119	0.094	0.076	0.0	
Chromosome	6687520	G	C	0.231	0.26	0.209	0.269	0.181	0.286	0.258	0.238	0.504	0.228	0.278	0.223	0.262	0.184	0.259	0.375	0.453	0.136	0.263	0.313	0.274	0.2	0.336	0.32	0.56	0.257	0.238	0.232	0.234	0.146	0.214	0.237	0.311	0.413	0.242	0.215	0.192	0.161	0.0	0.261	0.207	0.242	0.0	0.238	0.0	0.381	0.302	0.226	0.212	0.181	0.346	0.383	0.324	0.371	0.393	0.171	0.36	0.302	0.441	0.5	0.411	0.005	0.221	0.206	0.159	0.216	0.177	0.223	0.005	
Chromosome	6687524	T	G	0.332	0.318	0.204	0.328	0.115	0.434	0.459	0.475	0.46	0.342	0.451	0.34	0.288	0.226	0.232	0.425	0.429	0.333	0.458	0.512	0.505	0.57	0.53	0.45	0.446	0.277	0.215	0.257	0.276	0.27	0.319	0.195	0.291	0.372	0.348	0.285	0.314	0.265	0.0	0.447	0.368	0.432	0.0	0.394	0.012	0.245	0.444	0.299	0.311	0.257	0.525	0.611	0.5	0.592	0.5	0.578	0.471	0.426	0.429	0.311	0.333	0.004	0.296	0.303	0.247	0.289	0.293	0.267	0.005	
Chromosome	6687534	G	C	0.133	0.211	0.168	0.19	0.108	0.237	0.316	0.244	0.351	0.147	0.223	0.186	0.228	0.228	0.236	0.429	0.451	0.233	0.337	0.211	0.293	0.276	0.233	0.215	0.436	0.18	0.23	0.177	0.179	0.13	0.172	0.205	0.362	0.419	0.246	0.142	0.13	0.161	0.0	0.233	0.21	0.214	0.0	0.238	0.0	0.291	0.185	0.125	0.16	0.165	0.221	0.204	0.312	0.252	0.179	0.247	0.269	0.253	0.392	0.435	0.324	0.004	0.161	0.182	0.155	0.12	0.163	0.191	0.0	
Chromosome	6689708	G	C	0.153	0.231	0.239	0.177	0.128	0.22	0.274	0.263	0.257	0.22	0.203	0.291	0.27	0.201	0.179	0.297	0.295	0.247	0.271	0.239	0.283	0.271	0.227	0.212	0.295	0.211	0.251	0.222	0.187	0.188	0.138	0.157	0.319	0.322	0.268	0.188	0.169	0.151	0.0	0.184	0.216	0.185	0.005	0.311	0.005	0.183	0.246	0.205	0.16	0.187	0.225	0.274	0.266	0.259	0.246	0.191	0.193	0.235	0.375	0.313	0.265	0.0	0.154	0.19	0.164	0.196	0.143	0.183	0.0	
Chromosome	6689709	A	C	0.17	0.261	0.243	0.218	0.117	0.236	0.26	0.272	0.328	0.265	0.239	0.282	0.303	0.246	0.215	0.327	0.351	0.283	0.286	0.292	0.307	0.307	0.265	0.297	0.298	0.251	0.257	0.265	0.2	0.216	0.153	0.217	0.341	0.382	0.294	0.234	0.219	0.222	0.009	0.214	0.252	0.259	0.005	0.341	0.01	0.217	0.247	0.216	0.186	0.185	0.248	0.32	0.288	0.248	0.261	0.234	0.252	0.263	0.431	0.373	0.317	0.008	0.193	0.261	0.21	0.214	0.187	0.197	0.0	
Chromosome	6869289	T	G	0.16	0.111	0.114	0.207	0.08	0.201	0.159	0.192	0.123	0.185	0.232	0.236	0.115	0.135	0.133	0.136	0.137	0.143	0.227	0.258	0.224	0.19	0.246	0.192	0.199	0.118	0.08	0.133	0.132	0.196	0.178	0.126	0.144	0.107	0.201	0.168	0.158	0.208	0.0	0.235	0.195	0.21	0.0	0.265	0.009	0.096	0.223	0.141	0.135	0.18	0.194	0.211	0.192	0.223	0.245	0.165	0.226	0.279	0.25	0.191	0.14	0.0	0.183	0.155	0.206	0.147	0.142	0.172	0.0	
Chromosome	6913446	T	G	0.158	0.158	0.145	0.154	0.117	0.162	0.122	0.196	0.15	0.167	0.142	0.164	0.122	0.108	0.139	0.112	0.121	0.151	0.16	0.159	0.201	0.175	0.225	0.139	0.122	0.154	0.139	0.151	0.138	0.186	0.143	0.159	0.161	0.16	0.191	0.175	0.162	0.237	0.005	0.154	0.189	0.178	0.005	0.209	0.0	0.089	0.201	0.128	0.146	0.146	0.113	0.233	0.25	0.175	0.205	0.175	0.207	0.275	0.016	0.125	0.145	0.0	0.175	0.186	0.198	0.235	0.183	0.19	0.005	
Chromosome	6923330	T	G	0.29	0.294	0.36	0.352	0.253	0.352	0.347	0.411	0.365	0.397	0.421	0.319	0.333	0.374	0.324	0.472	0.587	0.472	0.467	0.396	0.397	0.383	0.427	0.39	0.423	0.307	0.372	0.351	0.382	0.258	0.264	0.271	0.46	0.412	0.466	0.31	0.292	0.261	0.0	0.392	0.372	0.322	0.0	0.42	0.006	0.265	0.283	0.261	0.294	0.261	0.339	0.411	0.474	0.417	0.493	0.376	0.471	0.507	0.588	0.413	0.437	0.0	0.261	0.3	0.279	0.236	0.273	0.232	0.014	
Chromosome	6966376	T	G	0.285	0.354	0.511	0.393	0.341	0.413	0.413	0.413	0.54	0.416	0.309	0.425	0.448	0.357	0.442	0.483	0.545	0.41	0.383	0.276	0.327	0.306	0.373	0.401	0.476	0.483	0.439	0.405	0.444	0.352	0.329	0.396	0.5	0.486	0.379	0.346	0.312	0.312	0.0	0.355	0.342	0.365	0.0	0.273	0.0	0.41	0.392	0.327	0.396	0.323	0.394	0.346	0.365	0.368	0.378	0.429	0.364	0.301	0.308	0.398	0.47	0.0	0.304	0.335	0.345	0.324	0.346	0.338	0.0	
Chromosome	6966383	C	G	0.257	0.225	0.284	0.305	0.104	0.4	0.368	0.397	0.305	0.282	0.254	0.37	0.169	0.231	0.184	0.279	0.354	0.265	0.365	0.284	0.296	0.264	0.286	0.355	0.183	0.257	0.238	0.28	0.194	0.251	0.245	0.236	0.313	0.282	0.292	0.29	0.234	0.24	0.0	0.281	0.318	0.339	0.012	0.225	0.005	0.145	0.288	0.278	0.281	0.242	0.326	0.316	0.337	0.287	0.337	0.321	0.352	0.235	0.111	0.169	0.205	0.005	0.26	0.271	0.258	0.255	0.249	0.258	0.008	
Chromosome	6966385	A	G	0.171	0.119	0.114	0.213	0.082	0.229	0.235	0.171	0.102	0.242	0.211	0.343	0.122	0.072	0.139	0.085	0.111	0.241	0.261	0.202	0.146	0.164	0.19	0.225	0.059	0.058	0.11	0.103	0.099	0.134	0.144	0.033	0.135	0.095	0.241	0.236	0.173	0.179	0.006	0.267	0.259	0.254	0.0	0.183	0.01	0.038	0.177	0.155	0.236	0.154	0.223	0.229	0.229	0.19	0.237	0.212	0.254	0.172	0.059	0.065	0.1	0.011	0.155	0.2	0.157	0.164	0.192	0.17	0.008	
Chromosome	6966410	A	C	0.172	0.393	0.406	0.351	0.219	0.337	0.389	0.365	0.436	0.36	0.241	0.359	0.336	0.325	0.389	0.48	0.479	0.284	0.419	0.375	0.337	0.34	0.495	0.331	0.413	0.365	0.331	0.378	0.375	0.263	0.27	0.323	0.444	0.432	0.343	0.307	0.257	0.241	0.0	0.362	0.313	0.301	0.0	0.333	0.0	0.261	0.333	0.294	0.248	0.229	0.333	0.528	0.369	0.359	0.455	0.477	0.427	0.417	0.476	0.316	0.481	0.006	0.227	0.275	0.201	0.195	0.199	0.255	0.0	
