chromosome	pos	ref	mut	APAW	RIFC	RIFA	RIFB	Ana1	BedA	BedB	BedC	BedD	CipA	CipB	CipC	CLFA	CLFB	CLFC	CombA2	CombA3	CombA	CombAu1	CombAu3	CombAu5	CombB	CombC	CycloA	CycloB	CycloC	EMBA	EMBB	EMBC	INH1	INH2	INHA	LzdA	LzdB	LzdC	M91	M92	M9B	MA_F1	MA_F2	MA_F3	MA_H1	MA_H2	MA_H3	MA_S1	MA_S2	MA_S3	MMCA	MMCB	MMCC	MockA	MockB	MockC	MockD	MockE	MockF	MockG	MockH	MockI	MockJ	MockK	MockL	NANOA	NANOB	NANOC	UV1	UV2	UV3	WT_Msm
Chromosome	35052	T	A	0.163	0.244	0.125	0.073	0.091	0.242	0.257	0.277	0.177	0.232	0.177	0.209	0.115	0.113	0.073	0.151	0.184	0.247	0.289	0.267	0.205	0.29	0.208	0.368	0.175	0.083	0.108	0.181	0.104	0.218	0.185	0.139	0.147	0.169	0.329	0.221	0.211	0.163	0.0	0.26	0.183	0.219	0.0	0.192	0.0	0.12	0.241	0.185	0.197	0.212	0.289	0.279	0.258	0.315	0.289	0.326	0.392	0.299	0.25	0.2	0.169	0.0	0.206	0.186	0.142	0.153	0.224	0.168	0.0	
Chromosome	64992	T	G	0.148	0.22	0.23	0.221	0.15	0.294	0.305	0.25	0.251	0.171	0.238	0.23	0.174	0.157	0.208	0.27	0.26	0.276	0.337	0.376	0.369	0.325	0.306	0.257	0.188	0.17	0.184	0.168	0.178	0.136	0.128	0.12	0.298	0.246	0.302	0.176	0.125	0.14	0.028	0.22	0.283	0.287	0.022	0.29	0.015	0.195	0.228	0.193	0.177	0.154	0.349	0.34	0.421	0.366	0.394	0.373	0.364	0.368	0.222	0.261	0.27	0.006	0.189	0.15	0.113	0.121	0.148	0.162	0.067	
Chromosome	788001	A	C	0.258	0.268	0.142	0.157	0.136	0.252	0.202	0.325	0.092	0.229	0.282	0.281	0.195	0.235	0.206	0.113	0.154	0.267	0.263	0.231	0.264	0.222	0.145	0.264	0.057	0.196	0.176	0.258	0.222	0.25	0.234	0.195	0.131	0.113	0.288	0.253	0.249	0.193	0.005	0.275	0.309	0.269	0.008	0.266	0.0	0.16	0.243	0.263	0.269	0.268	0.238	0.21	0.25	0.28	0.206	0.255	0.148	0.183	0.024	0.072	0.098	0.005	0.244	0.241	0.231	0.263	0.257	0.277	0.007	
Chromosome	788006	G	C	0.255	0.227	0.102	0.133	0.131	0.239	0.193	0.283	0.084	0.219	0.282	0.279	0.144	0.214	0.125	0.103	0.152	0.224	0.245	0.219	0.22	0.217	0.148	0.218	0.057	0.155	0.157	0.209	0.175	0.274	0.255	0.166	0.096	0.089	0.29	0.285	0.25	0.238	0.0	0.291	0.295	0.259	0.008	0.247	0.0	0.146	0.234	0.261	0.292	0.317	0.24	0.203	0.218	0.27	0.207	0.239	0.135	0.177	0.0	0.035	0.068	0.005	0.25	0.262	0.258	0.277	0.263	0.306	0.0	
Chromosome	788007	A	C	0.178	0.199	0.073	0.073	0.058	0.162	0.164	0.248	0.047	0.163	0.17	0.256	0.085	0.102	0.075	0.063	0.071	0.162	0.227	0.193	0.182	0.178	0.141	0.185	0.032	0.076	0.089	0.104	0.099	0.174	0.183	0.047	0.058	0.025	0.245	0.19	0.187	0.125	0.0	0.235	0.232	0.204	0.016	0.2	0.0	0.033	0.137	0.165	0.193	0.168	0.216	0.174	0.192	0.23	0.165	0.232	0.127	0.162	0.0	0.021	0.033	0.0	0.182	0.182	0.146	0.187	0.169	0.207	0.0	
Chromosome	823194	A	G	0.0	0.23	0.004	0.0	0.0	0.0	0.0	0.0	0.0	0.005	0.0	0.0	0.0	0.0	0.0	0.0	0.0	0.0	0.0	0.006	0.0	0.0	0.0	0.0	0.0	0.0	0.0	0.0	0.0	0.0	0.0	0.0	0.0	0.0	0.0	0.0	0.0	0.0	0.0	0.0	0.0	0.0	0.0	0.0	0.0	0.004	0.0	0.0	0.0	0.0	0.0	0.0	0.0	0.0	0.0	0.0	0.0	0.0	0.0	0.0	0.0	0.0	0.0	0.0	0.0	0.0	0.0	0.0	0.0	
Chromosome	916142	T	G	0.084	0.139	0.095	0.101	0.085	0.095	0.058	0.101	0.086	0.078	0.111	0.144	0.099	0.09	0.062	0.131	0.174	0.101	0.107	0.048	0.043	0.096	0.099	0.085	0.121	0.072	0.097	0.062	0.087	0.092	0.086	0.073	0.116	0.076	0.054	0.078	0.096	0.122	0.0	0.098	0.131	0.101	0.011	0.118	0.005	0.098	0.128	0.076	0.068	0.083	0.09	0.092	0.088	0.076	0.089	0.145	0.104	0.05	0.098	0.096	0.094	0.005	0.077	0.046	0.055	0.073	0.057	0.059	0.0	
Chromosome	1048434	A	C	0.168	0.25	0.055	0.073	0.047	0.252	0.234	0.24	0.096	0.268	0.175	0.27	0.055	0.083	0.052	0.049	0.06	0.193	0.193	0.186	0.296	0.319	0.252	0.207	0.141	0.076	0.078	0.084	0.081	0.147	0.176	0.04	0.058	0.114	0.184	0.14	0.124	0.143	0.005	0.153	0.211	0.202	0.0	0.15	0.006	0.13	0.172	0.116	0.161	0.138	0.191	0.317	0.288	0.227	0.22	0.196	0.203	0.277	0.067	0.06	0.063	0.0	0.152	0.152	0.139	0.15	0.151	0.141	0.0	
Chromosome	1294847	A	AGG	0.0	0.027	0.0	0.0	0.0	0.0	0.0	0.0	0.0	0.0	0.0	0.0	0.0	0.0	0.0	0.0	0.0	0.0	0.0	0.0	0.0	0.0	0.0	0.0	0.0	0.0	0.0	0.0	0.0	0.0	0.0	0.0	0.0	0.0	0.0	0.0	0.0	0.0	0.0	0.0	0.0	0.0	0.0	0.0	0.0	0.0	0.0	0.0	0.0	0.0	0.0	0.0	0.0	0.0	0.0	0.0	0.0	0.0	0.0	0.0	0.0	0.0	0.0	0.0	0.0	0.0	0.0	0.0	0.0	
Chromosome	1385245	A	C	0.089	0.174	0.197	0.17	0.083	0.153	0.126	0.137	0.108	0.179	0.161	0.137	0.184	0.178	0.179	0.172	0.167	0.203	0.158	0.089	0.115	0.1	0.134	0.105	0.096	0.155	0.121	0.189	0.165	0.103	0.121	0.082	0.158	0.167	0.164	0.091	0.126	0.105	0.006	0.14	0.172	0.144	0.012	0.157	0.0	0.124	0.121	0.125	0.124	0.099	0.154	0.137	0.14	0.131	0.114	0.135	0.198	0.075	0.186	0.132	0.158	0.0	0.117	0.139	0.103	0.1	0.09	0.115	0.007	
Chromosome	1498111	C	T	0.0	0.19	0.231	0.131	0.0	0.0	0.0	0.0	0.0	0.0	0.0	0.0	0.0	0.0	0.0	0.0	0.0	0.0	0.006	0.0	0.0	0.0	0.0	0.0	0.0	0.0	0.0	0.0	0.0	0.0	0.0	0.0	0.0	0.0	0.005	0.0	0.0	0.0	0.0	0.0	0.0	0.0	0.0	0.0	0.0	0.0	0.0	0.0	0.004	0.0	0.0	0.0	0.0	0.0	0.0	0.0	0.0	0.0	0.0	0.0	0.004	0.0	0.0	0.0	0.0	0.0	0.0	0.0	0.0	
Chromosome	1613678	T	A	0.133	0.184	0.066	0.119	0.059	0.108	0.206	0.156	0.108	0.102	0.121	0.096	0.118	0.094	0.098	0.098	0.152	0.17	0.135	0.202	0.208	0.168	0.146	0.202	0.088	0.081	0.094	0.065	0.087	0.12	0.121	0.148	0.083	0.114	0.202	0.142	0.113	0.1	0.0	0.118	0.108	0.171	0.0	0.087	0.0	0.071	0.106	0.133	0.111	0.164	0.187	0.161	0.212	0.147	0.149	0.145	0.168	0.179	0.143	0.094	0.12	0.0	0.123	0.1	0.119	0.136	0.15	0.142	0.0	
Chromosome	1996774	T	G	0.074	0.163	0.118	0.102	0.101	0.077	0.08	0.13	0.094	0.152	0.121	0.109	0.089	0.105	0.111	0.094	0.041	0.126	0.117	0.118	0.079	0.111	0.108	0.135	0.066	0.089	0.117	0.106	0.107	0.115	0.101	0.065	0.099	0.063	0.138	0.123	0.103	0.074	0.01	0.128	0.165	0.136	0.011	0.164	0.006	0.046	0.157	0.114	0.084	0.073	0.087	0.096	0.085	0.144	0.081	0.128	0.065	0.108	0.0	0.068	0.101	0.0	0.095	0.107	0.098	0.101	0.08	0.097	0.025	
Chromosome	2195100	T	G	0.089	0.204	0.158	0.131	0.085	0.124	0.186	0.12	0.178	0.192	0.205	0.162	0.186	0.129	0.143	0.174	0.151	0.198	0.141	0.22	0.198	0.168	0.155	0.199	0.129	0.151	0.145	0.137	0.179	0.112	0.094	0.09	0.15	0.143	0.184	0.114	0.142	0.121	0.0	0.156	0.119	0.225	0.0	0.156	0.005	0.149	0.074	0.142	0.103	0.093	0.132	0.184	0.188	0.225	0.17	0.144	0.201	0.16	0.14	0.164	0.128	0.0	0.119	0.12	0.141	0.109	0.116	0.088	0.007	
Chromosome	2224338	G	GGCGTGACGAGGTCAGATGCCGACCAGA	0.512	0.687	0.479	0.5	0.4	0.529	0.452	0.526	0.458	0.51	0.468	0.391	0.508	0.377	0.481	0.48	0.556	0.667	0.582	0.439	0.484	0.55	0.614	0.562	0.453	0.455	0.581	0.577	0.597	0.517	0.567	0.456	0.634	0.483	0.611	0.543	0.571	0.532	0.364	0.571	0.442	0.538	0.204	0.56	0.417	0.537	0.571	0.488	0.536	0.495	0.519	0.613	0.545	0.533	0.591	0.5	0.474	0.744	0.562	0.538	0.5	0.354	0.504	0.531	0.582	0.553	0.574	0.447	0.333	
Chromosome	2429865	C	CG	0.043	0.327	0.436	0.525	0.012	0.007	0.0	0.212	0.018	0.004	0.011	0.011	0.004	0.005	0.0	0.011	0.006	0.0	0.0	0.006	0.0	0.013	0.0	0.255	0.546	0.648	0.004	0.004	0.02	0.01	0.01	0.007	0.01	0.299	0.0	0.013	0.299	0.008	0.0	0.009	0.0	0.005	0.006	0.0	0.006	0.02	0.017	0.01	0.018	0.013	0.024	0.019	0.014	0.159	0.02	0.008	0.005	0.088	0.0	0.015	0.186	0.005	0.009	0.002	0.007	0.212	0.009	0.012	0.0	
Chromosome	2535877	A	C	0.222	0.285	0.2	0.169	0.173	0.277	0.285	0.286	0.144	0.218	0.278	0.296	0.243	0.212	0.198	0.248	0.184	0.33	0.267	0.24	0.269	0.326	0.261	0.25	0.194	0.225	0.208	0.218	0.197	0.186	0.213	0.147	0.201	0.172	0.277	0.22	0.187	0.257	0.012	0.304	0.218	0.281	0.007	0.212	0.0	0.178	0.251	0.216	0.18	0.224	0.287	0.268	0.225	0.293	0.24	0.297	0.299	0.239	0.185	0.215	0.191	0.0	0.238	0.256	0.264	0.178	0.182	0.202	0.0	
Chromosome	2579189	A	C	0.173	0.234	0.154	0.254	0.134	0.268	0.276	0.242	0.322	0.271	0.222	0.31	0.219	0.219	0.213	0.261	0.246	0.282	0.237	0.297	0.183	0.206	0.319	0.253	0.25	0.187	0.23	0.232	0.224	0.248	0.226	0.202	0.275	0.243	0.239	0.21	0.225	0.223	0.006	0.273	0.263	0.274	0.0	0.395	0.0	0.226	0.303	0.277	0.259	0.226	0.283	0.34	0.287	0.219	0.263	0.281	0.333	0.308	0.238	0.256	0.256	0.0	0.225	0.219	0.226	0.26	0.238	0.244	0.013	
Chromosome	2813600	A	G	0.0	0.212	0.0	0.273	0.0	0.0	0.0	0.0	0.0	0.0	0.0	0.0	0.0	0.0	0.0	0.0	0.0	0.0	0.0	0.0	0.0	0.007	0.0	0.0	0.0	0.0	0.0	0.0	0.0	0.0	0.0	0.0	0.0	0.0	0.0	0.0	0.0	0.0	0.0	0.0	0.0	0.0	0.0	0.0	0.005	0.0	0.0	0.0	0.0	0.002	0.0	0.0	0.0	0.0	0.0	0.007	0.0	0.0	0.0	0.0	0.0	0.0	0.002	0.0	0.0	0.0	0.0	0.0	0.0	
Chromosome	2846235	T	A	0.13	0.224	0.045	0.096	0.089	0.183	0.261	0.227	0.112	0.198	0.11	0.208	0.085	0.089	0.058	0.091	0.129	0.243	0.224	0.197	0.262	0.21	0.17	0.245	0.108	0.062	0.063	0.059	0.077	0.121	0.145	0.064	0.109	0.069	0.242	0.169	0.13	0.114	0.0	0.198	0.144	0.16	0.0	0.201	0.005	0.109	0.133	0.152	0.18	0.147	0.131	0.198	0.211	0.209	0.279	0.175	0.232	0.199	0.051	0.136	0.093	0.0	0.145	0.119	0.138	0.179	0.137	0.13	0.0	
Chromosome	3015770	T	G	0.072	0.084	0.064	0.034	0.0	0.184	0.168	0.151	0.087	0.109	0.135	0.078	0.051	0.086	0.042	0.092	0.086	0.171	0.192	0.122	0.135	0.167	0.125	0.062	0.057	0.058	0.032	0.024	0.032	0.034	0.056	0.045	0.074	0.059	0.135	0.081	0.088	0.086	0.012	0.109	0.083	0.116	0.0	0.136	0.0	0.079	0.095	0.059	0.076	0.063	0.155	0.117	0.168	0.133	0.171	0.107	0.212	0.111	0.14	0.027	0.093	0.0	0.099	0.078	0.06	0.047	0.068	0.072	0.0	
Chromosome	3030967	A	C	0.347	0.368	0.407	0.389	0.255	0.5	0.368	0.451	0.587	0.396	0.345	0.489	0.437	0.421	0.388	0.566	0.676	0.512	0.409	0.514	0.563	0.43	0.37	0.488	0.567	0.506	0.368	0.451	0.35	0.307	0.314	0.456	0.586	0.61	0.54	0.34	0.377	0.383	0.0	0.375	0.446	0.483	0.007	0.438	0.0	0.456	0.394	0.337	0.331	0.378	0.623	0.525	0.565	0.522	0.614	0.5	0.455	0.6	0.634	0.724	0.594	0.0	0.359	0.361	0.402	0.286	0.403	0.299	0.0	
Chromosome	3777630	T	G	0.182	0.196	0.161	0.252	0.163	0.227	0.304	0.34	0.231	0.305	0.299	0.26	0.225	0.299	0.214	0.366	0.344	0.338	0.275	0.308	0.26	0.316	0.314	0.263	0.302	0.192	0.223	0.204	0.2	0.164	0.176	0.149	0.194	0.224	0.254	0.145	0.216	0.158	0.0	0.301	0.251	0.22	0.007	0.331	0.0	0.255	0.244	0.182	0.133	0.184	0.213	0.27	0.277	0.305	0.24	0.355	0.257	0.267	0.411	0.275	0.349	0.0	0.175	0.212	0.227	0.217	0.176	0.188	0.0	
Chromosome	3847886	T	A	0.206	0.27	0.169	0.238	0.167	0.214	0.246	0.165	0.36	0.279	0.2	0.241	0.186	0.171	0.147	0.297	0.26	0.225	0.3	0.203	0.205	0.235	0.234	0.259	0.333	0.253	0.227	0.134	0.206	0.159	0.258	0.204	0.267	0.251	0.258	0.24	0.2	0.207	0.0	0.243	0.263	0.259	0.0	0.274	0.0	0.238	0.245	0.229	0.269	0.219	0.236	0.183	0.256	0.22	0.195	0.187	0.223	0.237	0.408	0.286	0.291	0.0	0.274	0.253	0.219	0.242	0.245	0.224	0.0	
Chromosome	4028636	G	C	0.279	0.314	0.279	0.317	0.3	0.337	0.26	0.358	0.423	0.302	0.41	0.268	0.354	0.34	0.379	0.403	0.396	0.186	0.377	0.333	0.231	0.31	0.363	0.345	0.397	0.33	0.393	0.339	0.353	0.376	0.345	0.346	0.427	0.389	0.371	0.347	0.374	0.317	0.005	0.328	0.386	0.311	0.0	0.41	0.0	0.431	0.335	0.384	0.371	0.322	0.412	0.315	0.304	0.327	0.374	0.347	0.333	0.364	0.426	0.414	0.393	0.0	0.328	0.339	0.366	0.374	0.341	0.41	0.0	
Chromosome	4037324	T	A	0.134	0.189	0.057	0.055	0.047	0.214	0.202	0.181	0.066	0.141	0.132	0.168	0.034	0.08	0.082	0.07	0.06	0.116	0.15	0.16	0.183	0.194	0.159	0.157	0.112	0.046	0.036	0.03	0.042	0.125	0.126	0.057	0.082	0.063	0.185	0.146	0.129	0.105	0.0	0.127	0.135	0.12	0.0	0.115	0.0	0.042	0.116	0.152	0.135	0.126	0.2	0.181	0.167	0.151	0.167	0.168	0.247	0.198	0.053	0.054	0.087	0.0	0.141	0.146	0.147	0.178	0.153	0.161	0.0	
Chromosome	4088367	T	G	0.129	0.222	0.142	0.212	0.055	0.236	0.225	0.177	0.094	0.198	0.143	0.142	0.131	0.144	0.088	0.116	0.167	0.123	0.275	0.189	0.2	0.206	0.164	0.219	0.135	0.104	0.119	0.133	0.105	0.108	0.124	0.116	0.146	0.159	0.193	0.096	0.099	0.113	0.0	0.135	0.206	0.149	0.0	0.233	0.005	0.108	0.165	0.124	0.097	0.137	0.224	0.23	0.25	0.228	0.221	0.191	0.16	0.258	0.086	0.154	0.128	0.0	0.127	0.109	0.099	0.13	0.097	0.093	0.0	
Chromosome	4214560	C	A	0.452	0.515	0.49	0.489	0.533	0.441	0.444	0.525	0.503	0.477	0.478	0.474	0.465	0.518	0.466	0.465	0.544	0.5	0.53	0.506	0.48	0.485	0.401	0.533	0.478	0.449	0.475	0.494	0.517	0.494	0.476	0.515	0.485	0.48	0.481	0.502	0.45	0.481	0.463	0.458	0.491	0.505	0.538	0.511	0.524	0.498	0.496	0.478	0.497	0.486	0.431	0.453	0.479	0.42	0.509	0.468	0.49	0.472	0.509	0.462	0.494	0.408	0.494	0.506	0.43	0.442	0.432	0.326	0.498	
Chromosome	4214739	G	GT	0.34	0.316	0.36	0.327	0.395	0.304	0.332	0.352	0.324	0.364	0.304	0.32	0.338	0.351	0.336	0.368	0.472	0.392	0.342	0.38	0.312	0.339	0.353	0.34	0.358	0.313	0.303	0.316	0.331	0.332	0.321	0.353	0.327	0.388	0.339	0.358	0.305	0.333	0.327	0.332	0.362	0.287	0.317	0.332	0.357	0.306	0.309	0.32	0.334	0.355	0.331	0.371	0.301	0.321	0.371	0.324	0.352	0.367	0.535	0.391	0.331	0.26	0.338	0.314	0.329	0.303	0.304	0.266	0.329	
Chromosome	4214852	A	AGCAATGATCAATACCTGTGGATGAGCCT	0.06	0.049	0.058	0.067	0.074	0.043	0.078	0.072	0.05	0.058	0.023	0.048	0.056	0.076	0.083	0.069	0.07	0.099	0.049	0.107	0.048	0.074	0.046	0.047	0.057	0.059	0.07	0.045	0.05	0.069	0.061	0.07	0.066	0.067	0.066	0.062	0.073	0.066	0.022	0.065	0.047	0.037	0.051	0.087	0.097	0.015	0.066	0.044	0.084	0.064	0.024	0.074	0.088	0.054	0.039	0.026	0.069	0.048	0.065	0.06	0.058	0.082	0.057	0.058	0.053	0.073	0.054	0.058	0.045	
Chromosome	4693367	T	G	0.089	0.131	0.055	0.108	0.029	0.172	0.138	0.215	0.071	0.175	0.142	0.22	0.089	0.079	0.06	0.109	0.075	0.159	0.099	0.206	0.175	0.13	0.175	0.207	0.084	0.081	0.07	0.077	0.097	0.079	0.072	0.042	0.085	0.085	0.128	0.093	0.094	0.086	0.0	0.13	0.194	0.155	0.019	0.193	0.006	0.032	0.189	0.086	0.081	0.111	0.148	0.186	0.141	0.152	0.189	0.198	0.188	0.213	0.106	0.065	0.1	0.0	0.093	0.127	0.091	0.09	0.11	0.056	0.0	
Chromosome	4693374	A	C	0.094	0.112	0.065	0.086	0.065	0.095	0.033	0.067	0.035	0.119	0.112	0.147	0.073	0.106	0.063	0.074	0.076	0.114	0.024	0.055	0.045	0.059	0.044	0.133	0.037	0.089	0.088	0.066	0.117	0.072	0.099	0.053	0.067	0.072	0.119	0.051	0.095	0.104	0.0	0.135	0.144	0.103	0.0	0.108	0.0	0.02	0.14	0.078	0.094	0.062	0.012	0.071	0.062	0.09	0.042	0.055	0.019	0.028	0.058	0.043	0.059	0.006	0.074	0.056	0.066	0.086	0.1	0.054	0.0	
Chromosome	4693375	T	G	0.206	0.243	0.186	0.219	0.12	0.25	0.237	0.314	0.119	0.259	0.235	0.347	0.22	0.214	0.249	0.238	0.195	0.281	0.189	0.238	0.227	0.248	0.277	0.376	0.145	0.205	0.203	0.246	0.221	0.221	0.223	0.145	0.166	0.212	0.216	0.241	0.221	0.215	0.006	0.284	0.335	0.264	0.006	0.264	0.0	0.137	0.268	0.249	0.169	0.212	0.193	0.239	0.214	0.25	0.213	0.264	0.204	0.284	0.176	0.184	0.148	0.012	0.225	0.223	0.21	0.189	0.256	0.15	0.0	
Chromosome	4904756	T	C	0.0	0.1	0.0	0.0	0.0	0.0	0.0	0.0	0.0	0.0	0.005	0.0	0.0	0.0	0.0	0.0	0.0	0.0	0.0	0.0	0.0	0.0	0.0	0.0	0.0	0.0	0.0	0.0	0.0	0.0	0.0	0.0	0.0	0.0	0.0	0.0	0.0	0.0	0.006	0.0	0.0	0.0	0.0	0.0	0.0	0.0	0.0	0.0	0.004	0.0	0.0	0.0	0.0	0.0	0.0	0.0	0.0	0.0	0.0	0.0	0.0	0.0	0.0	0.003	0.0	0.0	0.0	0.0	0.0	
Chromosome	4910340	A	C	0.158	0.133	0.123	0.117	0.098	0.189	0.195	0.207	0.127	0.177	0.157	0.167	0.15	0.091	0.099	0.109	0.147	0.182	0.169	0.174	0.241	0.2	0.199	0.206	0.176	0.122	0.111	0.103	0.117	0.09	0.111	0.126	0.155	0.127	0.175	0.125	0.132	0.126	0.011	0.193	0.183	0.197	0.017	0.203	0.011	0.113	0.155	0.145	0.138	0.113	0.118	0.176	0.219	0.191	0.167	0.23	0.168	0.2	0.175	0.153	0.132	0.006	0.156	0.12	0.1	0.141	0.124	0.123	0.009	
Chromosome	5115098	T	G	0.203	0.193	0.113	0.104	0.112	0.185	0.181	0.17	0.122	0.181	0.177	0.203	0.117	0.157	0.136	0.152	0.12	0.172	0.24	0.193	0.168	0.195	0.252	0.196	0.08	0.124	0.114	0.093	0.149	0.155	0.165	0.104	0.105	0.139	0.166	0.184	0.194	0.162	0.0	0.23	0.202	0.18	0.0	0.162	0.0	0.074	0.164	0.141	0.142	0.205	0.204	0.177	0.174	0.184	0.222	0.17	0.152	0.177	0.15	0.094	0.092	0.0	0.207	0.193	0.156	0.141	0.178	0.228	0.0	
Chromosome	5231357	T	G	0.108	0.121	0.12	0.103	0.115	0.082	0.137	0.089	0.134	0.062	0.074	0.105	0.128	0.136	0.084	0.158	0.187	0.113	0.076	0.074	0.079	0.118	0.112	0.114	0.097	0.104	0.109	0.132	0.108	0.111	0.076	0.109	0.14	0.113	0.1	0.071	0.107	0.089	0.005	0.129	0.111	0.094	0.006	0.115	0.0	0.083	0.113	0.101	0.096	0.076	0.111	0.082	0.145	0.162	0.136	0.065	0.076	0.129	0.161	0.1	0.116	0.0	0.106	0.123	0.085	0.091	0.069	0.091	0.0	
Chromosome	5693171	TCGGCGC	T	0.0	0.167	0.185	0.008	0.0	0.015	0.009	0.013	0.009	0.0	0.0	0.0	0.004	0.004	0.004	0.0	0.01	0.0	0.0	0.0	0.008	0.0	0.007	0.004	0.004	0.003	0.014	0.0	0.004	0.007	0.0	0.004	0.005	0.004	0.009	0.017	0.009	0.017	0.005	0.005	0.0	0.004	0.009	0.011	0.005	0.014	0.004	0.009	0.0	0.004	0.009	0.02	0.015	0.0	0.0	0.0	0.006	0.014	0.0	0.005	0.004	0.02	0.007	0.008	0.014	0.006	0.003	0.0	0.011	
Chromosome	5797780	C	T	0.0	0.191	0.0	0.0	0.0	0.0	0.0	0.0	0.0	0.0	0.0	0.0	0.0	0.0	0.004	0.0	0.0	0.0	0.006	0.0	0.0	0.0	0.0	0.0	0.0	0.0	0.0	0.0	0.0	0.0	0.0	0.0	0.0	0.0	0.0	0.0	0.0	0.0	0.0	0.0	0.0	0.0	0.0	0.0	0.0	0.0	0.0	0.0	0.0	0.0	0.0	0.0	0.0	0.0	0.0	0.0	0.0	0.0	0.022	0.0	0.0	0.0	0.0	0.0	0.0	0.0	0.0	0.0	0.0	
Chromosome	5812482	A	C	0.256	0.394	0.308	0.432	0.248	0.364	0.286	0.176	0.433	0.274	0.256	0.256	0.232	0.276	0.298	0.516	0.469	0.357	0.236	0.3	0.447	0.264	0.375	0.394	0.43	0.339	0.29	0.267	0.379	0.224	0.271	0.217	0.482	0.423	0.312	0.243	0.243	0.247	0.006	0.34	0.26	0.306	0.036	0.263	0.006	0.41	0.374	0.302	0.23	0.234	0.362	0.365	0.422	0.321	0.273	0.357	0.362	0.512	0.263	0.417	0.381	0.0	0.25	0.252	0.225	0.266	0.202	0.209	0.007	
Chromosome	5939331	T	G	0.153	0.19	0.132	0.121	0.062	0.29	0.182	0.317	0.126	0.208	0.176	0.195	0.166	0.168	0.132	0.123	0.042	0.214	0.3	0.291	0.227	0.261	0.259	0.22	0.148	0.133	0.12	0.116	0.168	0.155	0.195	0.073	0.089	0.139	0.177	0.148	0.178	0.174	0.0	0.197	0.209	0.195	0.007	0.239	0.0	0.083	0.215	0.158	0.17	0.189	0.233	0.267	0.262	0.258	0.286	0.255	0.273	0.257	0.125	0.138	0.11	0.013	0.146	0.164	0.131	0.136	0.176	0.134	0.0	
Chromosome	6135889	T	G	0.068	0.178	0.136	0.144	0.045	0.228	0.201	0.267	0.148	0.14	0.163	0.132	0.118	0.12	0.104	0.127	0.141	0.179	0.236	0.245	0.292	0.219	0.175	0.139	0.158	0.108	0.13	0.168	0.131	0.068	0.057	0.079	0.151	0.15	0.174	0.062	0.082	0.079	0.0	0.162	0.145	0.147	0.016	0.134	0.0	0.105	0.157	0.098	0.069	0.092	0.274	0.24	0.203	0.239	0.27	0.183	0.2	0.227	0.194	0.173	0.166	0.006	0.066	0.11	0.081	0.095	0.071	0.067	0.007	
Chromosome	6135898	A	C	0.048	0.135	0.101	0.084	0.038	0.276	0.254	0.287	0.133	0.132	0.151	0.101	0.114	0.079	0.117	0.14	0.126	0.133	0.25	0.295	0.341	0.252	0.239	0.123	0.168	0.084	0.066	0.092	0.075	0.048	0.046	0.042	0.154	0.12	0.109	0.054	0.073	0.048	0.0	0.145	0.132	0.119	0.0	0.119	0.0	0.044	0.122	0.078	0.059	0.039	0.24	0.247	0.262	0.245	0.261	0.254	0.178	0.265	0.162	0.138	0.148	0.006	0.047	0.044	0.054	0.045	0.065	0.061	0.0	
Chromosome	6336530	A	C	0.311	0.395	0.331	0.267	0.194	0.423	0.479	0.549	0.364	0.373	0.504	0.319	0.339	0.379	0.409	0.457	0.65	0.426	0.444	0.552	0.448	0.57	0.522	0.415	0.514	0.338	0.433	0.349	0.387	0.218	0.247	0.255	0.371	0.433	0.492	0.307	0.271	0.27	0.0	0.387	0.421	0.424	0.006	0.408	0.0	0.385	0.372	0.288	0.293	0.241	0.548	0.438	0.586	0.506	0.373	0.5	0.523	0.534	0.667	0.585	0.403	0.0	0.255	0.285	0.199	0.258	0.247	0.301	0.0	
Chromosome	6336531	C	G	0.135	0.211	0.121	0.154	0.074	0.227	0.137	0.28	0.292	0.171	0.236	0.105	0.142	0.208	0.142	0.229	0.429	0.204	0.202	0.33	0.326	0.291	0.319	0.205	0.368	0.151	0.127	0.111	0.126	0.164	0.139	0.176	0.214	0.217	0.207	0.187	0.137	0.139	0.0	0.202	0.19	0.161	0.0	0.151	0.0	0.167	0.124	0.196	0.172	0.158	0.306	0.239	0.267	0.333	0.274	0.233	0.341	0.293	0.55	0.451	0.316	0.0	0.152	0.115	0.127	0.139	0.129	0.157	0.0	
Chromosome	6478675	A	C	0.138	0.132	0.081	0.094	0.067	0.218	0.2	0.2	0.102	0.153	0.084	0.172	0.096	0.105	0.11	0.135	0.154	0.175	0.168	0.209	0.184	0.186	0.139	0.192	0.096	0.082	0.129	0.097	0.132	0.092	0.135	0.06	0.092	0.137	0.175	0.087	0.126	0.075	0.0	0.183	0.193	0.153	0.0	0.2	0.006	0.1	0.153	0.09	0.105	0.12	0.253	0.207	0.178	0.209	0.218	0.261	0.169	0.213	0.152	0.097	0.101	0.006	0.123	0.122	0.087	0.09	0.124	0.093	0.015	
Chromosome	6478685	A	C	0.196	0.239	0.144	0.107	0.075	0.308	0.234	0.303	0.186	0.19	0.206	0.228	0.095	0.197	0.159	0.216	0.183	0.222	0.247	0.26	0.229	0.223	0.165	0.246	0.237	0.179	0.126	0.126	0.163	0.175	0.199	0.13	0.181	0.195	0.29	0.185	0.137	0.164	0.0	0.264	0.231	0.275	0.006	0.311	0.006	0.112	0.224	0.193	0.151	0.169	0.381	0.328	0.321	0.281	0.305	0.347	0.242	0.275	0.207	0.182	0.156	0.006	0.205	0.121	0.153	0.156	0.177	0.144	0.0	
Chromosome	6478690	A	C	0.176	0.247	0.188	0.162	0.093	0.306	0.242	0.271	0.244	0.223	0.195	0.215	0.174	0.205	0.192	0.207	0.183	0.27	0.239	0.265	0.26	0.193	0.248	0.271	0.253	0.176	0.176	0.124	0.199	0.203	0.196	0.146	0.201	0.206	0.275	0.195	0.176	0.141	0.0	0.27	0.287	0.257	0.006	0.327	0.0	0.112	0.229	0.196	0.202	0.182	0.363	0.285	0.252	0.296	0.308	0.305	0.296	0.255	0.241	0.199	0.18	0.0	0.193	0.166	0.147	0.124	0.19	0.182	0.023	
Chromosome	6497034	G	GCGCGCCGCC	0.077	0.103	0.045	0.054	0.017	0.113	0.121	0.197	0.095	0.149	0.155	0.042	0.029	0.092	0.063	0.071	0.079	0.156	0.079	0.083	0.103	0.164	0.163	0.124	0.089	0.052	0.046	0.091	0.046	0.039	0.12	0.022	0.097	0.035	0.148	0.104	0.043	0.05	0.023	0.104	0.073	0.059	0.025	0.083	0.031	0.03	0.044	0.118	0.077	0.083	0.125	0.145	0.062	0.102	0.187	0.123	0.154	0.115	0.028	0.147	0.052	0.036	0.076	0.078	0.082	0.066	0.07	0.06	0.041	
Chromosome	6873619	G	A	0.0	0.172	0.019	0.0	0.0	0.007	0.0	0.0	0.0	0.0	0.004	0.0	0.0	0.0	0.0	0.0	0.0	0.0	0.0	0.0	0.0	0.0	0.0	0.0	0.0	0.0	0.0	0.0	0.0	0.0	0.0	0.0	0.0	0.0	0.0	0.0	0.0	0.0	0.005	0.0	0.0	0.0	0.0	0.0	0.0	0.0	0.0	0.0	0.003	0.0	0.0	0.0	0.0	0.0	0.0	0.0	0.0	0.0	0.0	0.0	0.0	0.0	0.002	0.0	0.0	0.0	0.0	0.0	0.0	
Chromosome	6923330	T	G	0.29	0.352	0.36	0.294	0.253	0.352	0.347	0.411	0.365	0.397	0.421	0.319	0.333	0.374	0.324	0.472	0.587	0.472	0.467	0.396	0.397	0.383	0.427	0.39	0.423	0.307	0.372	0.351	0.382	0.258	0.264	0.271	0.46	0.412	0.466	0.31	0.292	0.261	0.0	0.392	0.372	0.322	0.0	0.42	0.006	0.265	0.283	0.261	0.294	0.261	0.339	0.411	0.474	0.417	0.493	0.376	0.471	0.507	0.588	0.413	0.437	0.0	0.261	0.3	0.279	0.236	0.273	0.232	0.014	
