chromosome	pos	ref	mut	APAW	S1	S2	S3	Ana1	BedA	BedB	BedC	BedD	CipA	CipB	CipC	CLFA	CLFB	CLFC	CombA2	CombA3	CombA	CombAu1	CombAu3	CombAu5	CombB	CombC	CycloA	CycloB	CycloC	EMBA	EMBB	EMBC	F1	F2	F3	H1	H2	H3	INH1	INH2	INHA	LzdA	LzdB	LzdC	M91	M92	M9B	MMCA	MMCB	MMCC	MockA	MockB	MockC	MockD	MockE	MockF	MockG	MockH	MockI	MockJ	MockK	MockL	NANOA	NANOB	NANOC	RIFA	RIFB	RIFC	UV1	UV2	UV3	WT_Msm
Chromosome	424972	A	G	0.0	0.662	0.166	0.443	0.0	0.0	0.0	0.0	0.0	0.0	0.0	0.0	0.0	0.0	0.0	0.0	0.0	0.0	0.0	0.0	0.0	0.0	0.0	0.0	0.0	0.0	0.0	0.0	0.0	0.0	0.24	0.19	0.201	0.808	0.0	0.003	0.0	0.0	0.0	0.004	0.0	0.0	0.0	0.0	0.0	0.0	0.0	0.0	0.0	0.0	0.0	0.0	0.0	0.0	0.0	0.0	0.0	0.0	0.0	0.0	0.0	0.0	0.0	0.0	0.003	0.0	0.002	0.0	0.22	
Chromosome	840650	A	C	0.008	0.086	0.0	0.009	0.014	0.022	0.012	0.007	0.007	0.004	0.006	0.0	0.0	0.014	0.008	0.004	0.011	0.03	0.006	0.006	0.02	0.012	0.0	0.008	0.013	0.007	0.026	0.018	0.024	0.087	0.018	0.014	0.012	0.095	0.016	0.01	0.006	0.007	0.013	0.004	0.011	0.01	0.007	0.03	0.006	0.01	0.01	0.0	0.019	0.0	0.02	0.013	0.0	0.0	0.0	0.0	0.013	0.003	0.089	0.012	0.01	0.002	0.009	0.0	0.015	0.013	0.011	0.008	0.066	
Chromosome	1280797	G	GC	0.0	0.241	0.017	0.031	0.0	0.0	0.0	0.006	0.0	0.233	0.198	0.005	0.0	0.0	0.0	0.0	0.0	0.0	0.0	0.0	0.0	0.0	0.0	0.0	0.0	0.0	0.0	0.0	0.0	0.016	0.033	0.02	0.016	0.011	0.03	0.0	0.0	0.0	0.0	0.0	0.0	0.0	0.0	0.0	0.0	0.0	0.0	0.0	0.0	0.0	0.0	0.0	0.0	0.0	0.007	0.0	0.0	0.0	0.022	0.0	0.0	0.0	0.0	0.0	0.0	0.0	0.004	0.0	0.015	
Chromosome	1609003	A	G	0.006	0.099	0.0	0.005	0.0	0.0	0.0	0.0	0.0	0.0	0.0	0.0	0.0	0.0	0.004	0.009	0.008	0.0	0.007	0.005	0.0	0.005	0.0	0.004	0.0	0.008	0.0	0.0	0.0	0.09	0.0	0.004	0.004	0.114	0.005	0.003	0.007	0.003	0.0	0.0	0.005	0.0	0.0	0.003	0.003	0.0	0.002	0.007	0.0	0.0	0.006	0.0	0.014	0.009	0.0	0.023	0.015	0.0	0.084	0.0	0.007	0.006	0.004	0.0	0.003	0.003	0.004	0.003	0.065	
Chromosome	1609016	T	G	0.085	0.218	0.112	0.146	0.039	0.087	0.106	0.099	0.139	0.15	0.103	0.138	0.096	0.124	0.124	0.122	0.061	0.112	0.133	0.086	0.041	0.088	0.103	0.12	0.123	0.119	0.11	0.114	0.134	0.2	0.14	0.118	0.107	0.269	0.14	0.089	0.123	0.099	0.12	0.088	0.109	0.11	0.089	0.089	0.083	0.082	0.082	0.042	0.114	0.122	0.1	0.114	0.106	0.077	0.115	0.13	0.12	0.094	0.237	0.1	0.094	0.115	0.102	0.074	0.138	0.096	0.075	0.096	0.286	
Chromosome	1798960	A	C	0.003	0.288	0.0	0.0	0.0	0.008	0.0	0.0	0.0	0.0	0.0	0.0	0.0	0.0	0.0	0.0	0.0	0.0	0.006	0.0	0.008	0.007	0.0	0.0	0.0	0.0	0.005	0.0	0.0	0.005	0.0	0.0	0.0	0.0	0.0	0.0	0.0	0.0	0.0	0.0	0.0	0.0	0.0	0.0	0.0	0.0	0.002	0.0	0.0	0.0	0.007	0.0	0.0	0.0	0.0	0.0	0.0	0.0	0.0	0.0	0.003	0.0	0.0	0.0	0.0	0.0	0.0	0.0	0.0	
Chromosome	2066487	A	G	0.0	0.25	0.0	0.0	0.0	0.0	0.0	0.0	0.0	0.004	0.0	0.0	0.0	0.0	0.0	0.0	0.0	0.0	0.007	0.0	0.0	0.0	0.0	0.0	0.0	0.0	0.0	0.0	0.0	0.0	0.0	0.005	0.0	0.0	0.0	0.0	0.0	0.0	0.0	0.0	0.0	0.0	0.0	0.0	0.0	0.0	0.002	0.0	0.0	0.0	0.0	0.0	0.0	0.0	0.0	0.0	0.0	0.0	0.0	0.0	0.0	0.0	0.0	0.0	0.0	0.0	0.0	0.0	0.0	
Chromosome	2241067	T	C	0.0	0.261	0.0	0.0	0.0	0.0	0.0	0.0	0.0	0.0	0.0	0.0	0.0	0.0	0.0	0.0	0.0	0.0	0.0	0.0	0.0	0.0	0.0	0.0	0.0	0.0	0.0	0.004	0.0	0.0	0.0	0.0	0.0	0.0	0.0	0.0	0.0	0.0	0.0	0.0	0.0	0.0	0.0	0.0	0.0	0.0	0.0	0.0	0.0	0.0	0.0	0.0	0.0	0.0	0.0	0.0	0.0	0.0	0.0	0.0	0.0	0.0	0.0	0.0	0.0	0.0	0.0	0.0	0.0	
Chromosome	2241068	T	G	0.0	0.266	0.0	0.0	0.0	0.0	0.0	0.0	0.0	0.0	0.0	0.0	0.0	0.0	0.009	0.0	0.0	0.0	0.0	0.006	0.0	0.0	0.0	0.0	0.0	0.003	0.004	0.0	0.0	0.0	0.005	0.0	0.0	0.005	0.0	0.0	0.0	0.0	0.005	0.004	0.0	0.003	0.0	0.003	0.0	0.0	0.0	0.0	0.0	0.0	0.007	0.0	0.0	0.0	0.0	0.0	0.0	0.008	0.0	0.002	0.0	0.003	0.0	0.0	0.0	0.003	0.0	0.006	0.0	
Chromosome	2249921	G	T	0.003	0.263	0.0	0.0	0.0	0.0	0.0	0.0	0.004	0.0	0.011	0.0	0.0	0.0	0.0	0.0	0.0	0.0	0.014	0.0	0.0	0.0	0.0	0.0	0.0	0.0	0.0	0.005	0.0	0.0	0.0	0.0	0.0	0.0	0.0	0.0	0.0	0.0	0.0	0.0	0.0	0.0	0.0	0.0	0.003	0.004	0.0	0.0	0.0	0.0	0.0	0.0	0.0	0.0	0.0	0.0	0.0	0.0	0.0	0.0	0.003	0.003	0.0	0.0	0.0	0.0	0.0	0.003	0.0	
Chromosome	2335376	C	G	0.125	0.316	0.14	0.14	0.128	0.183	0.163	0.178	0.258	0.203	0.188	0.182	0.187	0.112	0.173	0.201	0.262	0.169	0.161	0.197	0.132	0.177	0.151	0.228	0.261	0.167	0.237	0.155	0.143	0.266	0.187	0.218	0.173	0.278	0.231	0.127	0.17	0.137	0.139	0.203	0.152	0.128	0.169	0.132	0.168	0.184	0.137	0.143	0.208	0.14	0.23	0.217	0.14	0.189	0.236	0.217	0.282	0.282	0.234	0.123	0.177	0.189	0.164	0.142	0.141	0.144	0.184	0.169	0.277	
Chromosome	2800797	C	G	0.283	0.2	0.373	0.168	0.291	0.346	0.216	0.274	0.286	0.242	0.31	0.313	0.268	0.262	0.277	0.267	0.263	0.315	0.21	0.252	0.27	0.256	0.239	0.252	0.338	0.291	0.243	0.227	0.272	0.169	0.281	0.293	0.268	0.269	0.237	0.258	0.293	0.336	0.315	0.294	0.229	0.312	0.23	0.271	0.231	0.294	0.279	0.278	0.223	0.217	0.194	0.232	0.281	0.299	0.287	0.375	0.306	0.295	0.223	0.28	0.29	0.27	0.38	0.247	0.253	0.225	0.296	0.289	0.155	
Chromosome	2946520	C	G	0.013	0.141	0.031	0.019	0.026	0.045	0.029	0.038	0.037	0.019	0.011	0.013	0.024	0.024	0.016	0.017	0.025	0.0	0.029	0.02	0.009	0.033	0.023	0.025	0.035	0.018	0.0	0.017	0.042	0.105	0.023	0.022	0.028	0.096	0.022	0.011	0.013	0.021	0.006	0.011	0.024	0.007	0.014	0.028	0.011	0.009	0.02	0.023	0.04	0.032	0.023	0.032	0.011	0.029	0.011	0.021	0.014	0.011	0.087	0.014	0.007	0.008	0.0	0.006	0.034	0.008	0.028	0.026	0.07	
Chromosome	3339820	G	C	0.0	0.082	0.0	0.0	0.0	0.0	0.0	0.0	0.0	0.0	0.0	0.0	0.0	0.0	0.0	0.0	0.0	0.0	0.0	0.0	0.0	0.0	0.0	0.0	0.0	0.0	0.0	0.0	0.0	0.048	0.0	0.0	0.0	0.065	0.0	0.0	0.0	0.0	0.0	0.0	0.0	0.0	0.006	0.0	0.0	0.0	0.0	0.0	0.008	0.0	0.0	0.0	0.0	0.0	0.0	0.0	0.0	0.0	0.052	0.002	0.0	0.003	0.0	0.0	0.0	0.003	0.0	0.0	0.006	
Chromosome	3409272	T	TTGAAC	0.0	0.032	0.0	0.0	0.0	0.0	0.0	0.0	0.0	0.0	0.0	0.0	0.0	0.0	0.0	0.0	0.0	0.0	0.0	0.0	0.0	0.0	0.0	0.0	0.0	0.0	0.0	0.004	0.0	0.0	0.0	0.0	0.0	0.0	0.0	0.0	0.0	0.0	0.0	0.0	0.0	0.0	0.0	0.0	0.0	0.0	0.0	0.0	0.0	0.0	0.0	0.0	0.0	0.0	0.0	0.0	0.0	0.0	0.0	0.0	0.0	0.0	0.0	0.0	0.0	0.0	0.0	0.0	0.0	
Chromosome	3409274	G	GTCCTGGATCTGGTGGA	0.0	0.0	0.0	0.0	0.0	0.0	0.0	0.0	0.0	0.0	0.0	0.0	0.0	0.0	0.0	0.0	0.0	0.0	0.0	0.0	0.0	0.0	0.0	0.0	0.0	0.0	0.0	0.0	0.0	0.0	0.0	0.0	0.0	0.0	0.0	0.0	0.0	0.0	0.0	0.0	0.0	0.0	0.0	0.0	0.0	0.0	0.0	0.0	0.0	0.0	0.0	0.0	0.0	0.0	0.0	0.0	0.0	0.0	0.0	0.0	0.0	0.0	0.0	0.0	0.0	0.0	0.0	0.0	0.0	
Chromosome	3480944	T	G	0.0	0.188	0.0	0.0	0.0	0.0	0.0	0.0	0.0	0.0	0.0	0.0	0.0	0.0	0.0	0.0	0.0	0.0	0.0	0.0	0.0	0.0	0.0	0.0	0.0	0.0	0.005	0.0	0.0	0.0	0.0	0.0	0.0	0.0	0.0	0.0	0.0	0.0	0.0	0.0	0.0	0.0	0.0	0.003	0.0	0.0	0.0	0.0	0.0	0.0	0.0	0.0	0.0	0.0	0.0	0.0	0.0	0.0	0.0	0.0	0.0	0.0	0.005	0.0	0.0	0.003	0.0	0.0	0.014	
Chromosome	3580019	G	GC	0.915	0.17	0.0	0.007	0.92	0.702	0.925	0.856	0.921	0.199	0.016	0.006	0.921	0.94	0.892	0.759	0.877	0.89	0.905	0.899	0.866	0.9	0.746	0.62	0.928	0.931	0.949	0.942	0.888	0.027	0.006	0.013	0.136	0.006	0.0	0.901	0.9	0.918	0.899	0.93	0.893	0.762	0.911	0.893	0.934	0.914	0.925	0.871	0.866	0.881	0.88	0.883	0.927	0.931	0.904	0.914	0.945	0.903	0.0	0.903	0.878	0.896	0.912	0.942	0.909	0.901	0.728	0.886	0.096	
Chromosome	4035302	C	A	0.003	0.215	0.0	0.0	0.0	0.0	0.0	0.0	0.0	0.004	0.0	0.0	0.0	0.0	0.0	0.0	0.0	0.0	0.0	0.0	0.0	0.0	0.0	0.0	0.0	0.0	0.0	0.0	0.0	0.0	0.0	0.0	0.005	0.0	0.0	0.003	0.004	0.0	0.0	0.0	0.0	0.0	0.002	0.0	0.0	0.0	0.0	0.0	0.008	0.0	0.0	0.0	0.0	0.007	0.0	0.0	0.0	0.0	0.007	0.005	0.0	0.0	0.0	0.0	0.004	0.0	0.0	0.0	0.0	
Chromosome	4143094	G	A	0.0	0.586	0.182	0.438	0.0	0.0	0.0	0.0	0.0	0.0	0.011	0.0	0.004	0.0	0.0	0.0	0.0	0.0	0.0	0.0	0.0	0.0	0.0	0.0	0.0	0.0	0.0	0.0	0.0	0.0	0.24	0.207	0.168	0.764	0.0	0.003	0.0	0.0	0.0	0.0	0.0	0.0	0.0	0.0	0.0	0.0	0.0	0.0	0.0	0.0	0.0	0.0	0.0	0.0	0.0	0.0	0.0	0.0	0.0	0.0	0.0	0.0	0.0	0.0	0.0	0.0	0.0	0.0	0.164	
Chromosome	4214321	G	T	0.529	0.497	0.522	0.512	0.434	0.504	0.535	0.506	0.488	0.49	0.508	0.522	0.467	0.508	0.486	0.461	0.44	0.5	0.562	0.546	0.516	0.506	0.475	0.489	0.518	0.512	0.491	0.538	0.498	0.48	0.489	0.498	0.535	0.55	0.536	0.505	0.515	0.537	0.542	0.471	0.535	0.499	0.522	0.532	0.509	0.501	0.518	0.532	0.496	0.437	0.482	0.494	0.488	0.547	0.609	0.667	0.516	0.494	0.327	0.527	0.502	0.5	0.52	0.555	0.518	0.497	0.481	0.394	0.498	
Chromosome	4214326	C	A	0.527	0.501	0.527	0.52	0.448	0.506	0.551	0.508	0.494	0.501	0.496	0.524	0.477	0.511	0.498	0.472	0.443	0.506	0.555	0.525	0.537	0.51	0.476	0.49	0.5	0.517	0.491	0.534	0.5	0.482	0.477	0.503	0.535	0.554	0.536	0.506	0.524	0.531	0.543	0.486	0.537	0.498	0.516	0.526	0.513	0.503	0.516	0.544	0.495	0.458	0.492	0.5	0.477	0.562	0.611	0.663	0.526	0.493	0.332	0.53	0.503	0.497	0.512	0.551	0.514	0.503	0.483	0.401	0.495	
Chromosome	4214347	A	C	0.51	0.512	0.532	0.532	0.466	0.518	0.532	0.519	0.506	0.494	0.484	0.535	0.484	0.495	0.491	0.475	0.473	0.508	0.556	0.527	0.529	0.528	0.512	0.494	0.5	0.506	0.496	0.54	0.508	0.468	0.473	0.529	0.541	0.544	0.526	0.494	0.504	0.538	0.542	0.482	0.535	0.503	0.512	0.533	0.514	0.48	0.518	0.546	0.514	0.481	0.492	0.522	0.485	0.571	0.582	0.647	0.551	0.508	0.343	0.538	0.495	0.504	0.507	0.542	0.519	0.492	0.466	0.412	0.475	
Chromosome	4214560	C	A	0.452	0.524	0.498	0.496	0.533	0.441	0.444	0.525	0.503	0.477	0.478	0.474	0.465	0.518	0.466	0.465	0.544	0.5	0.53	0.506	0.48	0.485	0.401	0.533	0.478	0.449	0.475	0.494	0.517	0.463	0.458	0.491	0.505	0.538	0.511	0.494	0.476	0.515	0.485	0.48	0.481	0.502	0.45	0.481	0.478	0.497	0.486	0.431	0.453	0.479	0.42	0.509	0.468	0.49	0.472	0.509	0.462	0.494	0.408	0.494	0.506	0.43	0.49	0.489	0.515	0.442	0.432	0.326	0.498	
Chromosome	4214572	C	A	0.459	0.548	0.488	0.5	0.519	0.416	0.429	0.502	0.494	0.471	0.486	0.465	0.464	0.508	0.467	0.451	0.538	0.486	0.514	0.496	0.482	0.498	0.408	0.527	0.469	0.444	0.472	0.473	0.501	0.47	0.462	0.489	0.509	0.53	0.513	0.481	0.454	0.519	0.485	0.465	0.478	0.489	0.451	0.479	0.477	0.504	0.485	0.459	0.452	0.473	0.412	0.48	0.455	0.479	0.473	0.522	0.462	0.486	0.406	0.493	0.489	0.426	0.493	0.501	0.512	0.44	0.42	0.324	0.495	
Chromosome	4214624	G	T	0.448	0.507	0.467	0.444	0.487	0.407	0.436	0.455	0.444	0.45	0.447	0.459	0.435	0.469	0.439	0.447	0.524	0.416	0.5	0.464	0.442	0.441	0.378	0.51	0.412	0.391	0.45	0.471	0.45	0.407	0.434	0.451	0.476	0.503	0.453	0.439	0.427	0.477	0.418	0.416	0.428	0.461	0.421	0.448	0.435	0.464	0.448	0.438	0.421	0.397	0.385	0.465	0.392	0.463	0.462	0.491	0.472	0.401	0.378	0.451	0.436	0.409	0.476	0.485	0.462	0.409	0.377	0.333	0.511	
Chromosome	4214739	G	GT	0.34	0.357	0.306	0.309	0.395	0.304	0.332	0.352	0.324	0.364	0.304	0.32	0.338	0.351	0.336	0.368	0.472	0.392	0.342	0.38	0.312	0.339	0.353	0.34	0.358	0.313	0.303	0.316	0.331	0.327	0.332	0.362	0.287	0.317	0.332	0.332	0.321	0.353	0.327	0.388	0.339	0.358	0.305	0.333	0.32	0.334	0.355	0.331	0.371	0.301	0.321	0.371	0.324	0.352	0.367	0.535	0.391	0.331	0.26	0.338	0.314	0.329	0.36	0.327	0.316	0.303	0.304	0.266	0.329	
Chromosome	4693145	T	G	0.18	0.358	0.051	0.212	0.074	0.268	0.263	0.25	0.046	0.281	0.174	0.195	0.049	0.102	0.066	0.058	0.038	0.143	0.219	0.215	0.354	0.269	0.293	0.216	0.065	0.107	0.098	0.074	0.103	0.376	0.306	0.186	0.186	0.397	0.144	0.214	0.267	0.062	0.05	0.047	0.264	0.281	0.257	0.249	0.203	0.243	0.233	0.235	0.278	0.183	0.268	0.221	0.232	0.236	0.238	0.0	0.013	0.092	0.353	0.275	0.205	0.276	0.078	0.124	0.197	0.253	0.216	0.207	0.384	
Chromosome	4693150	T	TGGGGGGGGGGGGGG	0.0	0.013	0.0	0.0	0.0	0.0	0.0	0.013	0.0	0.0	0.0	0.0	0.0	0.0	0.0	0.0	0.0	0.0	0.0	0.0	0.0	0.0	0.0	0.0	0.0	0.0	0.0	0.0	0.0	0.041	0.0	0.0	0.0	0.067	0.0	0.0	0.0	0.0	0.0	0.0	0.0	0.0	0.0	0.0	0.0	0.0	0.0	0.0	0.0	0.0	0.0	0.0	0.0	0.0	0.0	0.0	0.0	0.0	0.026	0.0	0.0	0.004	0.0	0.0	0.0	0.0	0.0	0.005	0.051	
Chromosome	5081338	A	C	0.032	0.085	0.027	0.062	0.026	0.032	0.024	0.006	0.051	0.024	0.04	0.005	0.031	0.024	0.042	0.029	0.007	0.062	0.042	0.032	0.043	0.048	0.028	0.034	0.025	0.044	0.038	0.022	0.036	0.093	0.054	0.022	0.044	0.125	0.03	0.051	0.037	0.032	0.031	0.013	0.028	0.019	0.051	0.036	0.028	0.029	0.029	0.044	0.007	0.048	0.039	0.043	0.027	0.034	0.035	0.031	0.019	0.03	0.063	0.014	0.039	0.031	0.038	0.0	0.048	0.03	0.032	0.023	0.176	
Chromosome	5088774	A	G	0.0	0.179	0.0	0.0	0.0	0.0	0.0	0.0	0.0	0.0	0.0	0.0	0.0	0.0	0.0	0.0	0.0	0.0	0.0	0.0	0.0	0.0	0.0	0.0	0.0	0.0	0.0	0.0	0.0	0.09	0.0	0.0	0.0	0.068	0.0	0.0	0.0	0.0	0.0	0.0	0.0	0.003	0.0	0.0	0.003	0.0	0.0	0.0	0.0	0.0	0.0	0.0	0.0	0.0	0.0	0.0	0.0	0.0	0.101	0.0	0.0	0.0	0.0	0.0	0.0	0.003	0.0	0.0	0.074	
Chromosome	5261482	A	G	0.0	0.143	0.0	0.0	0.0	0.0	0.0	0.0	0.0	0.0	0.0	0.0	0.0	0.0	0.0	0.0	0.0	0.0	0.0	0.0	0.0	0.0	0.007	0.0	0.0	0.0	0.0	0.0	0.0	0.116	0.0	0.0	0.0	0.163	0.0	0.0	0.0	0.0	0.0	0.0	0.0	0.0	0.0	0.0	0.0	0.0	0.0	0.009	0.0	0.0	0.0	0.0	0.0	0.0	0.0	0.0	0.0	0.0	0.129	0.0	0.0	0.0	0.0	0.0	0.0	0.0	0.0	0.004	0.095	
Chromosome	5302494	T	C	0.0	0.195	0.0	0.0	0.0	0.0	0.0	0.0	0.0	0.0	0.0	0.0	0.0	0.0	0.0	0.0	0.007	0.0	0.005	0.0	0.0	0.0	0.007	0.0	0.0	0.0	0.0	0.0	0.0	0.0	0.0	0.005	0.0	0.0	0.0	0.0	0.0	0.0	0.0	0.0	0.0	0.0	0.0	0.0	0.0	0.0	0.002	0.0	0.0	0.0	0.0	0.0	0.0	0.0	0.0	0.0	0.0	0.0	0.0	0.0	0.0	0.0	0.0	0.0	0.0	0.0	0.0	0.0	0.0	
Chromosome	5671930	A	C	0.14	0.11	0.049	0.208	0.07	0.131	0.098	0.133	0.07	0.196	0.238	0.179	0.069	0.096	0.081	0.062	0.063	0.181	0.148	0.131	0.189	0.161	0.121	0.176	0.071	0.059	0.08	0.054	0.038	0.093	0.187	0.163	0.151	0.179	0.144	0.107	0.131	0.056	0.09	0.1	0.149	0.093	0.101	0.11	0.128	0.126	0.12	0.108	0.164	0.119	0.165	0.175	0.15	0.161	0.14	0.045	0.095	0.094	0.093	0.113	0.116	0.11	0.076	0.091	0.134	0.116	0.104	0.099	0.119	
Chromosome	5985838	TG	T	0.006	0.006	0.019	0.011	0.0	0.014	0.0	0.008	0.011	0.005	0.007	0.007	0.019	0.011	0.004	0.005	0.0	0.019	0.025	0.019	0.008	0.015	0.008	0.012	0.009	0.008	0.009	0.005	0.005	0.005	0.009	0.005	0.011	0.013	0.029	0.003	0.02	0.005	0.0	0.008	0.009	0.009	0.005	0.015	0.004	0.013	0.008	0.016	0.007	0.014	0.0	0.006	0.0	0.006	0.016	0.0	0.0	0.022	0.011	0.003	0.008	0.01	0.005	0.012	0.004	0.022	0.026	0.0	0.006	
Chromosome	5985841	A	ATG	0.0	0.0	0.0	0.0	0.0	0.0	0.0	0.0	0.0	0.0	0.0	0.0	0.0	0.0	0.0	0.0	0.0	0.0	0.0	0.0	0.0	0.0	0.0	0.0	0.0	0.0	0.0	0.0	0.0	0.0	0.0	0.0	0.0	0.0	0.0	0.0	0.0	0.0	0.0	0.0	0.0	0.0	0.0	0.0	0.0	0.0	0.0	0.0	0.0	0.0	0.0	0.0	0.0	0.0	0.0	0.0	0.0	0.0	0.0	0.0	0.0	0.0	0.0	0.0	0.0	0.0	0.0	0.0	0.0	
Chromosome	5985843	GAC	G	0.015	0.024	0.005	0.0	0.016	0.007	0.007	0.008	0.011	0.0	0.015	0.0	0.0	0.011	0.014	0.0	0.021	0.0	0.006	0.0	0.0	0.008	0.038	0.004	0.005	0.02	0.005	0.0	0.005	0.01	0.014	0.005	0.0	0.006	0.0	0.029	0.003	0.01	0.012	0.008	0.019	0.006	0.007	0.013	0.004	0.003	0.008	0.008	0.007	0.0	0.0	0.013	0.012	0.0	0.016	0.065	0.007	0.005	0.015	0.006	0.005	0.01	0.005	0.006	0.011	0.007	0.008	0.006	0.0	
Chromosome	6176262	T	TG	0.0	0.167	0.0	0.0	0.0	0.0	0.0	0.0	0.0	0.0	0.0	0.0	0.0	0.0	0.0	0.0	0.0	0.0	0.0	0.0	0.0	0.0	0.0	0.0	0.0	0.0	0.0	0.0	0.0	0.0	0.0	0.0	0.0	0.0	0.0	0.0	0.0	0.0	0.0	0.0	0.0	0.0	0.0	0.0	0.0	0.0	0.0	0.0	0.0	0.0	0.0	0.0	0.0	0.0	0.0	0.0	0.0	0.0	0.0	0.0	0.0	0.0	0.0	0.005	0.0	0.0	0.0	0.003	0.0	
Chromosome	6335405	A	G	0.0	0.19	0.0	0.0	0.0	0.0	0.0	0.0	0.0	0.0	0.0	0.0	0.0	0.0	0.0	0.0	0.0	0.0	0.0	0.0	0.0	0.0	0.0	0.0	0.0	0.0	0.0	0.0	0.0	0.0	0.0	0.0	0.0	0.0	0.0	0.0	0.0	0.0	0.0	0.0	0.0	0.0	0.0	0.0	0.0	0.0	0.0	0.0	0.0	0.007	0.0	0.0	0.0	0.0	0.0	0.0	0.0	0.0	0.0	0.0	0.0	0.0	0.0	0.0	0.0	0.0	0.0	0.0	0.0	
Chromosome	6376065	C	A	0.0	0.198	0.0	0.005	0.0	0.0	0.0	0.0	0.0	0.0	0.0	0.01	0.0	0.0	0.0	0.0	0.0	0.0	0.0	0.0	0.0	0.0	0.0	0.0	0.0	0.0	0.005	0.0	0.0	0.0	0.0	0.0	0.0	0.0	0.0	0.0	0.0	0.0	0.0	0.0	0.0	0.0	0.0	0.0	0.003	0.0	0.0	0.0	0.0	0.0	0.0	0.0	0.0	0.0	0.0	0.0	0.0	0.0	0.0	0.003	0.0	0.0	0.0	0.0	0.003	0.0	0.0	0.0	0.0	
Chromosome	6778445	A	C	0.117	0.211	0.19	0.263	0.106	0.236	0.159	0.199	0.245	0.182	0.18	0.221	0.224	0.193	0.236	0.3	0.27	0.214	0.214	0.144	0.16	0.269	0.287	0.244	0.26	0.239	0.215	0.223	0.219	0.146	0.205	0.268	0.227	0.218	0.211	0.145	0.135	0.188	0.273	0.271	0.198	0.169	0.141	0.178	0.162	0.211	0.164	0.23	0.25	0.295	0.179	0.209	0.182	0.215	0.148	0.369	0.254	0.265	0.182	0.191	0.181	0.17	0.234	0.23	0.232	0.159	0.145	0.203	0.226	
Chromosome	6778451	T	C	0.068	0.186	0.098	0.157	0.043	0.149	0.045	0.09	0.173	0.108	0.086	0.088	0.103	0.077	0.093	0.178	0.155	0.097	0.103	0.061	0.107	0.11	0.117	0.104	0.126	0.1	0.07	0.09	0.093	0.174	0.091	0.169	0.136	0.205	0.118	0.062	0.048	0.075	0.143	0.104	0.131	0.098	0.051	0.071	0.084	0.131	0.064	0.149	0.132	0.195	0.127	0.129	0.102	0.137	0.073	0.235	0.177	0.135	0.198	0.088	0.09	0.097	0.105	0.085	0.1	0.093	0.056	0.076	0.2	
