chromosome	pos	ref	mut	APAW	S2	S1	S3	Ana1	BedA	BedB	BedC	BedD	CipA	CipB	CipC	CLFA	CLFB	CLFC	CombA2	CombA3	CombA	CombAu1	CombAu3	CombAu5	CombB	CombC	CycloA	CycloB	CycloC	EMBA	EMBB	EMBC	F1	F2	F3	H1	H2	H3	INH1	INH2	INHA	LzdA	LzdB	LzdC	M91	M92	M9B	MMCA	MMCB	MMCC	MockA	MockB	MockC	MockD	MockE	MockF	MockG	MockH	MockI	MockJ	MockK	MockL	NANOA	NANOB	NANOC	RIFA	RIFB	RIFC	UV1	UV2	UV3	WT_Msm
Chromosome	35052	T	A	0.163	0.12	0.0	0.241	0.091	0.242	0.257	0.277	0.177	0.232	0.177	0.209	0.115	0.113	0.073	0.151	0.184	0.247	0.289	0.267	0.205	0.29	0.208	0.368	0.175	0.083	0.108	0.181	0.104	0.0	0.26	0.183	0.219	0.0	0.192	0.218	0.185	0.139	0.147	0.169	0.329	0.221	0.211	0.163	0.185	0.197	0.212	0.289	0.279	0.258	0.315	0.289	0.326	0.392	0.299	0.25	0.2	0.169	0.0	0.206	0.186	0.142	0.125	0.073	0.244	0.153	0.224	0.168	0.0	
Chromosome	38168	C	T	0.0	0.173	0.0	0.0	0.0	0.0	0.0	0.0	0.003	0.0	0.0	0.0	0.0	0.0	0.0	0.0	0.0	0.0	0.005	0.0	0.0	0.0	0.0	0.0	0.0	0.0	0.0	0.0	0.0	0.0	0.0	0.0	0.0	0.0	0.0	0.0	0.0	0.0	0.0	0.0	0.0	0.0	0.0	0.0	0.0	0.003	0.0	0.0	0.0	0.0	0.0	0.0	0.0	0.0	0.0	0.0	0.0	0.0	0.0	0.0	0.0	0.0	0.0	0.0	0.0	0.0	0.0	0.0	0.0	
Chromosome	57124	A	C	0.278	0.159	0.012	0.257	0.188	0.272	0.292	0.272	0.13	0.286	0.326	0.326	0.207	0.178	0.188	0.142	0.111	0.284	0.296	0.372	0.336	0.313	0.306	0.364	0.086	0.15	0.198	0.19	0.168	0.005	0.284	0.254	0.308	0.0	0.302	0.254	0.263	0.127	0.104	0.11	0.361	0.246	0.231	0.224	0.269	0.273	0.262	0.344	0.284	0.302	0.256	0.25	0.289	0.295	0.325	0.111	0.07	0.107	0.004	0.224	0.254	0.235	0.173	0.207	0.311	0.307	0.275	0.272	0.012	
Chromosome	57142	G	C	0.099	0.161	0.0	0.113	0.042	0.213	0.226	0.176	0.179	0.145	0.155	0.174	0.121	0.121	0.096	0.223	0.281	0.202	0.208	0.214	0.229	0.23	0.19	0.196	0.208	0.113	0.118	0.125	0.137	0.0	0.162	0.132	0.144	0.0	0.162	0.099	0.103	0.075	0.281	0.243	0.222	0.129	0.083	0.08	0.097	0.102	0.102	0.232	0.244	0.23	0.201	0.228	0.185	0.162	0.203	0.217	0.251	0.219	0.005	0.073	0.097	0.067	0.091	0.107	0.181	0.116	0.117	0.093	0.0	
Chromosome	71244	T	A	0.082	0.126	0.0	0.069	0.063	0.127	0.113	0.042	0.096	0.068	0.098	0.103	0.088	0.076	0.031	0.073	0.097	0.107	0.111	0.034	0.091	0.076	0.049	0.121	0.103	0.056	0.042	0.061	0.072	0.0	0.098	0.106	0.142	0.0	0.144	0.093	0.08	0.087	0.065	0.093	0.088	0.078	0.067	0.067	0.098	0.093	0.083	0.101	0.084	0.083	0.099	0.141	0.097	0.137	0.125	0.088	0.091	0.101	0.014	0.067	0.057	0.065	0.065	0.053	0.11	0.074	0.064	0.09	0.0	
Chromosome	202859	T	G	0.083	0.16	0.0	0.145	0.051	0.274	0.259	0.214	0.199	0.119	0.11	0.157	0.151	0.094	0.058	0.216	0.256	0.359	0.195	0.268	0.15	0.217	0.226	0.162	0.214	0.104	0.1	0.095	0.139	0.0	0.177	0.09	0.147	0.006	0.184	0.104	0.087	0.097	0.212	0.208	0.194	0.071	0.081	0.095	0.11	0.102	0.108	0.26	0.241	0.241	0.266	0.281	0.199	0.275	0.281	0.2	0.196	0.23	0.005	0.089	0.13	0.089	0.103	0.143	0.131	0.089	0.077	0.063	0.013	
Chromosome	249683	C	G	0.0	0.02	0.006	0.012	0.005	0.202	0.181	0.102	0.032	0.049	0.022	0.021	0.013	0.015	0.007	0.04	0.059	0.027	0.08	0.134	0.198	0.128	0.154	0.028	0.02	0.015	0.019	0.005	0.022	0.0	0.036	0.026	0.032	0.007	0.013	0.004	0.007	0.004	0.034	0.03	0.038	0.003	0.006	0.011	0.017	0.0	0.007	0.202	0.14	0.191	0.125	0.156	0.125	0.132	0.161	0.121	0.028	0.044	0.0	0.006	0.003	0.0	0.005	0.014	0.027	0.004	0.017	0.017	0.0	
Chromosome	249685	T	G	0.142	0.196	0.029	0.23	0.141	0.373	0.327	0.294	0.225	0.256	0.203	0.226	0.188	0.19	0.165	0.264	0.302	0.259	0.252	0.416	0.333	0.319	0.35	0.219	0.204	0.211	0.199	0.234	0.165	0.0	0.23	0.227	0.235	0.0	0.19	0.121	0.144	0.089	0.276	0.245	0.207	0.155	0.146	0.125	0.139	0.123	0.12	0.357	0.331	0.375	0.236	0.362	0.324	0.324	0.435	0.344	0.255	0.217	0.0	0.137	0.141	0.121	0.219	0.157	0.229	0.175	0.132	0.127	0.0	
Chromosome	424972	A	G	0.0	0.166	0.662	0.443	0.0	0.0	0.0	0.0	0.0	0.0	0.0	0.0	0.0	0.0	0.0	0.0	0.0	0.0	0.0	0.0	0.0	0.0	0.0	0.0	0.0	0.0	0.0	0.0	0.0	0.0	0.24	0.19	0.201	0.808	0.0	0.003	0.0	0.0	0.0	0.004	0.0	0.0	0.0	0.0	0.0	0.0	0.0	0.0	0.0	0.0	0.0	0.0	0.0	0.0	0.0	0.0	0.0	0.0	0.0	0.0	0.0	0.0	0.0	0.0	0.003	0.0	0.002	0.0	0.22	
Chromosome	645437	T	G	0.109	0.118	0.0	0.163	0.066	0.165	0.305	0.194	0.208	0.161	0.203	0.182	0.177	0.134	0.134	0.218	0.161	0.237	0.212	0.221	0.242	0.244	0.246	0.241	0.199	0.148	0.136	0.115	0.142	0.006	0.149	0.192	0.255	0.0	0.167	0.138	0.13	0.084	0.199	0.172	0.196	0.111	0.123	0.085	0.163	0.13	0.12	0.224	0.234	0.235	0.234	0.219	0.267	0.181	0.235	0.184	0.186	0.192	0.0	0.128	0.138	0.112	0.159	0.163	0.187	0.15	0.154	0.135	0.0	
Chromosome	708674	A	C	0.204	0.195	0.0	0.217	0.094	0.261	0.187	0.302	0.215	0.254	0.243	0.257	0.245	0.163	0.182	0.223	0.23	0.256	0.247	0.229	0.202	0.267	0.266	0.19	0.28	0.182	0.147	0.126	0.151	0.005	0.181	0.206	0.281	0.0	0.255	0.138	0.092	0.142	0.23	0.256	0.2	0.176	0.145	0.187	0.167	0.209	0.185	0.196	0.208	0.191	0.224	0.302	0.224	0.198	0.167	0.333	0.284	0.214	0.0	0.139	0.164	0.17	0.171	0.235	0.183	0.141	0.17	0.161	0.0	
Chromosome	708677	A	C	0.24	0.26	0.0	0.239	0.152	0.293	0.262	0.33	0.28	0.295	0.306	0.324	0.221	0.237	0.264	0.288	0.254	0.267	0.351	0.324	0.357	0.303	0.27	0.223	0.333	0.181	0.226	0.205	0.189	0.0	0.265	0.255	0.305	0.008	0.295	0.189	0.168	0.228	0.295	0.335	0.222	0.205	0.216	0.184	0.193	0.235	0.22	0.3	0.28	0.312	0.305	0.31	0.292	0.217	0.292	0.386	0.356	0.267	0.0	0.175	0.24	0.18	0.233	0.25	0.206	0.201	0.187	0.215	0.0	
Chromosome	725025	C	G	0.076	0.189	0.0	0.114	0.02	0.107	0.154	0.178	0.187	0.127	0.186	0.176	0.108	0.106	0.071	0.156	0.164	0.078	0.123	0.133	0.168	0.125	0.236	0.132	0.172	0.102	0.058	0.08	0.072	0.0	0.136	0.098	0.142	0.0	0.155	0.047	0.085	0.083	0.181	0.154	0.114	0.067	0.059	0.043	0.077	0.05	0.062	0.157	0.216	0.162	0.157	0.2	0.244	0.138	0.154	0.315	0.24	0.16	0.005	0.077	0.073	0.055	0.087	0.098	0.075	0.08	0.073	0.073	0.0	
Chromosome	725030	A	G	0.087	0.145	0.005	0.112	0.059	0.133	0.122	0.196	0.147	0.167	0.149	0.171	0.103	0.094	0.045	0.173	0.143	0.092	0.114	0.178	0.157	0.142	0.192	0.151	0.158	0.106	0.088	0.096	0.093	0.0	0.146	0.122	0.17	0.005	0.146	0.107	0.092	0.111	0.125	0.15	0.115	0.103	0.083	0.07	0.097	0.096	0.098	0.147	0.154	0.145	0.12	0.159	0.215	0.11	0.168	0.226	0.2	0.119	0.0	0.087	0.088	0.115	0.09	0.119	0.152	0.102	0.117	0.108	0.006	
Chromosome	725042	A	C	0.132	0.161	0.0	0.164	0.077	0.2	0.168	0.253	0.198	0.235	0.194	0.193	0.144	0.11	0.147	0.196	0.111	0.104	0.183	0.243	0.208	0.214	0.314	0.209	0.17	0.181	0.148	0.156	0.094	0.0	0.228	0.188	0.209	0.0	0.23	0.156	0.147	0.131	0.145	0.167	0.215	0.112	0.132	0.113	0.117	0.124	0.141	0.229	0.256	0.231	0.203	0.229	0.351	0.225	0.184	0.185	0.216	0.178	0.01	0.161	0.16	0.114	0.119	0.193	0.186	0.119	0.129	0.157	0.0	
Chromosome	787986	C	CG	0.003	0.008	0.0	0.006	0.0	0.017	0.008	0.008	0.0	0.005	0.0	0.006	0.005	0.008	0.004	0.0	0.0	0.01	0.015	0.015	0.009	0.024	0.0	0.013	0.004	0.0	0.0	0.0	0.005	0.0	0.004	0.011	0.0	0.0	0.005	0.0	0.0	0.0	0.005	0.005	0.0	0.0	0.003	0.0	0.004	0.0	0.005	0.009	0.018	0.028	0.025	0.014	0.019	0.013	0.038	0.0	0.009	0.0	0.0	0.0	0.003	0.0	0.004	0.0	0.0	0.003	0.005	0.003	0.0	
Chromosome	787989	C	G	0.057	0.148	0.0	0.093	0.031	0.114	0.147	0.16	0.223	0.062	0.107	0.128	0.126	0.121	0.097	0.241	0.264	0.131	0.147	0.158	0.191	0.137	0.087	0.173	0.259	0.132	0.138	0.089	0.078	0.0	0.098	0.179	0.115	0.007	0.115	0.05	0.068	0.051	0.304	0.259	0.204	0.048	0.044	0.033	0.072	0.079	0.076	0.119	0.128	0.163	0.241	0.156	0.104	0.105	0.138	0.294	0.266	0.211	0.0	0.043	0.059	0.036	0.101	0.087	0.124	0.06	0.062	0.085	0.0	
Chromosome	787998	G	C	0.102	0.11	0.0	0.08	0.079	0.134	0.132	0.178	0.056	0.094	0.139	0.092	0.094	0.13	0.136	0.083	0.097	0.077	0.14	0.149	0.125	0.081	0.083	0.112	0.037	0.109	0.115	0.119	0.126	0.0	0.128	0.141	0.092	0.0	0.137	0.112	0.124	0.105	0.077	0.076	0.097	0.119	0.115	0.105	0.138	0.155	0.143	0.111	0.093	0.135	0.145	0.109	0.117	0.044	0.129	0.0	0.043	0.057	0.0	0.121	0.135	0.114	0.067	0.048	0.099	0.166	0.135	0.151	0.0	
Chromosome	788001	A	C	0.258	0.16	0.0	0.243	0.136	0.252	0.202	0.325	0.092	0.229	0.282	0.281	0.195	0.235	0.206	0.113	0.154	0.267	0.263	0.231	0.264	0.222	0.145	0.264	0.057	0.196	0.176	0.258	0.222	0.005	0.275	0.309	0.269	0.008	0.266	0.25	0.234	0.195	0.131	0.113	0.288	0.253	0.249	0.193	0.263	0.269	0.268	0.238	0.21	0.25	0.28	0.206	0.255	0.148	0.183	0.024	0.072	0.098	0.005	0.244	0.241	0.231	0.142	0.157	0.268	0.263	0.257	0.277	0.007	
Chromosome	788006	G	C	0.255	0.146	0.0	0.234	0.131	0.239	0.193	0.283	0.084	0.219	0.282	0.279	0.144	0.214	0.125	0.103	0.152	0.224	0.245	0.219	0.22	0.217	0.148	0.218	0.057	0.155	0.157	0.209	0.175	0.0	0.291	0.295	0.259	0.008	0.247	0.274	0.255	0.166	0.096	0.089	0.29	0.285	0.25	0.238	0.261	0.292	0.317	0.24	0.203	0.218	0.27	0.207	0.239	0.135	0.177	0.0	0.035	0.068	0.005	0.25	0.262	0.258	0.102	0.133	0.227	0.277	0.263	0.306	0.0	
Chromosome	971947	C	G	0.057	0.189	0.045	0.115	0.027	0.114	0.133	0.177	0.195	0.163	0.147	0.136	0.134	0.133	0.119	0.147	0.214	0.14	0.147	0.128	0.147	0.137	0.131	0.184	0.181	0.081	0.14	0.106	0.126	0.061	0.178	0.12	0.155	0.071	0.149	0.066	0.076	0.098	0.148	0.165	0.167	0.13	0.082	0.075	0.1	0.095	0.082	0.12	0.124	0.216	0.172	0.16	0.173	0.257	0.217	0.273	0.201	0.167	0.086	0.115	0.092	0.089	0.111	0.074	0.125	0.137	0.082	0.093	0.024	
Chromosome	1336434	T	C	0.0	0.219	0.0	0.0	0.0	0.0	0.0	0.0	0.0	0.0	0.0	0.0	0.0	0.0	0.003	0.0	0.0	0.0	0.0	0.0	0.0	0.0	0.0	0.0	0.0	0.0	0.0	0.0	0.0	0.0	0.0	0.0	0.0	0.0	0.0	0.0	0.0	0.0	0.0	0.0	0.0	0.0	0.0	0.0	0.0	0.0	0.0	0.0	0.0	0.0	0.0	0.0	0.0	0.0	0.0	0.0	0.0	0.0	0.0	0.0	0.0	0.0	0.0	0.0	0.0	0.0	0.0	0.0	0.0	
Chromosome	1609003	A	T	0.109	0.178	0.0	0.112	0.105	0.091	0.116	0.144	0.093	0.075	0.067	0.097	0.092	0.063	0.077	0.129	0.081	0.106	0.113	0.073	0.072	0.144	0.059	0.114	0.084	0.074	0.088	0.052	0.056	0.0	0.131	0.147	0.117	0.0	0.11	0.089	0.116	0.079	0.083	0.072	0.083	0.095	0.134	0.107	0.088	0.124	0.128	0.056	0.083	0.11	0.067	0.13	0.041	0.052	0.084	0.116	0.072	0.082	0.0	0.127	0.106	0.111	0.065	0.091	0.122	0.082	0.118	0.12	0.0	
Chromosome	1630318	T	G	0.209	0.236	0.006	0.331	0.14	0.274	0.24	0.223	0.211	0.241	0.323	0.346	0.251	0.242	0.241	0.216	0.269	0.308	0.204	0.24	0.24	0.225	0.236	0.273	0.188	0.238	0.24	0.211	0.205	0.0	0.324	0.3	0.303	0.0	0.232	0.227	0.171	0.165	0.206	0.276	0.304	0.231	0.168	0.17	0.21	0.206	0.191	0.236	0.276	0.297	0.299	0.265	0.273	0.263	0.289	0.233	0.225	0.262	0.006	0.196	0.212	0.18	0.2	0.262	0.312	0.207	0.179	0.201	0.0	
Chromosome	1630343	A	C	0.114	0.066	0.0	0.28	0.064	0.274	0.241	0.258	0.055	0.2	0.171	0.277	0.072	0.073	0.085	0.065	0.071	0.245	0.184	0.256	0.189	0.195	0.208	0.238	0.057	0.088	0.083	0.079	0.103	0.0	0.211	0.216	0.163	0.0	0.18	0.179	0.14	0.053	0.05	0.064	0.274	0.154	0.138	0.14	0.148	0.134	0.129	0.179	0.256	0.308	0.26	0.209	0.223	0.246	0.2	0.045	0.078	0.082	0.0	0.145	0.189	0.163	0.08	0.059	0.197	0.129	0.132	0.193	0.012	
Chromosome	1763066	T	G	0.31	0.383	0.0	0.351	0.263	0.365	0.383	0.392	0.475	0.358	0.25	0.368	0.362	0.368	0.427	0.459	0.433	0.5	0.453	0.466	0.464	0.393	0.451	0.31	0.43	0.351	0.351	0.373	0.364	0.0	0.375	0.35	0.368	0.0	0.406	0.307	0.29	0.315	0.482	0.488	0.259	0.309	0.23	0.249	0.283	0.278	0.257	0.308	0.46	0.481	0.577	0.449	0.367	0.274	0.348	0.37	0.5	0.55	0.005	0.34	0.3	0.254	0.349	0.33	0.368	0.297	0.278	0.279	0.0	
Chromosome	1763101	G	C	0.244	0.551	0.0	0.233	0.163	0.441	0.489	0.354	0.531	0.305	0.284	0.292	0.427	0.486	0.461	0.436	0.442	0.302	0.36	0.339	0.356	0.31	0.426	0.26	0.462	0.399	0.384	0.331	0.408	0.0	0.337	0.318	0.321	0.0	0.307	0.271	0.295	0.496	0.511	0.464	0.313	0.294	0.255	0.291	0.291	0.307	0.263	0.255	0.397	0.29	0.431	0.323	0.237	0.446	0.327	0.5	0.481	0.468	0.0	0.267	0.291	0.257	0.435	0.427	0.329	0.19	0.25	0.297	0.0	
Chromosome	1777813	T	G	0.226	0.206	0.005	0.35	0.168	0.269	0.253	0.331	0.182	0.259	0.266	0.28	0.226	0.243	0.179	0.185	0.263	0.25	0.276	0.271	0.349	0.337	0.257	0.249	0.19	0.225	0.237	0.221	0.19	0.004	0.286	0.299	0.278	0.0	0.328	0.269	0.273	0.161	0.161	0.168	0.281	0.23	0.259	0.193	0.223	0.335	0.237	0.299	0.314	0.305	0.335	0.327	0.391	0.387	0.38	0.273	0.235	0.207	0.0	0.232	0.204	0.2	0.237	0.182	0.32	0.224	0.23	0.221	0.006	
Chromosome	1787487	T	G	0.139	0.18	0.006	0.216	0.062	0.315	0.247	0.187	0.22	0.223	0.221	0.225	0.131	0.193	0.117	0.223	0.176	0.24	0.181	0.238	0.304	0.275	0.243	0.234	0.261	0.157	0.106	0.13	0.146	0.0	0.194	0.233	0.197	0.006	0.223	0.14	0.115	0.136	0.212	0.187	0.249	0.162	0.14	0.196	0.156	0.156	0.167	0.191	0.237	0.241	0.227	0.211	0.196	0.221	0.255	0.212	0.259	0.203	0.006	0.154	0.16	0.174	0.179	0.128	0.239	0.144	0.158	0.127	0.007	
Chromosome	2163416	A	T	0.134	0.078	0.0	0.065	0.105	0.067	0.068	0.129	0.049	0.118	0.098	0.034	0.103	0.092	0.112	0.111	0.133	0.087	0.12	0.103	0.128	0.084	0.077	0.106	0.086	0.066	0.09	0.118	0.09	0.0	0.094	0.134	0.061	0.0	0.09	0.137	0.142	0.091	0.101	0.079	0.109	0.133	0.118	0.086	0.148	0.168	0.132	0.028	0.074	0.088	0.03	0.037	0.092	0.064	0.08	0.043	0.075	0.087	0.0	0.116	0.115	0.146	0.097	0.089	0.137	0.176	0.139	0.151	0.0	
Chromosome	2195100	T	G	0.089	0.149	0.005	0.074	0.085	0.124	0.186	0.12	0.178	0.192	0.205	0.162	0.186	0.129	0.143	0.174	0.151	0.198	0.141	0.22	0.198	0.168	0.155	0.199	0.129	0.151	0.145	0.137	0.179	0.0	0.156	0.119	0.225	0.0	0.156	0.112	0.094	0.09	0.15	0.143	0.184	0.114	0.142	0.121	0.142	0.103	0.093	0.132	0.184	0.188	0.225	0.17	0.144	0.201	0.16	0.14	0.164	0.128	0.0	0.119	0.12	0.141	0.158	0.131	0.204	0.109	0.116	0.088	0.007	
Chromosome	2224338	G	GGCGTGACGAGGTCAGATGCCGACCAGA	0.512	0.537	0.417	0.571	0.4	0.529	0.452	0.526	0.458	0.51	0.468	0.391	0.508	0.377	0.481	0.48	0.556	0.667	0.582	0.439	0.484	0.55	0.614	0.562	0.453	0.455	0.581	0.577	0.597	0.364	0.571	0.442	0.538	0.204	0.56	0.517	0.567	0.456	0.634	0.483	0.611	0.543	0.571	0.532	0.488	0.536	0.495	0.519	0.613	0.545	0.533	0.591	0.5	0.474	0.744	0.562	0.538	0.5	0.354	0.504	0.531	0.582	0.479	0.5	0.687	0.553	0.574	0.447	0.333	
Chromosome	2308809	C	T	0.0	0.2	0.0	0.006	0.0	0.0	0.0	0.0	0.0	0.0	0.0	0.0	0.0	0.0	0.0	0.0	0.0	0.0	0.0	0.0	0.0	0.0	0.0	0.0	0.0	0.0	0.0	0.0	0.0	0.0	0.0	0.0	0.0	0.0	0.0	0.0	0.0	0.0	0.0	0.0	0.0	0.0	0.0	0.0	0.0	0.0	0.0	0.0	0.0	0.0	0.0	0.0	0.0	0.0	0.0	0.0	0.0	0.0	0.0	0.0	0.0	0.0	0.0	0.0	0.0	0.0	0.0	0.0	0.0	
Chromosome	2491565	A	T	0.103	0.121	0.0	0.12	0.09	0.163	0.091	0.127	0.165	0.154	0.136	0.173	0.093	0.091	0.1	0.158	0.094	0.15	0.118	0.132	0.164	0.158	0.148	0.205	0.117	0.095	0.125	0.121	0.151	0.0	0.118	0.103	0.138	0.0	0.094	0.124	0.14	0.107	0.181	0.176	0.163	0.096	0.121	0.121	0.178	0.08	0.104	0.138	0.139	0.16	0.15	0.183	0.188	0.115	0.114	0.167	0.181	0.148	0.0	0.108	0.119	0.118	0.115	0.116	0.143	0.113	0.105	0.105	0.0	
Chromosome	2579189	A	C	0.173	0.226	0.0	0.303	0.134	0.268	0.276	0.242	0.322	0.271	0.222	0.31	0.219	0.219	0.213	0.261	0.246	0.282	0.237	0.297	0.183	0.206	0.319	0.253	0.25	0.187	0.23	0.232	0.224	0.006	0.273	0.263	0.274	0.0	0.395	0.248	0.226	0.202	0.275	0.243	0.239	0.21	0.225	0.223	0.277	0.259	0.226	0.283	0.34	0.287	0.219	0.263	0.281	0.333	0.308	0.238	0.256	0.256	0.0	0.225	0.219	0.226	0.154	0.254	0.234	0.26	0.238	0.244	0.013	
Chromosome	2648054	T	G	0.09	0.135	0.01	0.095	0.082	0.069	0.076	0.044	0.102	0.064	0.078	0.097	0.133	0.093	0.124	0.102	0.109	0.095	0.041	0.098	0.094	0.085	0.075	0.071	0.087	0.084	0.077	0.083	0.102	0.011	0.099	0.091	0.041	0.0	0.115	0.067	0.052	0.07	0.128	0.1	0.132	0.071	0.078	0.065	0.086	0.065	0.07	0.069	0.128	0.082	0.085	0.056	0.144	0.17	0.088	0.098	0.119	0.122	0.0	0.054	0.048	0.028	0.108	0.066	0.064	0.052	0.057	0.058	0.0	
Chromosome	2952399	C	G	0.109	0.197	0.0	0.223	0.076	0.143	0.17	0.109	0.173	0.156	0.187	0.18	0.154	0.112	0.123	0.204	0.265	0.096	0.152	0.135	0.158	0.161	0.168	0.154	0.136	0.142	0.12	0.139	0.121	0.005	0.204	0.196	0.165	0.0	0.252	0.11	0.121	0.09	0.127	0.126	0.177	0.104	0.101	0.119	0.089	0.152	0.119	0.129	0.119	0.134	0.144	0.129	0.081	0.173	0.175	0.189	0.189	0.182	0.0	0.093	0.128	0.119	0.154	0.112	0.124	0.102	0.109	0.089	0.0	
Chromosome	2952405	A	C	0.131	0.152	0.0	0.238	0.131	0.123	0.214	0.107	0.176	0.216	0.223	0.224	0.164	0.113	0.144	0.153	0.171	0.125	0.173	0.182	0.163	0.151	0.158	0.193	0.106	0.169	0.104	0.134	0.19	0.0	0.204	0.229	0.174	0.006	0.254	0.142	0.104	0.125	0.141	0.196	0.197	0.102	0.156	0.129	0.144	0.165	0.143	0.186	0.178	0.194	0.171	0.148	0.163	0.183	0.15	0.118	0.164	0.119	0.012	0.155	0.128	0.158	0.162	0.134	0.136	0.135	0.126	0.122	0.0	
Chromosome	3015747	G	C	0.202	0.339	0.0	0.227	0.291	0.207	0.209	0.295	0.376	0.209	0.252	0.231	0.297	0.287	0.326	0.481	0.5	0.239	0.306	0.279	0.203	0.217	0.243	0.305	0.399	0.29	0.343	0.347	0.344	0.0	0.246	0.204	0.25	0.0	0.231	0.222	0.194	0.303	0.452	0.427	0.204	0.238	0.223	0.219	0.271	0.211	0.225	0.273	0.258	0.247	0.212	0.194	0.169	0.212	0.258	0.545	0.515	0.5	0.0	0.235	0.239	0.215	0.27	0.341	0.284	0.174	0.224	0.231	0.0	
Chromosome	3059407	T	G	0.087	0.128	0.005	0.149	0.058	0.197	0.197	0.168	0.177	0.256	0.164	0.239	0.084	0.168	0.094	0.28	0.241	0.192	0.184	0.217	0.256	0.205	0.277	0.24	0.268	0.155	0.139	0.116	0.075	0.0	0.164	0.172	0.168	0.0	0.124	0.09	0.077	0.077	0.288	0.277	0.266	0.072	0.082	0.072	0.114	0.077	0.104	0.239	0.238	0.256	0.214	0.268	0.161	0.202	0.256	0.308	0.211	0.215	0.006	0.104	0.107	0.091	0.125	0.095	0.142	0.099	0.103	0.068	0.0	
Chromosome	3092769	T	TGG	0.0	0.0	0.0	0.022	0.0	0.0	0.0	0.0	0.0	0.0	0.0	0.0	0.0	0.0	0.0	0.0	0.0	0.0	0.0	0.014	0.0	0.0	0.0	0.0	0.0	0.0	0.0	0.0	0.0	0.0	0.0	0.0	0.0	0.0	0.0	0.0	0.0	0.0	0.0	0.01	0.0	0.0	0.0	0.0	0.0	0.0	0.0	0.0	0.021	0.0	0.0	0.0	0.02	0.0	0.019	0.0	0.0	0.0	0.0	0.0	0.0	0.0	0.0	0.0	0.0	0.0	0.0	0.0	0.0	
Chromosome	3092770	C	G	0.145	0.034	0.0	0.185	0.0	0.125	0.125	0.087	0.026	0.139	0.192	0.156	0.007	0.023	0.0	0.089	0.043	0.118	0.152	0.159	0.14	0.128	0.119	0.114	0.112	0.033	0.0	0.007	0.029	0.0	0.159	0.122	0.176	0.008	0.145	0.15	0.126	0.007	0.099	0.067	0.143	0.122	0.142	0.181	0.108	0.137	0.11	0.12	0.229	0.098	0.163	0.097	0.098	0.194	0.143	0.045	0.078	0.073	0.0	0.161	0.091	0.142	0.022	0.0	0.144	0.105	0.153	0.109	0.0	
Chromosome	3092808	A	C	0.368	0.353	0.0	0.39	0.328	0.373	0.267	0.241	0.511	0.403	0.289	0.443	0.589	0.505	0.541	0.488	0.561	0.273	0.316	0.456	0.316	0.373	0.26	0.395	0.627	0.536	0.53	0.615	0.574	0.0	0.384	0.333	0.27	0.0	0.385	0.327	0.315	0.396	0.568	0.593	0.446	0.413	0.347	0.392	0.368	0.364	0.318	0.4	0.264	0.396	0.283	0.364	0.318	0.418	0.349	0.4	0.46	0.547	0.0	0.405	0.34	0.308	0.564	0.487	0.391	0.3	0.333	0.251	0.01	
Chromosome	3105791	A	G	0.162	0.279	0.0	0.27	0.182	0.213	0.2	0.328	0.359	0.17	0.204	0.141	0.193	0.28	0.198	0.416	0.516	0.269	0.29	0.253	0.236	0.315	0.219	0.191	0.391	0.173	0.25	0.22	0.271	0.005	0.192	0.2	0.162	0.0	0.148	0.186	0.157	0.141	0.432	0.279	0.179	0.192	0.192	0.167	0.16	0.2	0.154	0.386	0.267	0.25	0.359	0.226	0.259	0.258	0.25	0.526	0.455	0.371	0.0	0.169	0.188	0.194	0.208	0.226	0.203	0.13	0.117	0.172	0.0	
Chromosome	3123426	T	G	0.146	0.176	0.007	0.237	0.126	0.244	0.243	0.258	0.263	0.228	0.21	0.237	0.243	0.218	0.161	0.27	0.245	0.343	0.197	0.273	0.209	0.254	0.204	0.286	0.241	0.283	0.173	0.237	0.205	0.006	0.287	0.24	0.205	0.0	0.195	0.135	0.095	0.131	0.256	0.257	0.206	0.154	0.163	0.142	0.155	0.113	0.163	0.248	0.169	0.377	0.25	0.245	0.33	0.227	0.246	0.348	0.246	0.188	0.0	0.189	0.178	0.115	0.226	0.19	0.214	0.123	0.119	0.135	0.0	
Chromosome	3253951	A	C	0.11	0.198	0.0	0.161	0.101	0.262	0.145	0.153	0.151	0.207	0.133	0.175	0.108	0.097	0.096	0.127	0.099	0.135	0.232	0.236	0.25	0.201	0.167	0.171	0.128	0.092	0.16	0.139	0.085	0.0	0.185	0.216	0.194	0.0	0.22	0.116	0.145	0.096	0.119	0.108	0.165	0.163	0.116	0.108	0.134	0.134	0.139	0.173	0.184	0.209	0.215	0.262	0.238	0.185	0.194	0.196	0.086	0.089	0.0	0.137	0.154	0.142	0.163	0.159	0.189	0.144	0.135	0.14	0.0	
Chromosome	3777630	T	G	0.182	0.255	0.0	0.244	0.163	0.227	0.304	0.34	0.231	0.305	0.299	0.26	0.225	0.299	0.214	0.366	0.344	0.338	0.275	0.308	0.26	0.316	0.314	0.263	0.302	0.192	0.223	0.204	0.2	0.0	0.301	0.251	0.22	0.007	0.331	0.164	0.176	0.149	0.194	0.224	0.254	0.145	0.216	0.158	0.182	0.133	0.184	0.213	0.27	0.277	0.305	0.24	0.355	0.257	0.267	0.411	0.275	0.349	0.0	0.175	0.212	0.227	0.161	0.252	0.196	0.217	0.176	0.188	0.0	
Chromosome	3777637	A	C	0.147	0.218	0.007	0.222	0.108	0.253	0.286	0.32	0.217	0.283	0.261	0.265	0.153	0.228	0.209	0.331	0.224	0.237	0.292	0.281	0.223	0.308	0.21	0.256	0.254	0.293	0.188	0.189	0.138	0.0	0.31	0.262	0.275	0.0	0.264	0.196	0.201	0.169	0.219	0.211	0.23	0.161	0.185	0.179	0.146	0.205	0.184	0.233	0.378	0.218	0.275	0.316	0.418	0.315	0.24	0.51	0.287	0.219	0.0	0.188	0.154	0.143	0.242	0.248	0.215	0.151	0.174	0.155	0.006	
Chromosome	3847886	T	A	0.206	0.238	0.0	0.245	0.167	0.214	0.246	0.165	0.36	0.279	0.2	0.241	0.186	0.171	0.147	0.297	0.26	0.225	0.3	0.203	0.205	0.235	0.234	0.259	0.333	0.253	0.227	0.134	0.206	0.0	0.243	0.263	0.259	0.0	0.274	0.159	0.258	0.204	0.267	0.251	0.258	0.24	0.2	0.207	0.229	0.269	0.219	0.236	0.183	0.256	0.22	0.195	0.187	0.223	0.237	0.408	0.286	0.291	0.0	0.274	0.253	0.219	0.169	0.238	0.27	0.242	0.245	0.224	0.0	
Chromosome	3847896	T	A	0.133	0.133	0.0	0.137	0.093	0.109	0.172	0.145	0.167	0.104	0.119	0.12	0.057	0.127	0.103	0.152	0.142	0.141	0.164	0.133	0.092	0.138	0.162	0.171	0.173	0.118	0.119	0.077	0.122	0.0	0.118	0.125	0.155	0.0	0.164	0.072	0.146	0.109	0.106	0.134	0.153	0.158	0.128	0.133	0.146	0.183	0.162	0.152	0.142	0.125	0.148	0.145	0.092	0.175	0.118	0.105	0.147	0.166	0.0	0.203	0.169	0.147	0.113	0.136	0.15	0.17	0.175	0.152	0.0	
Chromosome	3873616	A	C	0.184	0.321	0.0	0.252	0.103	0.244	0.303	0.274	0.378	0.258	0.242	0.243	0.292	0.331	0.242	0.441	0.441	0.212	0.33	0.278	0.274	0.37	0.378	0.281	0.419	0.199	0.278	0.241	0.253	0.0	0.302	0.221	0.269	0.0	0.235	0.206	0.142	0.167	0.413	0.46	0.258	0.22	0.2	0.236	0.219	0.237	0.211	0.257	0.274	0.208	0.229	0.239	0.307	0.28	0.355	0.491	0.352	0.38	0.007	0.206	0.186	0.196	0.269	0.242	0.24	0.17	0.211	0.214	0.0	
Chromosome	4143094	G	A	0.0	0.182	0.586	0.438	0.0	0.0	0.0	0.0	0.0	0.0	0.011	0.0	0.004	0.0	0.0	0.0	0.0	0.0	0.0	0.0	0.0	0.0	0.0	0.0	0.0	0.0	0.0	0.0	0.0	0.0	0.24	0.207	0.168	0.764	0.0	0.003	0.0	0.0	0.0	0.0	0.0	0.0	0.0	0.0	0.0	0.0	0.0	0.0	0.0	0.0	0.0	0.0	0.0	0.0	0.0	0.0	0.0	0.0	0.0	0.0	0.0	0.0	0.0	0.0	0.0	0.0	0.0	0.0	0.164	
Chromosome	4214321	G	T	0.529	0.522	0.497	0.512	0.434	0.504	0.535	0.506	0.488	0.49	0.508	0.522	0.467	0.508	0.486	0.461	0.44	0.5	0.562	0.546	0.516	0.506	0.475	0.489	0.518	0.512	0.491	0.538	0.498	0.48	0.489	0.498	0.535	0.55	0.536	0.505	0.515	0.537	0.542	0.471	0.535	0.499	0.522	0.532	0.509	0.501	0.518	0.532	0.496	0.437	0.482	0.494	0.488	0.547	0.609	0.667	0.516	0.494	0.327	0.527	0.502	0.5	0.52	0.555	0.518	0.497	0.481	0.394	0.498	
Chromosome	4214326	C	A	0.527	0.527	0.501	0.52	0.448	0.506	0.551	0.508	0.494	0.501	0.496	0.524	0.477	0.511	0.498	0.472	0.443	0.506	0.555	0.525	0.537	0.51	0.476	0.49	0.5	0.517	0.491	0.534	0.5	0.482	0.477	0.503	0.535	0.554	0.536	0.506	0.524	0.531	0.543	0.486	0.537	0.498	0.516	0.526	0.513	0.503	0.516	0.544	0.495	0.458	0.492	0.5	0.477	0.562	0.611	0.663	0.526	0.493	0.332	0.53	0.503	0.497	0.512	0.551	0.514	0.503	0.483	0.401	0.495	
Chromosome	4214347	A	C	0.51	0.532	0.512	0.532	0.466	0.518	0.532	0.519	0.506	0.494	0.484	0.535	0.484	0.495	0.491	0.475	0.473	0.508	0.556	0.527	0.529	0.528	0.512	0.494	0.5	0.506	0.496	0.54	0.508	0.468	0.473	0.529	0.541	0.544	0.526	0.494	0.504	0.538	0.542	0.482	0.535	0.503	0.512	0.533	0.514	0.48	0.518	0.546	0.514	0.481	0.492	0.522	0.485	0.571	0.582	0.647	0.551	0.508	0.343	0.538	0.495	0.504	0.507	0.542	0.519	0.492	0.466	0.412	0.475	
Chromosome	4214560	C	A	0.452	0.498	0.524	0.496	0.533	0.441	0.444	0.525	0.503	0.477	0.478	0.474	0.465	0.518	0.466	0.465	0.544	0.5	0.53	0.506	0.48	0.485	0.401	0.533	0.478	0.449	0.475	0.494	0.517	0.463	0.458	0.491	0.505	0.538	0.511	0.494	0.476	0.515	0.485	0.48	0.481	0.502	0.45	0.481	0.478	0.497	0.486	0.431	0.453	0.479	0.42	0.509	0.468	0.49	0.472	0.509	0.462	0.494	0.408	0.494	0.506	0.43	0.49	0.489	0.515	0.442	0.432	0.326	0.498	
Chromosome	4214572	C	A	0.459	0.488	0.548	0.5	0.519	0.416	0.429	0.502	0.494	0.471	0.486	0.465	0.464	0.508	0.467	0.451	0.538	0.486	0.514	0.496	0.482	0.498	0.408	0.527	0.469	0.444	0.472	0.473	0.501	0.47	0.462	0.489	0.509	0.53	0.513	0.481	0.454	0.519	0.485	0.465	0.478	0.489	0.451	0.479	0.477	0.504	0.485	0.459	0.452	0.473	0.412	0.48	0.455	0.479	0.473	0.522	0.462	0.486	0.406	0.493	0.489	0.426	0.493	0.501	0.512	0.44	0.42	0.324	0.495	
Chromosome	4214624	G	T	0.448	0.467	0.507	0.444	0.487	0.407	0.436	0.455	0.444	0.45	0.447	0.459	0.435	0.469	0.439	0.447	0.524	0.416	0.5	0.464	0.442	0.441	0.378	0.51	0.412	0.391	0.45	0.471	0.45	0.407	0.434	0.451	0.476	0.503	0.453	0.439	0.427	0.477	0.418	0.416	0.428	0.461	0.421	0.448	0.435	0.464	0.448	0.438	0.421	0.397	0.385	0.465	0.392	0.463	0.462	0.491	0.472	0.401	0.378	0.451	0.436	0.409	0.476	0.485	0.462	0.409	0.377	0.333	0.511	
Chromosome	4214739	G	GT	0.34	0.306	0.357	0.309	0.395	0.304	0.332	0.352	0.324	0.364	0.304	0.32	0.338	0.351	0.336	0.368	0.472	0.392	0.342	0.38	0.312	0.339	0.353	0.34	0.358	0.313	0.303	0.316	0.331	0.327	0.332	0.362	0.287	0.317	0.332	0.332	0.321	0.353	0.327	0.388	0.339	0.358	0.305	0.333	0.32	0.334	0.355	0.331	0.371	0.301	0.321	0.371	0.324	0.352	0.367	0.535	0.391	0.331	0.26	0.338	0.314	0.329	0.36	0.327	0.316	0.303	0.304	0.266	0.329	
Chromosome	4435221	A	AC	0.0	0.222	0.0	0.0	0.0	0.0	0.0	0.0	0.0	0.0	0.0	0.0	0.0	0.0	0.0	0.0	0.0	0.0	0.0	0.0	0.0	0.0	0.0	0.0	0.0	0.0	0.0	0.0	0.0	0.0	0.0	0.0	0.0	0.0	0.0	0.0	0.0	0.0	0.0	0.0	0.0	0.0	0.0	0.0	0.0	0.0	0.0	0.0	0.0	0.0	0.0	0.0	0.0	0.0	0.0	0.0	0.0	0.0	0.0	0.0	0.0	0.0	0.0	0.0	0.0	0.0	0.0	0.0	0.0	
Chromosome	4447867	G	C	0.092	0.113	0.0	0.148	0.029	0.244	0.212	0.176	0.172	0.134	0.122	0.135	0.107	0.118	0.094	0.218	0.178	0.25	0.179	0.213	0.152	0.188	0.129	0.207	0.121	0.088	0.123	0.111	0.123	0.0	0.107	0.12	0.112	0.0	0.124	0.114	0.14	0.079	0.193	0.137	0.163	0.104	0.118	0.101	0.103	0.109	0.111	0.187	0.206	0.168	0.185	0.248	0.188	0.175	0.237	0.25	0.19	0.137	0.0	0.116	0.114	0.139	0.108	0.073	0.161	0.128	0.09	0.111	0.0	
Chromosome	4541914	T	A	0.106	0.097	0.0	0.091	0.091	0.068	0.104	0.168	0.121	0.137	0.072	0.103	0.114	0.057	0.088	0.065	0.053	0.173	0.097	0.129	0.177	0.112	0.115	0.073	0.057	0.101	0.099	0.089	0.068	0.0	0.139	0.099	0.1	0.0	0.098	0.126	0.144	0.107	0.049	0.064	0.091	0.104	0.097	0.104	0.137	0.12	0.118	0.112	0.123	0.102	0.107	0.132	0.156	0.11	0.101	0.069	0.066	0.114	0.0	0.095	0.112	0.092	0.069	0.09	0.161	0.127	0.138	0.148	0.0	
Chromosome	4599782	G	A	0.0	0.17	0.0	0.0	0.0	0.0	0.0	0.0	0.0	0.0	0.0	0.0	0.0	0.0	0.0	0.0	0.0	0.0	0.0	0.0	0.0	0.0	0.0	0.0	0.0	0.0	0.0	0.0	0.0	0.0	0.0	0.0	0.0	0.0	0.0	0.0	0.0	0.0	0.0	0.0	0.0	0.0	0.0	0.0	0.0	0.0	0.0	0.0	0.0	0.0	0.0	0.0	0.0	0.0	0.0	0.0	0.0	0.0	0.0	0.0	0.0	0.0	0.0	0.0	0.0	0.0	0.0	0.0	0.013	
Chromosome	4619545	A	C	0.183	0.206	0.0	0.212	0.145	0.265	0.229	0.267	0.221	0.242	0.322	0.252	0.224	0.197	0.173	0.206	0.242	0.21	0.272	0.28	0.225	0.293	0.238	0.256	0.28	0.168	0.253	0.15	0.219	0.0	0.177	0.286	0.215	0.0	0.219	0.167	0.197	0.202	0.234	0.295	0.253	0.186	0.201	0.168	0.219	0.206	0.191	0.2	0.223	0.221	0.295	0.32	0.177	0.263	0.282	0.318	0.283	0.241	0.0	0.239	0.172	0.163	0.167	0.214	0.249	0.205	0.162	0.191	0.0	
Chromosome	4619547	G	C	0.195	0.207	0.0	0.188	0.149	0.191	0.238	0.271	0.211	0.206	0.253	0.273	0.172	0.179	0.173	0.172	0.227	0.208	0.252	0.282	0.248	0.246	0.217	0.232	0.253	0.138	0.184	0.151	0.155	0.0	0.139	0.206	0.222	0.0	0.241	0.144	0.209	0.178	0.15	0.216	0.222	0.222	0.191	0.191	0.211	0.169	0.182	0.22	0.263	0.196	0.194	0.271	0.181	0.224	0.277	0.286	0.252	0.229	0.0	0.225	0.196	0.173	0.118	0.116	0.254	0.266	0.175	0.179	0.0	
Chromosome	4639740	A	C	0.103	0.219	0.0	0.233	0.077	0.239	0.208	0.314	0.24	0.254	0.246	0.234	0.164	0.141	0.153	0.286	0.268	0.217	0.248	0.173	0.263	0.284	0.177	0.169	0.267	0.132	0.132	0.111	0.145	0.014	0.189	0.18	0.19	0.005	0.218	0.113	0.12	0.108	0.23	0.218	0.254	0.157	0.125	0.111	0.132	0.125	0.115	0.232	0.265	0.212	0.268	0.262	0.243	0.363	0.214	0.16	0.251	0.202	0.005	0.134	0.124	0.127	0.169	0.175	0.171	0.149	0.122	0.122	0.006	
Chromosome	4724236	C	CG	0.007	0.028	0.0	0.015	0.01	0.045	0.0	0.02	0.057	0.027	0.006	0.016	0.034	0.014	0.026	0.055	0.072	0.039	0.014	0.018	0.026	0.009	0.049	0.052	0.005	0.017	0.023	0.019	0.023	0.0	0.013	0.019	0.022	0.0	0.006	0.006	0.011	0.012	0.05	0.023	0.027	0.013	0.003	0.004	0.011	0.009	0.002	0.018	0.031	0.028	0.044	0.051	0.03	0.037	0.02	0.032	0.02	0.041	0.0	0.004	0.003	0.006	0.028	0.027	0.021	0.003	0.0	0.003	0.0	
Chromosome	4724242	G	C	0.222	0.234	0.0	0.264	0.172	0.247	0.248	0.245	0.321	0.261	0.251	0.255	0.217	0.187	0.201	0.304	0.25	0.205	0.265	0.33	0.286	0.295	0.258	0.222	0.327	0.208	0.202	0.176	0.162	0.0	0.203	0.259	0.235	0.005	0.252	0.3	0.212	0.255	0.207	0.324	0.253	0.221	0.226	0.193	0.235	0.233	0.235	0.369	0.29	0.315	0.309	0.196	0.235	0.31	0.25	0.34	0.319	0.283	0.006	0.218	0.205	0.206	0.198	0.214	0.276	0.215	0.238	0.141	0.0	
Chromosome	4724246	A	C	0.306	0.157	0.006	0.354	0.171	0.299	0.304	0.243	0.243	0.289	0.344	0.258	0.223	0.244	0.235	0.284	0.262	0.278	0.311	0.315	0.245	0.342	0.275	0.318	0.268	0.261	0.269	0.232	0.23	0.0	0.272	0.29	0.267	0.0	0.327	0.31	0.277	0.203	0.22	0.297	0.348	0.235	0.269	0.275	0.294	0.358	0.288	0.386	0.398	0.367	0.33	0.206	0.277	0.389	0.23	0.233	0.248	0.219	0.0	0.281	0.263	0.26	0.281	0.251	0.312	0.275	0.296	0.192	0.0	
Chromosome	4738601	T	G	0.179	0.188	0.0	0.241	0.07	0.196	0.211	0.261	0.184	0.199	0.215	0.208	0.181	0.141	0.131	0.231	0.247	0.348	0.21	0.277	0.194	0.268	0.255	0.246	0.207	0.138	0.145	0.158	0.209	0.0	0.202	0.177	0.219	0.011	0.212	0.157	0.132	0.082	0.258	0.21	0.297	0.152	0.193	0.133	0.133	0.138	0.187	0.25	0.208	0.254	0.261	0.229	0.239	0.279	0.229	0.2	0.233	0.288	0.0	0.134	0.163	0.163	0.163	0.142	0.234	0.193	0.164	0.15	0.006	
Chromosome	4910340	A	C	0.158	0.113	0.011	0.155	0.098	0.189	0.195	0.207	0.127	0.177	0.157	0.167	0.15	0.091	0.099	0.109	0.147	0.182	0.169	0.174	0.241	0.2	0.199	0.206	0.176	0.122	0.111	0.103	0.117	0.011	0.193	0.183	0.197	0.017	0.203	0.09	0.111	0.126	0.155	0.127	0.175	0.125	0.132	0.126	0.145	0.138	0.113	0.118	0.176	0.219	0.191	0.167	0.23	0.168	0.2	0.175	0.153	0.132	0.006	0.156	0.12	0.1	0.123	0.117	0.133	0.141	0.124	0.123	0.009	
Chromosome	5130928	A	C	0.149	0.124	0.019	0.135	0.137	0.272	0.19	0.239	0.157	0.162	0.141	0.127	0.169	0.114	0.179	0.107	0.17	0.188	0.238	0.191	0.207	0.168	0.165	0.159	0.168	0.162	0.108	0.144	0.153	0.0	0.18	0.141	0.166	0.0	0.143	0.172	0.137	0.148	0.207	0.134	0.146	0.141	0.146	0.138	0.139	0.174	0.132	0.185	0.188	0.135	0.222	0.174	0.245	0.218	0.176	0.208	0.192	0.191	0.012	0.161	0.18	0.147	0.161	0.192	0.158	0.165	0.122	0.13	0.01	
Chromosome	5438586	A	G	0.0	0.217	0.0	0.0	0.0	0.0	0.0	0.0	0.0	0.0	0.0	0.0	0.0	0.0	0.0	0.0	0.0	0.0	0.0	0.0	0.0	0.0	0.0	0.0	0.0	0.0	0.0	0.0	0.0	0.0	0.0	0.0	0.0	0.0	0.0	0.0	0.0	0.0	0.0	0.0	0.0	0.0	0.0	0.0	0.0	0.0	0.0	0.0	0.0	0.0	0.0	0.0	0.0	0.0	0.0	0.0	0.0	0.0	0.0	0.0	0.0	0.0	0.0	0.0	0.0	0.0	0.0	0.0	0.0	
Chromosome	5461789	T	G	0.108	0.263	0.006	0.33	0.107	0.359	0.451	0.46	0.412	0.349	0.333	0.346	0.225	0.197	0.174	0.5	0.404	0.315	0.39	0.494	0.459	0.457	0.602	0.455	0.442	0.239	0.237	0.217	0.231	0.0	0.33	0.357	0.409	0.008	0.326	0.174	0.22	0.145	0.316	0.327	0.353	0.17	0.168	0.167	0.181	0.164	0.215	0.327	0.487	0.46	0.532	0.438	0.352	0.44	0.413	0.6	0.472	0.342	0.011	0.163	0.144	0.082	0.179	0.278	0.232	0.118	0.137	0.175	0.01	
Chromosome	5521106	A	C	0.049	0.121	0.006	0.11	0.036	0.13	0.189	0.122	0.146	0.126	0.139	0.124	0.078	0.068	0.053	0.158	0.144	0.132	0.13	0.162	0.131	0.142	0.173	0.123	0.136	0.086	0.057	0.058	0.071	0.0	0.078	0.071	0.133	0.0	0.138	0.068	0.08	0.056	0.139	0.127	0.163	0.058	0.081	0.051	0.059	0.059	0.072	0.176	0.195	0.212	0.2	0.144	0.163	0.19	0.204	0.057	0.145	0.105	0.004	0.053	0.072	0.077	0.109	0.093	0.082	0.077	0.051	0.078	0.0	
Chromosome	5651226	A	G	0.228	0.106	0.0	0.174	0.06	0.278	0.245	0.261	0.212	0.256	0.243	0.196	0.136	0.168	0.18	0.23	0.183	0.32	0.153	0.194	0.222	0.178	0.219	0.222	0.232	0.167	0.169	0.171	0.112	0.006	0.204	0.284	0.228	0.0	0.198	0.181	0.18	0.093	0.177	0.235	0.229	0.199	0.162	0.141	0.147	0.233	0.131	0.114	0.149	0.187	0.235	0.206	0.218	0.195	0.261	0.056	0.22	0.216	0.0	0.209	0.186	0.209	0.171	0.139	0.22	0.244	0.18	0.222	0.0	
Chromosome	5693406	T	G	0.162	0.065	0.0	0.238	0.044	0.177	0.348	0.288	0.23	0.181	0.171	0.255	0.143	0.16	0.117	0.204	0.343	0.196	0.286	0.353	0.279	0.213	0.363	0.268	0.273	0.18	0.182	0.141	0.149	0.0	0.25	0.274	0.218	0.0	0.174	0.12	0.115	0.081	0.186	0.262	0.214	0.119	0.154	0.11	0.164	0.167	0.141	0.206	0.369	0.397	0.244	0.485	0.366	0.293	0.259	0.4	0.247	0.303	0.0	0.162	0.132	0.16	0.142	0.131	0.201	0.18	0.12	0.134	0.0	
Chromosome	5812482	A	C	0.256	0.41	0.006	0.374	0.248	0.364	0.286	0.176	0.433	0.274	0.256	0.256	0.232	0.276	0.298	0.516	0.469	0.357	0.236	0.3	0.447	0.264	0.375	0.394	0.43	0.339	0.29	0.267	0.379	0.006	0.34	0.26	0.306	0.036	0.263	0.224	0.271	0.217	0.482	0.423	0.312	0.243	0.243	0.247	0.302	0.23	0.234	0.362	0.365	0.422	0.321	0.273	0.357	0.362	0.512	0.263	0.417	0.381	0.0	0.25	0.252	0.225	0.308	0.432	0.394	0.266	0.202	0.209	0.007	
Chromosome	6065279	A	C	0.132	0.161	0.0	0.157	0.092	0.213	0.229	0.288	0.165	0.171	0.211	0.178	0.14	0.127	0.136	0.215	0.134	0.203	0.27	0.198	0.23	0.222	0.204	0.207	0.184	0.102	0.126	0.117	0.118	0.0	0.129	0.199	0.181	0.0	0.173	0.119	0.136	0.049	0.166	0.196	0.177	0.13	0.136	0.117	0.11	0.107	0.121	0.198	0.196	0.284	0.145	0.16	0.215	0.28	0.21	0.2	0.21	0.181	0.0	0.152	0.167	0.17	0.132	0.108	0.122	0.111	0.13	0.125	0.0	
Chromosome	6075168	G	C	0.115	0.157	0.0	0.188	0.067	0.098	0.169	0.138	0.186	0.187	0.176	0.199	0.101	0.14	0.138	0.143	0.173	0.171	0.22	0.148	0.219	0.104	0.137	0.175	0.135	0.164	0.13	0.172	0.168	0.0	0.255	0.183	0.254	0.0	0.209	0.145	0.15	0.128	0.148	0.205	0.177	0.159	0.141	0.144	0.157	0.174	0.104	0.193	0.155	0.15	0.11	0.143	0.202	0.104	0.153	0.211	0.133	0.221	0.0	0.15	0.126	0.16	0.201	0.165	0.14	0.141	0.136	0.134	0.0	
Chromosome	6075171	G	C	0.097	0.23	0.0	0.145	0.062	0.135	0.198	0.144	0.262	0.207	0.188	0.163	0.153	0.107	0.154	0.225	0.32	0.211	0.267	0.197	0.224	0.185	0.142	0.215	0.183	0.188	0.163	0.189	0.195	0.0	0.241	0.182	0.228	0.012	0.225	0.127	0.102	0.111	0.195	0.26	0.176	0.094	0.093	0.092	0.119	0.116	0.1	0.19	0.141	0.186	0.184	0.178	0.17	0.095	0.158	0.262	0.257	0.322	0.0	0.108	0.108	0.12	0.181	0.175	0.134	0.124	0.094	0.089	0.0	
Chromosome	6075172	A	C	0.13	0.296	0.007	0.24	0.133	0.18	0.25	0.229	0.3	0.239	0.237	0.211	0.198	0.181	0.189	0.258	0.344	0.211	0.317	0.211	0.241	0.17	0.197	0.258	0.253	0.241	0.213	0.235	0.195	0.006	0.285	0.252	0.289	0.0	0.254	0.18	0.16	0.2	0.299	0.322	0.286	0.152	0.187	0.184	0.184	0.16	0.143	0.314	0.188	0.24	0.219	0.222	0.26	0.152	0.232	0.341	0.333	0.328	0.006	0.155	0.168	0.176	0.206	0.226	0.167	0.176	0.148	0.163	0.0	
Chromosome	6162249	C	G	0.112	0.206	0.081	0.172	0.076	0.087	0.159	0.145	0.298	0.183	0.179	0.158	0.136	0.122	0.13	0.162	0.247	0.116	0.169	0.156	0.07	0.062	0.13	0.15	0.198	0.131	0.118	0.143	0.136	0.048	0.142	0.163	0.148	0.069	0.204	0.126	0.103	0.123	0.193	0.136	0.16	0.134	0.093	0.108	0.11	0.138	0.124	0.155	0.225	0.205	0.152	0.12	0.145	0.216	0.174	0.371	0.226	0.175	0.056	0.1	0.118	0.101	0.134	0.108	0.147	0.121	0.112	0.123	0.062	
Chromosome	6336520	T	G	0.244	0.256	0.017	0.409	0.276	0.378	0.288	0.297	0.35	0.317	0.281	0.321	0.312	0.4	0.35	0.315	0.571	0.4	0.316	0.278	0.293	0.39	0.352	0.407	0.392	0.328	0.381	0.292	0.258	0.005	0.323	0.296	0.347	0.013	0.339	0.246	0.307	0.324	0.34	0.286	0.416	0.335	0.325	0.268	0.246	0.397	0.282	0.415	0.356	0.308	0.3	0.413	0.348	0.358	0.269	0.643	0.367	0.391	0.005	0.317	0.296	0.269	0.343	0.368	0.331	0.288	0.281	0.346	0.0	
Chromosome	6336530	A	C	0.311	0.385	0.0	0.372	0.194	0.423	0.479	0.549	0.364	0.373	0.504	0.319	0.339	0.379	0.409	0.457	0.65	0.426	0.444	0.552	0.448	0.57	0.522	0.415	0.514	0.338	0.433	0.349	0.387	0.0	0.387	0.421	0.424	0.006	0.408	0.218	0.247	0.255	0.371	0.433	0.492	0.307	0.271	0.27	0.288	0.293	0.241	0.548	0.438	0.586	0.506	0.373	0.5	0.523	0.534	0.667	0.585	0.403	0.0	0.255	0.285	0.199	0.331	0.267	0.395	0.258	0.247	0.301	0.0	
Chromosome	6635085	C	G	0.281	0.373	0.006	0.284	0.111	0.275	0.194	0.256	0.295	0.302	0.343	0.344	0.325	0.306	0.258	0.372	0.354	0.227	0.372	0.266	0.339	0.24	0.28	0.266	0.322	0.313	0.292	0.281	0.333	0.0	0.322	0.314	0.263	0.0	0.313	0.271	0.257	0.255	0.343	0.283	0.224	0.247	0.248	0.291	0.25	0.289	0.257	0.287	0.329	0.252	0.324	0.285	0.256	0.287	0.322	0.4	0.313	0.348	0.0	0.304	0.261	0.288	0.324	0.332	0.26	0.28	0.274	0.286	0.006	
Chromosome	6687516	C	G	0.122	0.253	0.0	0.158	0.094	0.203	0.172	0.16	0.435	0.179	0.184	0.199	0.247	0.231	0.15	0.415	0.488	0.211	0.25	0.325	0.234	0.275	0.271	0.211	0.392	0.191	0.206	0.23	0.189	0.0	0.184	0.171	0.158	0.0	0.121	0.061	0.075	0.163	0.385	0.349	0.193	0.144	0.091	0.084	0.102	0.113	0.102	0.269	0.315	0.235	0.258	0.314	0.139	0.281	0.229	0.558	0.367	0.383	0.0	0.093	0.099	0.071	0.189	0.224	0.174	0.119	0.094	0.076	0.0	
Chromosome	6687520	G	C	0.231	0.381	0.0	0.302	0.181	0.286	0.258	0.238	0.504	0.228	0.278	0.223	0.262	0.184	0.259	0.375	0.453	0.136	0.263	0.313	0.274	0.2	0.336	0.32	0.56	0.257	0.238	0.232	0.234	0.0	0.261	0.207	0.242	0.0	0.238	0.146	0.214	0.237	0.311	0.413	0.242	0.215	0.192	0.161	0.226	0.212	0.181	0.346	0.383	0.324	0.371	0.393	0.171	0.36	0.302	0.441	0.5	0.411	0.005	0.221	0.206	0.159	0.209	0.26	0.269	0.216	0.177	0.223	0.005	
Chromosome	6687524	T	G	0.332	0.245	0.012	0.444	0.115	0.434	0.459	0.475	0.46	0.342	0.451	0.34	0.288	0.226	0.232	0.425	0.429	0.333	0.458	0.512	0.505	0.57	0.53	0.45	0.446	0.277	0.215	0.257	0.276	0.0	0.447	0.368	0.432	0.0	0.394	0.27	0.319	0.195	0.291	0.372	0.348	0.285	0.314	0.265	0.299	0.311	0.257	0.525	0.611	0.5	0.592	0.5	0.578	0.471	0.426	0.429	0.311	0.333	0.004	0.296	0.303	0.247	0.204	0.318	0.328	0.289	0.293	0.267	0.005	
Chromosome	6687528	A	C	0.244	0.173	0.0	0.223	0.107	0.313	0.357	0.407	0.284	0.231	0.246	0.307	0.224	0.173	0.167	0.265	0.238	0.328	0.408	0.36	0.439	0.354	0.333	0.258	0.284	0.185	0.181	0.192	0.207	0.0	0.326	0.269	0.293	0.0	0.336	0.172	0.197	0.104	0.195	0.262	0.354	0.192	0.214	0.197	0.215	0.216	0.228	0.308	0.34	0.513	0.419	0.408	0.322	0.281	0.349	0.174	0.209	0.259	0.005	0.255	0.226	0.241	0.207	0.15	0.229	0.171	0.215	0.24	0.0	
Chromosome	6687534	G	GC	0.007	0.06	0.0	0.013	0.007	0.053	0.041	0.035	0.066	0.015	0.021	0.013	0.02	0.024	0.009	0.03	0.041	0.033	0.041	0.033	0.051	0.051	0.042	0.034	0.071	0.016	0.026	0.01	0.021	0.0	0.017	0.036	0.017	0.0	0.028	0.0	0.004	0.015	0.069	0.044	0.049	0.018	0.006	0.004	0.011	0.004	0.012	0.013	0.058	0.0	0.024	0.026	0.022	0.065	0.057	0.157	0.087	0.09	0.0	0.018	0.01	0.01	0.014	0.029	0.015	0.003	0.003	0.007	0.0	
Chromosome	6778441	A	C	0.072	0.122	0.035	0.172	0.064	0.17	0.122	0.098	0.177	0.132	0.102	0.163	0.111	0.124	0.126	0.22	0.217	0.119	0.15	0.083	0.116	0.172	0.184	0.153	0.181	0.118	0.092	0.146	0.135	0.025	0.127	0.202	0.166	0.036	0.148	0.074	0.079	0.127	0.19	0.176	0.164	0.103	0.098	0.116	0.103	0.14	0.056	0.171	0.165	0.174	0.166	0.199	0.168	0.17	0.12	0.239	0.201	0.173	0.033	0.098	0.09	0.098	0.129	0.126	0.143	0.075	0.076	0.121	0.014	
Chromosome	6778445	A	C	0.117	0.19	0.211	0.263	0.106	0.236	0.159	0.199	0.245	0.182	0.18	0.221	0.224	0.193	0.236	0.3	0.27	0.214	0.214	0.144	0.16	0.269	0.287	0.244	0.26	0.239	0.215	0.223	0.219	0.146	0.205	0.268	0.227	0.218	0.211	0.145	0.135	0.188	0.273	0.271	0.198	0.169	0.141	0.178	0.162	0.211	0.164	0.23	0.25	0.295	0.179	0.209	0.182	0.215	0.148	0.369	0.254	0.265	0.182	0.191	0.181	0.17	0.234	0.23	0.232	0.159	0.145	0.203	0.226	
Chromosome	6778451	T	A	0.231	0.224	0.0	0.188	0.236	0.227	0.189	0.231	0.142	0.185	0.153	0.211	0.196	0.209	0.183	0.23	0.196	0.257	0.206	0.159	0.182	0.186	0.284	0.204	0.174	0.176	0.233	0.218	0.208	0.0	0.16	0.224	0.202	0.0	0.171	0.263	0.252	0.286	0.208	0.19	0.176	0.241	0.287	0.263	0.245	0.205	0.254	0.202	0.194	0.181	0.16	0.152	0.219	0.211	0.164	0.206	0.12	0.188	0.0	0.216	0.232	0.208	0.181	0.185	0.248	0.246	0.282	0.229	0.0	
Chromosome	6778456	G	C	0.172	0.233	0.184	0.281	0.109	0.293	0.143	0.26	0.267	0.185	0.17	0.25	0.237	0.193	0.22	0.341	0.287	0.257	0.29	0.174	0.198	0.257	0.287	0.219	0.237	0.204	0.187	0.202	0.211	0.156	0.225	0.265	0.273	0.185	0.24	0.215	0.193	0.257	0.3	0.21	0.227	0.235	0.223	0.238	0.23	0.24	0.195	0.219	0.233	0.303	0.203	0.254	0.256	0.233	0.231	0.441	0.268	0.258	0.185	0.218	0.223	0.199	0.209	0.185	0.281	0.221	0.209	0.237	0.133	
Chromosome	6913446	T	G	0.158	0.089	0.0	0.201	0.117	0.162	0.122	0.196	0.15	0.167	0.142	0.164	0.122	0.108	0.139	0.112	0.121	0.151	0.16	0.159	0.201	0.175	0.225	0.139	0.122	0.154	0.139	0.151	0.138	0.005	0.154	0.189	0.178	0.005	0.209	0.186	0.143	0.159	0.161	0.16	0.191	0.175	0.162	0.237	0.128	0.146	0.146	0.113	0.233	0.25	0.175	0.205	0.175	0.207	0.275	0.016	0.125	0.145	0.0	0.175	0.186	0.198	0.145	0.158	0.154	0.235	0.183	0.19	0.005	
Chromosome	6923330	T	G	0.29	0.265	0.006	0.283	0.253	0.352	0.347	0.411	0.365	0.397	0.421	0.319	0.333	0.374	0.324	0.472	0.587	0.472	0.467	0.396	0.397	0.383	0.427	0.39	0.423	0.307	0.372	0.351	0.382	0.0	0.392	0.372	0.322	0.0	0.42	0.258	0.264	0.271	0.46	0.412	0.466	0.31	0.292	0.261	0.261	0.294	0.261	0.339	0.411	0.474	0.417	0.493	0.376	0.471	0.507	0.588	0.413	0.437	0.0	0.261	0.3	0.279	0.36	0.294	0.352	0.236	0.273	0.232	0.014	
Chromosome	6966376	T	G	0.285	0.41	0.0	0.392	0.341	0.413	0.413	0.413	0.54	0.416	0.309	0.425	0.448	0.357	0.442	0.483	0.545	0.41	0.383	0.276	0.327	0.306	0.373	0.401	0.476	0.483	0.439	0.405	0.444	0.0	0.355	0.342	0.365	0.0	0.273	0.352	0.329	0.396	0.5	0.486	0.379	0.346	0.312	0.312	0.327	0.396	0.323	0.394	0.346	0.365	0.368	0.378	0.429	0.364	0.301	0.308	0.398	0.47	0.0	0.304	0.335	0.345	0.511	0.354	0.393	0.324	0.346	0.338	0.0	
Chromosome	6966411	G	C	0.226	0.301	0.0	0.286	0.093	0.455	0.324	0.42	0.345	0.297	0.298	0.303	0.289	0.165	0.26	0.397	0.44	0.375	0.434	0.404	0.356	0.355	0.466	0.365	0.355	0.268	0.212	0.231	0.321	0.0	0.309	0.349	0.286	0.0	0.306	0.278	0.259	0.185	0.427	0.435	0.319	0.317	0.265	0.198	0.268	0.264	0.215	0.277	0.591	0.476	0.415	0.41	0.481	0.416	0.452	0.19	0.218	0.422	0.006	0.261	0.257	0.206	0.266	0.256	0.3	0.225	0.223	0.246	0.0	
