chromosome	pos	ref	mut	APAW	S3	S1	S2	Ana1	BedA	BedB	BedC	BedD	CipA	CipB	CipC	CLFA	CLFB	CLFC	CombA2	CombA3	CombA	CombAu1	CombAu3	CombAu5	CombB	CombC	CycloA	CycloB	CycloC	EMBA	EMBB	EMBC	F1	F2	F3	H1	H2	H3	INH1	INH2	INHA	LzdA	LzdB	LzdC	M91	M92	M9B	MMCA	MMCB	MMCC	MockA	MockB	MockC	MockD	MockE	MockF	MockG	MockH	MockI	MockJ	MockK	MockL	NANOA	NANOB	NANOC	RIFA	RIFB	RIFC	UV1	UV2	UV3	WT_Msm
Chromosome	131001	T	G	0.002	0.179	0.0	0.004	0.0	0.0	0.013	0.006	0.003	0.007	0.0	0.004	0.0	0.0	0.003	0.0	0.0	0.0	0.005	0.0	0.0	0.012	0.0	0.003	0.0	0.003	0.0	0.009	0.0	0.004	0.007	0.004	0.004	0.009	0.004	0.0	0.0	0.003	0.0	0.004	0.008	0.0	0.006	0.0	0.003	0.006	0.003	0.0	0.0	0.0	0.015	0.006	0.0	0.0	0.0	0.0	0.0	0.003	0.0	0.0	0.003	0.0	0.0	0.0	0.005	0.0	0.004	0.002	0.005	
Chromosome	202859	T	G	0.083	0.145	0.0	0.16	0.051	0.274	0.259	0.214	0.199	0.119	0.11	0.157	0.151	0.094	0.058	0.216	0.256	0.359	0.195	0.268	0.15	0.217	0.226	0.162	0.214	0.104	0.1	0.095	0.139	0.0	0.177	0.09	0.147	0.006	0.184	0.104	0.087	0.097	0.212	0.208	0.194	0.071	0.081	0.095	0.11	0.102	0.108	0.26	0.241	0.241	0.266	0.281	0.199	0.275	0.281	0.2	0.196	0.23	0.005	0.089	0.13	0.089	0.103	0.143	0.131	0.089	0.077	0.063	0.013	
Chromosome	424972	A	G	0.0	0.443	0.662	0.166	0.0	0.0	0.0	0.0	0.0	0.0	0.0	0.0	0.0	0.0	0.0	0.0	0.0	0.0	0.0	0.0	0.0	0.0	0.0	0.0	0.0	0.0	0.0	0.0	0.0	0.0	0.24	0.19	0.201	0.808	0.0	0.003	0.0	0.0	0.0	0.004	0.0	0.0	0.0	0.0	0.0	0.0	0.0	0.0	0.0	0.0	0.0	0.0	0.0	0.0	0.0	0.0	0.0	0.0	0.0	0.0	0.0	0.0	0.0	0.0	0.003	0.0	0.002	0.0	0.22	
Chromosome	642761	A	C	0.02	0.137	0.019	0.048	0.011	0.098	0.071	0.048	0.101	0.066	0.127	0.085	0.05	0.063	0.032	0.114	0.134	0.089	0.085	0.069	0.086	0.096	0.065	0.128	0.115	0.027	0.05	0.038	0.045	0.0	0.112	0.086	0.065	0.011	0.059	0.021	0.041	0.025	0.082	0.096	0.118	0.009	0.012	0.009	0.032	0.04	0.04	0.084	0.101	0.093	0.102	0.072	0.148	0.07	0.096	0.102	0.101	0.107	0.005	0.037	0.04	0.019	0.042	0.033	0.092	0.015	0.019	0.017	0.0	
Chromosome	767491	T	G	0.115	0.196	0.0	0.118	0.04	0.213	0.245	0.362	0.158	0.162	0.197	0.206	0.102	0.136	0.113	0.143	0.139	0.208	0.331	0.217	0.265	0.234	0.292	0.132	0.145	0.138	0.165	0.108	0.141	0.0	0.171	0.205	0.163	0.006	0.167	0.076	0.083	0.064	0.143	0.167	0.192	0.086	0.086	0.092	0.076	0.063	0.079	0.242	0.333	0.255	0.29	0.302	0.297	0.285	0.19	0.205	0.223	0.152	0.007	0.081	0.091	0.071	0.138	0.135	0.105	0.074	0.093	0.055	0.0	
Chromosome	767496	A	C	0.062	0.109	0.006	0.018	0.02	0.194	0.224	0.197	0.094	0.122	0.116	0.099	0.053	0.046	0.051	0.068	0.07	0.14	0.205	0.188	0.167	0.168	0.203	0.101	0.063	0.077	0.078	0.054	0.042	0.0	0.076	0.1	0.105	0.0	0.09	0.046	0.057	0.019	0.051	0.102	0.091	0.064	0.033	0.035	0.055	0.039	0.047	0.206	0.204	0.195	0.137	0.187	0.139	0.16	0.181	0.081	0.05	0.059	0.006	0.051	0.049	0.037	0.021	0.036	0.073	0.034	0.065	0.032	0.007	
Chromosome	767497	T	G	0.047	0.126	0.006	0.027	0.02	0.113	0.104	0.217	0.073	0.105	0.089	0.125	0.053	0.052	0.046	0.045	0.04	0.074	0.157	0.168	0.12	0.132	0.145	0.089	0.062	0.044	0.033	0.041	0.036	0.01	0.105	0.135	0.12	0.006	0.08	0.046	0.042	0.029	0.072	0.089	0.08	0.051	0.038	0.038	0.063	0.014	0.049	0.134	0.23	0.133	0.193	0.2	0.15	0.152	0.194	0.083	0.066	0.05	0.0	0.051	0.063	0.045	0.065	0.042	0.06	0.053	0.044	0.029	0.007	
Chromosome	916142	T	G	0.084	0.128	0.005	0.098	0.085	0.095	0.058	0.101	0.086	0.078	0.111	0.144	0.099	0.09	0.062	0.131	0.174	0.101	0.107	0.048	0.043	0.096	0.099	0.085	0.121	0.072	0.097	0.062	0.087	0.0	0.098	0.131	0.101	0.011	0.118	0.092	0.086	0.073	0.116	0.076	0.054	0.078	0.096	0.122	0.076	0.068	0.083	0.09	0.092	0.088	0.076	0.089	0.145	0.104	0.05	0.098	0.096	0.094	0.005	0.077	0.046	0.055	0.095	0.101	0.139	0.073	0.057	0.059	0.0	
Chromosome	1324951	C	CCTGGATGG	0.004	0.112	0.0	0.0	0.0	0.0	0.0	0.0	0.0	0.0	0.0	0.0	0.0	0.0	0.0	0.0	0.0	0.01	0.0	0.0	0.0	0.0	0.0	0.0	0.0	0.0	0.0	0.0	0.0	0.0	0.0	0.0	0.0	0.0	0.0	0.0	0.0	0.0	0.0	0.0	0.0	0.0	0.0	0.0	0.0	0.0	0.002	0.0	0.0	0.0	0.0	0.0	0.0	0.0	0.0	0.0	0.0	0.0	0.0	0.0	0.0	0.0	0.0	0.0	0.0	0.0	0.0	0.0	0.0	
Chromosome	1341535	T	TGGCTCTTCGCACTTGACGGTGTAGAGA	0.0	0.0	0.0	0.0	0.0	0.0	0.0	0.0	0.0	0.0	0.0	0.0	0.0	0.0	0.0	0.0	0.0	0.0	0.0	0.0	0.0	0.0	0.0	0.0	0.0	0.0	0.0	0.0	0.0	0.0	0.0	0.0	0.0	0.0	0.0	0.0	0.0	0.0	0.0	0.0	0.0	0.0	0.0	0.0	0.0	0.0	0.0	0.0	0.0	0.0	0.0	0.0	0.0	0.0	0.0	0.0	0.0	0.0	0.0	0.0	0.0	0.0	0.0	0.0	0.0	0.0	0.0	0.0	0.0	
Chromosome	1393088	T	G	0.049	0.142	0.0	0.039	0.079	0.029	0.089	0.046	0.053	0.069	0.11	0.047	0.179	0.086	0.098	0.052	0.052	0.043	0.054	0.076	0.047	0.095	0.078	0.074	0.051	0.1	0.091	0.175	0.089	0.0	0.085	0.103	0.094	0.0	0.08	0.058	0.043	0.066	0.057	0.071	0.039	0.063	0.032	0.044	0.059	0.045	0.084	0.103	0.033	0.067	0.041	0.092	0.065	0.025	0.055	0.1	0.102	0.086	0.0	0.089	0.084	0.023	0.053	0.055	0.022	0.048	0.036	0.044	0.0	
Chromosome	1437874	T	G	0.067	0.115	0.0	0.092	0.065	0.063	0.103	0.071	0.121	0.098	0.116	0.065	0.185	0.142	0.175	0.115	0.138	0.088	0.065	0.086	0.058	0.092	0.125	0.101	0.123	0.141	0.161	0.165	0.117	0.004	0.098	0.101	0.109	0.005	0.127	0.121	0.108	0.091	0.09	0.109	0.108	0.099	0.072	0.096	0.114	0.096	0.137	0.079	0.113	0.107	0.138	0.118	0.102	0.049	0.115	0.148	0.068	0.131	0.004	0.082	0.084	0.092	0.166	0.203	0.132	0.07	0.13	0.083	0.011	
Chromosome	1574114	T	G	0.158	0.213	0.006	0.156	0.177	0.245	0.262	0.197	0.219	0.177	0.218	0.18	0.146	0.167	0.224	0.26	0.312	0.263	0.298	0.318	0.274	0.299	0.268	0.211	0.16	0.177	0.204	0.179	0.144	0.005	0.135	0.168	0.213	0.012	0.128	0.135	0.095	0.16	0.214	0.232	0.183	0.194	0.142	0.113	0.154	0.128	0.178	0.29	0.281	0.365	0.298	0.309	0.315	0.302	0.293	0.125	0.192	0.237	0.011	0.142	0.13	0.149	0.171	0.201	0.155	0.132	0.118	0.134	0.007	
Chromosome	1736550	T	G	0.053	0.095	0.005	0.021	0.034	0.096	0.094	0.044	0.034	0.101	0.097	0.111	0.064	0.027	0.043	0.034	0.064	0.152	0.116	0.101	0.113	0.074	0.076	0.071	0.038	0.051	0.052	0.052	0.041	0.0	0.1	0.116	0.064	0.0	0.085	0.046	0.077	0.023	0.039	0.046	0.107	0.041	0.062	0.033	0.078	0.025	0.071	0.085	0.089	0.097	0.117	0.083	0.093	0.077	0.102	0.07	0.036	0.045	0.0	0.064	0.031	0.044	0.039	0.043	0.092	0.051	0.049	0.051	0.006	
Chromosome	1756627	T	G	0.135	0.165	0.006	0.086	0.048	0.225	0.149	0.21	0.097	0.142	0.17	0.136	0.126	0.139	0.101	0.108	0.082	0.211	0.201	0.176	0.201	0.218	0.148	0.152	0.061	0.101	0.099	0.1	0.115	0.005	0.177	0.178	0.104	0.007	0.155	0.094	0.092	0.077	0.099	0.086	0.184	0.128	0.11	0.079	0.108	0.112	0.116	0.257	0.2	0.134	0.205	0.272	0.225	0.252	0.211	0.125	0.045	0.109	0.006	0.105	0.115	0.042	0.083	0.083	0.155	0.104	0.104	0.087	0.0	
Chromosome	1777808	T	G	0.136	0.275	0.0	0.195	0.099	0.308	0.231	0.302	0.225	0.17	0.172	0.188	0.197	0.152	0.117	0.255	0.298	0.209	0.274	0.294	0.347	0.333	0.294	0.256	0.269	0.151	0.161	0.188	0.14	0.0	0.273	0.225	0.242	0.0	0.231	0.151	0.125	0.154	0.254	0.219	0.216	0.156	0.201	0.117	0.143	0.2	0.164	0.257	0.379	0.277	0.347	0.309	0.355	0.407	0.326	0.425	0.321	0.291	0.014	0.162	0.16	0.126	0.166	0.14	0.204	0.128	0.145	0.141	0.0	
Chromosome	1777813	T	G	0.226	0.35	0.005	0.206	0.168	0.269	0.253	0.331	0.182	0.259	0.266	0.28	0.226	0.243	0.179	0.185	0.263	0.25	0.276	0.271	0.349	0.337	0.257	0.249	0.19	0.225	0.237	0.221	0.19	0.004	0.286	0.299	0.278	0.0	0.328	0.269	0.273	0.161	0.161	0.168	0.281	0.23	0.259	0.193	0.223	0.335	0.237	0.299	0.314	0.305	0.335	0.327	0.391	0.387	0.38	0.273	0.235	0.207	0.0	0.232	0.204	0.2	0.237	0.182	0.32	0.224	0.23	0.221	0.006	
Chromosome	1777822	T	G	0.193	0.323	0.0	0.133	0.109	0.29	0.243	0.307	0.104	0.21	0.266	0.222	0.133	0.151	0.091	0.098	0.202	0.193	0.238	0.321	0.37	0.333	0.308	0.275	0.113	0.181	0.168	0.156	0.134	0.004	0.282	0.293	0.304	0.0	0.29	0.26	0.219	0.099	0.133	0.114	0.274	0.216	0.218	0.191	0.242	0.278	0.227	0.261	0.348	0.291	0.341	0.337	0.382	0.418	0.321	0.111	0.186	0.154	0.0	0.188	0.196	0.202	0.172	0.126	0.303	0.212	0.2	0.202	0.0	
Chromosome	1786488	C	T	0.0	0.242	0.0	0.0	0.0	0.007	0.0	0.0	0.0	0.0	0.005	0.0	0.0	0.0	0.0	0.0	0.0	0.0	0.0	0.0	0.0	0.0	0.0	0.0	0.004	0.0	0.0	0.0	0.0	0.006	0.0	0.0	0.0	0.0	0.0	0.0	0.0	0.0	0.0	0.0	0.0	0.0	0.0	0.0	0.0	0.0	0.0	0.0	0.0	0.0	0.006	0.0	0.0	0.0	0.0	0.0	0.0	0.0	0.0	0.002	0.0	0.0	0.0	0.0	0.0	0.0	0.0	0.0	0.0	
Chromosome	2154684	A	C	0.121	0.173	0.0	0.093	0.091	0.229	0.244	0.25	0.191	0.211	0.185	0.166	0.17	0.116	0.126	0.193	0.22	0.242	0.335	0.162	0.229	0.196	0.227	0.176	0.184	0.141	0.155	0.101	0.142	0.0	0.181	0.217	0.134	0.013	0.182	0.084	0.077	0.086	0.211	0.224	0.244	0.088	0.105	0.099	0.111	0.089	0.112	0.217	0.227	0.209	0.192	0.223	0.219	0.286	0.241	0.346	0.211	0.153	0.0	0.116	0.13	0.093	0.13	0.135	0.153	0.123	0.096	0.109	0.0	
Chromosome	2195144	T	G	0.142	0.187	0.006	0.068	0.092	0.217	0.177	0.189	0.099	0.226	0.268	0.225	0.162	0.072	0.084	0.129	0.1	0.244	0.254	0.201	0.19	0.203	0.194	0.234	0.093	0.124	0.058	0.129	0.163	0.0	0.202	0.254	0.218	0.006	0.251	0.164	0.174	0.063	0.107	0.083	0.205	0.161	0.17	0.181	0.164	0.145	0.177	0.233	0.247	0.229	0.25	0.221	0.208	0.22	0.191	0.147	0.07	0.083	0.0	0.171	0.199	0.159	0.15	0.156	0.186	0.196	0.16	0.124	0.0	
Chromosome	2200048	A	T	0.0	0.215	0.0	0.0	0.0	0.0	0.008	0.0	0.0	0.0	0.005	0.008	0.004	0.0	0.0	0.004	0.0	0.0	0.007	0.014	0.007	0.011	0.0	0.0	0.0	0.004	0.0	0.0	0.0	0.0	0.0	0.005	0.005	0.0	0.006	0.0	0.0	0.0	0.0	0.0	0.0	0.0	0.007	0.0	0.0	0.003	0.0	0.009	0.0	0.0	0.011	0.006	0.015	0.007	0.0	0.0	0.0	0.0	0.0	0.0	0.0	0.003	0.0	0.0	0.0	0.0	0.005	0.0	0.0	
Chromosome	2579189	A	C	0.173	0.303	0.0	0.226	0.134	0.268	0.276	0.242	0.322	0.271	0.222	0.31	0.219	0.219	0.213	0.261	0.246	0.282	0.237	0.297	0.183	0.206	0.319	0.253	0.25	0.187	0.23	0.232	0.224	0.006	0.273	0.263	0.274	0.0	0.395	0.248	0.226	0.202	0.275	0.243	0.239	0.21	0.225	0.223	0.277	0.259	0.226	0.283	0.34	0.287	0.219	0.263	0.281	0.333	0.308	0.238	0.256	0.256	0.0	0.225	0.219	0.226	0.154	0.254	0.234	0.26	0.238	0.244	0.013	
Chromosome	2794622	A	C	0.105	0.155	0.012	0.123	0.072	0.139	0.187	0.188	0.168	0.172	0.177	0.178	0.088	0.08	0.105	0.192	0.193	0.205	0.198	0.168	0.164	0.145	0.173	0.197	0.249	0.132	0.128	0.111	0.126	0.006	0.188	0.135	0.164	0.0	0.156	0.089	0.105	0.088	0.131	0.144	0.177	0.102	0.077	0.077	0.057	0.105	0.106	0.162	0.188	0.185	0.234	0.217	0.209	0.219	0.172	0.319	0.214	0.16	0.0	0.08	0.072	0.092	0.126	0.114	0.117	0.072	0.086	0.084	0.014	
Chromosome	2952396	T	G	0.089	0.168	0.0	0.096	0.085	0.217	0.175	0.175	0.207	0.18	0.152	0.203	0.18	0.095	0.114	0.259	0.289	0.123	0.199	0.264	0.271	0.257	0.11	0.21	0.172	0.144	0.122	0.151	0.14	0.005	0.139	0.194	0.109	0.0	0.186	0.086	0.082	0.087	0.18	0.169	0.21	0.06	0.105	0.056	0.063	0.09	0.12	0.186	0.203	0.243	0.2	0.145	0.219	0.211	0.21	0.182	0.209	0.188	0.0	0.096	0.073	0.061	0.136	0.102	0.103	0.051	0.091	0.075	0.0	
Chromosome	3015770	T	G	0.072	0.095	0.0	0.079	0.0	0.184	0.168	0.151	0.087	0.109	0.135	0.078	0.051	0.086	0.042	0.092	0.086	0.171	0.192	0.122	0.135	0.167	0.125	0.062	0.057	0.058	0.032	0.024	0.032	0.012	0.109	0.083	0.116	0.0	0.136	0.034	0.056	0.045	0.074	0.059	0.135	0.081	0.088	0.086	0.059	0.076	0.063	0.155	0.117	0.168	0.133	0.171	0.107	0.212	0.111	0.14	0.027	0.093	0.0	0.099	0.078	0.06	0.064	0.034	0.084	0.047	0.068	0.072	0.0	
Chromosome	3030967	A	C	0.347	0.394	0.0	0.456	0.255	0.5	0.368	0.451	0.587	0.396	0.345	0.489	0.437	0.421	0.388	0.566	0.676	0.512	0.409	0.514	0.563	0.43	0.37	0.488	0.567	0.506	0.368	0.451	0.35	0.0	0.375	0.446	0.483	0.007	0.438	0.307	0.314	0.456	0.586	0.61	0.54	0.34	0.377	0.383	0.337	0.331	0.378	0.623	0.525	0.565	0.522	0.614	0.5	0.455	0.6	0.634	0.724	0.594	0.0	0.359	0.361	0.402	0.407	0.389	0.368	0.286	0.403	0.299	0.0	
Chromosome	3123419	A	C	0.066	0.195	0.0	0.117	0.038	0.163	0.164	0.202	0.122	0.132	0.169	0.154	0.111	0.086	0.057	0.139	0.181	0.183	0.142	0.163	0.156	0.182	0.123	0.145	0.134	0.113	0.084	0.097	0.073	0.0	0.143	0.15	0.112	0.0	0.125	0.053	0.05	0.058	0.206	0.163	0.132	0.048	0.065	0.077	0.051	0.041	0.065	0.117	0.118	0.252	0.191	0.187	0.133	0.16	0.174	0.208	0.126	0.105	0.008	0.075	0.07	0.049	0.095	0.087	0.071	0.055	0.044	0.049	0.009	
Chromosome	3123426	T	G	0.146	0.237	0.007	0.176	0.126	0.244	0.243	0.258	0.263	0.228	0.21	0.237	0.243	0.218	0.161	0.27	0.245	0.343	0.197	0.273	0.209	0.254	0.204	0.286	0.241	0.283	0.173	0.237	0.205	0.006	0.287	0.24	0.205	0.0	0.195	0.135	0.095	0.131	0.256	0.257	0.206	0.154	0.163	0.142	0.155	0.113	0.163	0.248	0.169	0.377	0.25	0.245	0.33	0.227	0.246	0.348	0.246	0.188	0.0	0.189	0.178	0.115	0.226	0.19	0.214	0.123	0.119	0.135	0.0	
Chromosome	3479904	A	C	0.063	0.164	0.0	0.074	0.018	0.11	0.196	0.095	0.076	0.123	0.171	0.11	0.117	0.068	0.065	0.065	0.067	0.127	0.168	0.197	0.106	0.128	0.092	0.157	0.07	0.077	0.07	0.071	0.077	0.0	0.14	0.158	0.114	0.0	0.123	0.066	0.086	0.079	0.073	0.082	0.14	0.087	0.093	0.059	0.097	0.092	0.092	0.11	0.112	0.172	0.165	0.174	0.169	0.093	0.179	0.088	0.103	0.073	0.014	0.097	0.086	0.101	0.069	0.042	0.103	0.111	0.083	0.056	0.008	
Chromosome	3973377	T	G	0.097	0.164	0.0	0.073	0.083	0.11	0.071	0.084	0.129	0.116	0.13	0.105	0.134	0.154	0.101	0.064	0.089	0.096	0.135	0.107	0.105	0.087	0.087	0.138	0.119	0.165	0.145	0.113	0.143	0.0	0.109	0.085	0.119	0.0	0.135	0.083	0.096	0.096	0.141	0.109	0.071	0.081	0.058	0.09	0.083	0.102	0.105	0.113	0.115	0.106	0.108	0.108	0.061	0.106	0.15	0.259	0.104	0.082	0.0	0.103	0.104	0.04	0.15	0.135	0.133	0.104	0.05	0.084	0.0	
Chromosome	4143094	G	A	0.0	0.438	0.586	0.182	0.0	0.0	0.0	0.0	0.0	0.0	0.011	0.0	0.004	0.0	0.0	0.0	0.0	0.0	0.0	0.0	0.0	0.0	0.0	0.0	0.0	0.0	0.0	0.0	0.0	0.0	0.24	0.207	0.168	0.764	0.0	0.003	0.0	0.0	0.0	0.0	0.0	0.0	0.0	0.0	0.0	0.0	0.0	0.0	0.0	0.0	0.0	0.0	0.0	0.0	0.0	0.0	0.0	0.0	0.0	0.0	0.0	0.0	0.0	0.0	0.0	0.0	0.0	0.0	0.164	
Chromosome	4214321	G	T	0.529	0.512	0.497	0.522	0.434	0.504	0.535	0.506	0.488	0.49	0.508	0.522	0.467	0.508	0.486	0.461	0.44	0.5	0.562	0.546	0.516	0.506	0.475	0.489	0.518	0.512	0.491	0.538	0.498	0.48	0.489	0.498	0.535	0.55	0.536	0.505	0.515	0.537	0.542	0.471	0.535	0.499	0.522	0.532	0.509	0.501	0.518	0.532	0.496	0.437	0.482	0.494	0.488	0.547	0.609	0.667	0.516	0.494	0.327	0.527	0.502	0.5	0.52	0.555	0.518	0.497	0.481	0.394	0.498	
Chromosome	4214326	C	A	0.527	0.52	0.501	0.527	0.448	0.506	0.551	0.508	0.494	0.501	0.496	0.524	0.477	0.511	0.498	0.472	0.443	0.506	0.555	0.525	0.537	0.51	0.476	0.49	0.5	0.517	0.491	0.534	0.5	0.482	0.477	0.503	0.535	0.554	0.536	0.506	0.524	0.531	0.543	0.486	0.537	0.498	0.516	0.526	0.513	0.503	0.516	0.544	0.495	0.458	0.492	0.5	0.477	0.562	0.611	0.663	0.526	0.493	0.332	0.53	0.503	0.497	0.512	0.551	0.514	0.503	0.483	0.401	0.495	
Chromosome	4214347	A	C	0.51	0.532	0.512	0.532	0.466	0.518	0.532	0.519	0.506	0.494	0.484	0.535	0.484	0.495	0.491	0.475	0.473	0.508	0.556	0.527	0.529	0.528	0.512	0.494	0.5	0.506	0.496	0.54	0.508	0.468	0.473	0.529	0.541	0.544	0.526	0.494	0.504	0.538	0.542	0.482	0.535	0.503	0.512	0.533	0.514	0.48	0.518	0.546	0.514	0.481	0.492	0.522	0.485	0.571	0.582	0.647	0.551	0.508	0.343	0.538	0.495	0.504	0.507	0.542	0.519	0.492	0.466	0.412	0.475	
Chromosome	4214560	C	A	0.452	0.496	0.524	0.498	0.533	0.441	0.444	0.525	0.503	0.477	0.478	0.474	0.465	0.518	0.466	0.465	0.544	0.5	0.53	0.506	0.48	0.485	0.401	0.533	0.478	0.449	0.475	0.494	0.517	0.463	0.458	0.491	0.505	0.538	0.511	0.494	0.476	0.515	0.485	0.48	0.481	0.502	0.45	0.481	0.478	0.497	0.486	0.431	0.453	0.479	0.42	0.509	0.468	0.49	0.472	0.509	0.462	0.494	0.408	0.494	0.506	0.43	0.49	0.489	0.515	0.442	0.432	0.326	0.498	
Chromosome	4214572	C	A	0.459	0.5	0.548	0.488	0.519	0.416	0.429	0.502	0.494	0.471	0.486	0.465	0.464	0.508	0.467	0.451	0.538	0.486	0.514	0.496	0.482	0.498	0.408	0.527	0.469	0.444	0.472	0.473	0.501	0.47	0.462	0.489	0.509	0.53	0.513	0.481	0.454	0.519	0.485	0.465	0.478	0.489	0.451	0.479	0.477	0.504	0.485	0.459	0.452	0.473	0.412	0.48	0.455	0.479	0.473	0.522	0.462	0.486	0.406	0.493	0.489	0.426	0.493	0.501	0.512	0.44	0.42	0.324	0.495	
Chromosome	4214624	G	T	0.448	0.444	0.507	0.467	0.487	0.407	0.436	0.455	0.444	0.45	0.447	0.459	0.435	0.469	0.439	0.447	0.524	0.416	0.5	0.464	0.442	0.441	0.378	0.51	0.412	0.391	0.45	0.471	0.45	0.407	0.434	0.451	0.476	0.503	0.453	0.439	0.427	0.477	0.418	0.416	0.428	0.461	0.421	0.448	0.435	0.464	0.448	0.438	0.421	0.397	0.385	0.465	0.392	0.463	0.462	0.491	0.472	0.401	0.378	0.451	0.436	0.409	0.476	0.485	0.462	0.409	0.377	0.333	0.511	
Chromosome	4214739	G	GT	0.34	0.309	0.357	0.306	0.395	0.304	0.332	0.352	0.324	0.364	0.304	0.32	0.338	0.351	0.336	0.368	0.472	0.392	0.342	0.38	0.312	0.339	0.353	0.34	0.358	0.313	0.303	0.316	0.331	0.327	0.332	0.362	0.287	0.317	0.332	0.332	0.321	0.353	0.327	0.388	0.339	0.358	0.305	0.333	0.32	0.334	0.355	0.331	0.371	0.301	0.321	0.371	0.324	0.352	0.367	0.535	0.391	0.331	0.26	0.338	0.314	0.329	0.36	0.327	0.316	0.303	0.304	0.266	0.329	
Chromosome	4214852	A	AGCAATGATCAATACCTGTGGATGAG	0.06	0.066	0.097	0.015	0.074	0.043	0.078	0.072	0.05	0.058	0.023	0.048	0.056	0.076	0.083	0.069	0.07	0.099	0.049	0.107	0.048	0.074	0.046	0.047	0.057	0.059	0.07	0.045	0.05	0.022	0.065	0.047	0.037	0.051	0.087	0.069	0.061	0.07	0.066	0.067	0.066	0.062	0.073	0.066	0.044	0.084	0.064	0.024	0.074	0.088	0.054	0.039	0.026	0.069	0.048	0.065	0.06	0.058	0.082	0.057	0.058	0.053	0.058	0.067	0.049	0.073	0.054	0.058	0.045	
Chromosome	4317023	T	G	0.074	0.16	0.0	0.09	0.015	0.245	0.196	0.138	0.156	0.167	0.13	0.155	0.064	0.053	0.074	0.114	0.081	0.161	0.141	0.182	0.201	0.161	0.169	0.131	0.119	0.061	0.108	0.071	0.071	0.004	0.116	0.118	0.142	0.0	0.174	0.054	0.049	0.061	0.118	0.116	0.134	0.09	0.097	0.054	0.077	0.096	0.073	0.172	0.123	0.174	0.158	0.167	0.137	0.136	0.17	0.18	0.123	0.05	0.0	0.079	0.068	0.036	0.061	0.081	0.079	0.075	0.053	0.059	0.0	
Chromosome	4338920	A	C	0.128	0.176	0.006	0.018	0.061	0.126	0.164	0.142	0.011	0.192	0.208	0.148	0.062	0.055	0.037	0.016	0.034	0.181	0.188	0.184	0.188	0.104	0.222	0.165	0.034	0.056	0.04	0.044	0.052	0.0	0.131	0.201	0.167	0.006	0.127	0.108	0.125	0.025	0.017	0.03	0.172	0.102	0.099	0.136	0.153	0.101	0.123	0.157	0.113	0.106	0.223	0.128	0.142	0.157	0.098	0.027	0.01	0.048	0.0	0.118	0.086	0.103	0.068	0.067	0.144	0.106	0.118	0.076	0.0	
Chromosome	4738601	T	G	0.179	0.241	0.0	0.188	0.07	0.196	0.211	0.261	0.184	0.199	0.215	0.208	0.181	0.141	0.131	0.231	0.247	0.348	0.21	0.277	0.194	0.268	0.255	0.246	0.207	0.138	0.145	0.158	0.209	0.0	0.202	0.177	0.219	0.011	0.212	0.157	0.132	0.082	0.258	0.21	0.297	0.152	0.193	0.133	0.133	0.138	0.187	0.25	0.208	0.254	0.261	0.229	0.239	0.279	0.229	0.2	0.233	0.288	0.0	0.134	0.163	0.163	0.163	0.142	0.234	0.193	0.164	0.15	0.006	
Chromosome	4772131	C	CG	0.0	0.213	0.0	0.0	0.0	0.0	0.0	0.0	0.0	0.0	0.0	0.0	0.0	0.0	0.0	0.0	0.0	0.0	0.0	0.0	0.0	0.0	0.0	0.0	0.0	0.0	0.005	0.0	0.0	0.0	0.005	0.0	0.0	0.0	0.0	0.0	0.0	0.0	0.0	0.0	0.0	0.0	0.0	0.0	0.0	0.0	0.0	0.0	0.0	0.0	0.0	0.0	0.0	0.0	0.0	0.0	0.0	0.0	0.0	0.0	0.0	0.0	0.0	0.0	0.0	0.0	0.0	0.0	0.0	
Chromosome	4987024	A	C	0.1	0.136	0.0	0.085	0.072	0.16	0.167	0.115	0.208	0.107	0.093	0.142	0.058	0.081	0.074	0.128	0.148	0.221	0.16	0.151	0.195	0.129	0.154	0.144	0.171	0.067	0.078	0.069	0.056	0.0	0.115	0.076	0.133	0.0	0.113	0.069	0.064	0.065	0.181	0.166	0.155	0.098	0.064	0.068	0.07	0.039	0.068	0.162	0.142	0.168	0.206	0.138	0.103	0.214	0.262	0.125	0.138	0.135	0.0	0.053	0.062	0.051	0.078	0.063	0.106	0.053	0.058	0.052	0.007	
Chromosome	5258409	A	ACC	0.0	0.212	0.0	0.0	0.0	0.0	0.0	0.0	0.0	0.0	0.0	0.0	0.0	0.0	0.0	0.0	0.0	0.0	0.0	0.0	0.0	0.0	0.0	0.0	0.0	0.0	0.0	0.0	0.0	0.0	0.0	0.0	0.0	0.0	0.0	0.0	0.0	0.0	0.0	0.0	0.0	0.0	0.0	0.0	0.0	0.0	0.0	0.0	0.0	0.0	0.0	0.0	0.0	0.0	0.0	0.0	0.0	0.0	0.0	0.0	0.0	0.0	0.0	0.0	0.0	0.0	0.0	0.0	0.0	
Chromosome	5359307	A	C	0.12	0.197	0.005	0.142	0.051	0.295	0.265	0.266	0.089	0.15	0.182	0.175	0.149	0.141	0.12	0.105	0.148	0.242	0.268	0.265	0.267	0.25	0.301	0.241	0.127	0.13	0.121	0.099	0.113	0.005	0.205	0.227	0.258	0.0	0.231	0.131	0.147	0.071	0.127	0.142	0.215	0.163	0.119	0.131	0.145	0.132	0.149	0.25	0.301	0.293	0.333	0.247	0.211	0.302	0.34	0.093	0.115	0.121	0.0	0.134	0.144	0.091	0.115	0.132	0.16	0.144	0.123	0.108	0.0	
Chromosome	5512267	A	C	0.136	0.26	0.005	0.164	0.136	0.148	0.275	0.185	0.193	0.247	0.181	0.204	0.122	0.205	0.17	0.194	0.214	0.205	0.27	0.237	0.228	0.226	0.227	0.195	0.233	0.173	0.184	0.201	0.177	0.0	0.181	0.201	0.176	0.006	0.208	0.138	0.15	0.116	0.181	0.239	0.144	0.131	0.143	0.133	0.116	0.126	0.154	0.179	0.237	0.242	0.247	0.222	0.264	0.202	0.262	0.289	0.301	0.2	0.005	0.129	0.12	0.087	0.192	0.169	0.136	0.123	0.111	0.126	0.0	
Chromosome	5521106	A	C	0.049	0.11	0.006	0.121	0.036	0.13	0.189	0.122	0.146	0.126	0.139	0.124	0.078	0.068	0.053	0.158	0.144	0.132	0.13	0.162	0.131	0.142	0.173	0.123	0.136	0.086	0.057	0.058	0.071	0.0	0.078	0.071	0.133	0.0	0.138	0.068	0.08	0.056	0.139	0.127	0.163	0.058	0.081	0.051	0.059	0.059	0.072	0.176	0.195	0.212	0.2	0.144	0.163	0.19	0.204	0.057	0.145	0.105	0.004	0.053	0.072	0.077	0.109	0.093	0.082	0.077	0.051	0.078	0.0	
Chromosome	5680183	T	G	0.0	0.226	0.0	0.0	0.0	0.0	0.0	0.0	0.0	0.0	0.0	0.0	0.004	0.0	0.0	0.0	0.0	0.0	0.006	0.0	0.0	0.0	0.0	0.0	0.0	0.0	0.0	0.0	0.003	0.005	0.0	0.0	0.0	0.0	0.0	0.0	0.0	0.0	0.0	0.0	0.0	0.003	0.0	0.003	0.0	0.0	0.0	0.0	0.005	0.0	0.0	0.005	0.0	0.0	0.0	0.0	0.0	0.003	0.0	0.002	0.0	0.0	0.0	0.0	0.0	0.0	0.002	0.0	0.0	
Chromosome	5897510	T	G	0.078	0.14	0.005	0.124	0.09	0.138	0.074	0.095	0.086	0.132	0.09	0.123	0.094	0.078	0.112	0.057	0.174	0.109	0.125	0.075	0.055	0.073	0.091	0.083	0.132	0.115	0.119	0.126	0.112	0.005	0.114	0.081	0.128	0.0	0.167	0.085	0.1	0.071	0.136	0.108	0.087	0.069	0.121	0.092	0.072	0.059	0.094	0.11	0.063	0.053	0.085	0.105	0.097	0.081	0.098	0.063	0.078	0.091	0.0	0.118	0.117	0.123	0.107	0.07	0.068	0.081	0.124	0.119	0.0	
Chromosome	5939331	T	G	0.153	0.215	0.0	0.083	0.062	0.29	0.182	0.317	0.126	0.208	0.176	0.195	0.166	0.168	0.132	0.123	0.042	0.214	0.3	0.291	0.227	0.261	0.259	0.22	0.148	0.133	0.12	0.116	0.168	0.0	0.197	0.209	0.195	0.007	0.239	0.155	0.195	0.073	0.089	0.139	0.177	0.148	0.178	0.174	0.158	0.17	0.189	0.233	0.267	0.262	0.258	0.286	0.255	0.273	0.257	0.125	0.138	0.11	0.013	0.146	0.164	0.131	0.132	0.121	0.19	0.136	0.176	0.134	0.0	
Chromosome	6273839	T	G	0.09	0.178	0.0	0.103	0.069	0.213	0.169	0.151	0.119	0.107	0.072	0.176	0.123	0.055	0.078	0.149	0.11	0.18	0.21	0.226	0.16	0.193	0.151	0.155	0.104	0.088	0.073	0.093	0.093	0.0	0.12	0.137	0.14	0.007	0.136	0.079	0.109	0.084	0.122	0.146	0.142	0.088	0.065	0.085	0.057	0.086	0.091	0.096	0.16	0.23	0.154	0.237	0.137	0.184	0.154	0.161	0.179	0.092	0.0	0.119	0.096	0.077	0.083	0.037	0.116	0.09	0.091	0.081	0.0	
Chromosome	6336520	T	G	0.244	0.409	0.017	0.256	0.276	0.378	0.288	0.297	0.35	0.317	0.281	0.321	0.312	0.4	0.35	0.315	0.571	0.4	0.316	0.278	0.293	0.39	0.352	0.407	0.392	0.328	0.381	0.292	0.258	0.005	0.323	0.296	0.347	0.013	0.339	0.246	0.307	0.324	0.34	0.286	0.416	0.335	0.325	0.268	0.246	0.397	0.282	0.415	0.356	0.308	0.3	0.413	0.348	0.358	0.269	0.643	0.367	0.391	0.005	0.317	0.296	0.269	0.343	0.368	0.331	0.288	0.281	0.346	0.0	
Chromosome	6336525	T	G	0.174	0.292	0.0	0.074	0.168	0.2	0.203	0.231	0.182	0.28	0.198	0.217	0.129	0.182	0.165	0.125	0.19	0.263	0.296	0.276	0.293	0.256	0.293	0.248	0.106	0.113	0.113	0.085	0.106	0.005	0.228	0.264	0.297	0.0	0.254	0.168	0.202	0.067	0.132	0.154	0.233	0.206	0.212	0.163	0.139	0.21	0.222	0.348	0.145	0.299	0.225	0.312	0.273	0.214	0.227	0.125	0.167	0.103	0.0	0.251	0.186	0.166	0.179	0.194	0.174	0.148	0.194	0.139	0.0	
Chromosome	6336529	A	C	0.121	0.202	0.0	0.013	0.022	0.274	0.284	0.228	0.048	0.167	0.188	0.147	0.047	0.05	0.047	0.062	0.083	0.273	0.229	0.193	0.25	0.287	0.33	0.346	0.071	0.049	0.073	0.028	0.033	0.0	0.175	0.186	0.197	0.0	0.208	0.111	0.135	0.02	0.014	0.048	0.218	0.164	0.164	0.135	0.075	0.184	0.141	0.266	0.274	0.296	0.212	0.247	0.167	0.264	0.25	0.0	0.13	0.045	0.0	0.152	0.141	0.137	0.051	0.029	0.15	0.127	0.172	0.159	0.0	
Chromosome	6687524	T	G	0.332	0.444	0.012	0.245	0.115	0.434	0.459	0.475	0.46	0.342	0.451	0.34	0.288	0.226	0.232	0.425	0.429	0.333	0.458	0.512	0.505	0.57	0.53	0.45	0.446	0.277	0.215	0.257	0.276	0.0	0.447	0.368	0.432	0.0	0.394	0.27	0.319	0.195	0.291	0.372	0.348	0.285	0.314	0.265	0.299	0.311	0.257	0.525	0.611	0.5	0.592	0.5	0.578	0.471	0.426	0.429	0.311	0.333	0.004	0.296	0.303	0.247	0.204	0.318	0.328	0.289	0.293	0.267	0.005	
Chromosome	6778445	A	C	0.117	0.263	0.211	0.19	0.106	0.236	0.159	0.199	0.245	0.182	0.18	0.221	0.224	0.193	0.236	0.3	0.27	0.214	0.214	0.144	0.16	0.269	0.287	0.244	0.26	0.239	0.215	0.223	0.219	0.146	0.205	0.268	0.227	0.218	0.211	0.145	0.135	0.188	0.273	0.271	0.198	0.169	0.141	0.178	0.162	0.211	0.164	0.23	0.25	0.295	0.179	0.209	0.182	0.215	0.148	0.369	0.254	0.265	0.182	0.191	0.181	0.17	0.234	0.23	0.232	0.159	0.145	0.203	0.226	
Chromosome	6778451	T	A	0.231	0.188	0.0	0.224	0.236	0.227	0.189	0.231	0.142	0.185	0.153	0.211	0.196	0.209	0.183	0.23	0.196	0.257	0.206	0.159	0.182	0.186	0.284	0.204	0.174	0.176	0.233	0.218	0.208	0.0	0.16	0.224	0.202	0.0	0.171	0.263	0.252	0.286	0.208	0.19	0.176	0.241	0.287	0.263	0.245	0.205	0.254	0.202	0.194	0.181	0.16	0.152	0.219	0.211	0.164	0.206	0.12	0.188	0.0	0.216	0.232	0.208	0.181	0.185	0.248	0.246	0.282	0.229	0.0	
Chromosome	6778460	G	C	0.212	0.284	0.18	0.243	0.152	0.338	0.173	0.278	0.264	0.234	0.211	0.276	0.235	0.201	0.232	0.358	0.265	0.246	0.25	0.16	0.228	0.245	0.333	0.237	0.235	0.218	0.175	0.237	0.224	0.089	0.212	0.275	0.257	0.149	0.235	0.211	0.207	0.267	0.292	0.239	0.268	0.248	0.245	0.258	0.281	0.258	0.229	0.297	0.248	0.315	0.241	0.226	0.259	0.266	0.208	0.418	0.265	0.258	0.146	0.238	0.255	0.228	0.238	0.203	0.283	0.266	0.236	0.237	0.13	
Chromosome	6869287	C	G	0.099	0.173	0.0	0.079	0.042	0.14	0.131	0.177	0.08	0.115	0.149	0.225	0.073	0.106	0.086	0.101	0.094	0.087	0.154	0.168	0.156	0.165	0.16	0.157	0.1	0.092	0.069	0.09	0.088	0.0	0.164	0.164	0.159	0.0	0.167	0.164	0.139	0.07	0.062	0.08	0.139	0.085	0.139	0.14	0.108	0.106	0.138	0.137	0.146	0.169	0.153	0.17	0.133	0.143	0.215	0.146	0.117	0.057	0.0	0.124	0.129	0.16	0.063	0.08	0.154	0.113	0.074	0.134	0.0	
Chromosome	6869288	C	G	0.067	0.138	0.0	0.029	0.037	0.085	0.072	0.092	0.029	0.111	0.101	0.129	0.025	0.059	0.029	0.067	0.054	0.076	0.073	0.106	0.068	0.094	0.117	0.127	0.09	0.048	0.018	0.056	0.044	0.0	0.124	0.102	0.121	0.0	0.14	0.063	0.059	0.031	0.033	0.037	0.088	0.056	0.062	0.082	0.056	0.081	0.067	0.072	0.105	0.084	0.115	0.108	0.071	0.114	0.14	0.125	0.081	0.042	0.0	0.081	0.066	0.07	0.032	0.04	0.08	0.047	0.047	0.053	0.0	
Chromosome	6869289	T	G	0.16	0.223	0.009	0.096	0.08	0.201	0.159	0.192	0.123	0.185	0.232	0.236	0.115	0.135	0.133	0.136	0.137	0.143	0.227	0.258	0.224	0.19	0.246	0.192	0.199	0.118	0.08	0.133	0.132	0.0	0.235	0.195	0.21	0.0	0.265	0.196	0.178	0.126	0.144	0.107	0.201	0.168	0.158	0.208	0.141	0.135	0.18	0.194	0.211	0.192	0.223	0.245	0.165	0.226	0.279	0.25	0.191	0.14	0.0	0.183	0.155	0.206	0.114	0.111	0.207	0.147	0.142	0.172	0.0	
Chromosome	6869291	GTACTC	G	0.003	0.016	0.018	0.016	0.043	0.013	0.014	0.0	0.044	0.0	0.006	0.014	0.032	0.071	0.048	0.047	0.049	0.019	0.0	0.0	0.02	0.006	0.012	0.022	0.074	0.043	0.025	0.058	0.055	0.009	0.0	0.005	0.004	0.004	0.0	0.012	0.006	0.04	0.023	0.034	0.005	0.006	0.007	0.009	0.011	0.006	0.006	0.016	0.0	0.006	0.0	0.013	0.0	0.006	0.015	0.085	0.073	0.044	0.013	0.01	0.005	0.009	0.058	0.042	0.019	0.023	0.01	0.009	0.007	
Chromosome	6869301	A	C	0.088	0.159	0.0	0.023	0.011	0.139	0.109	0.123	0.032	0.124	0.134	0.149	0.023	0.043	0.032	0.04	0.037	0.096	0.161	0.145	0.161	0.072	0.134	0.114	0.016	0.061	0.058	0.042	0.032	0.0	0.138	0.111	0.128	0.0	0.133	0.102	0.076	0.045	0.03	0.034	0.097	0.099	0.088	0.112	0.099	0.079	0.086	0.16	0.082	0.09	0.122	0.151	0.144	0.119	0.145	0.103	0.043	0.034	0.0	0.11	0.084	0.107	0.035	0.064	0.122	0.077	0.08	0.079	0.0	
Chromosome	6911124	G	GC	0.0	0.183	0.0	0.0	0.0	0.0	0.0	0.0	0.0	0.0	0.0	0.0	0.0	0.0	0.0	0.0	0.0	0.0	0.0	0.0	0.0	0.0	0.0	0.0	0.0	0.0	0.0	0.0	0.0	0.0	0.0	0.0	0.0	0.0	0.0	0.0	0.0	0.0	0.0	0.0	0.0	0.0	0.0	0.0	0.0	0.0	0.0	0.0	0.0	0.0	0.0	0.0	0.0	0.0	0.0	0.0	0.0	0.0	0.0	0.0	0.0	0.0	0.0	0.0	0.0	0.0	0.0	0.0	0.0	
